0 0.338242 0.039687999999999946 0.053802 0.024114
0 0.272748 0.07276400000000005 0.056968 0.028254
0 0.335714 0.07155599999999995 0.052528 0.027224
0 0.27844 0.10428199999999999 0.051912 0.025838
0 0.281912 0.1373439999999999 0.051296 0.025838
0 0.28255 0.16957 0.046242 0.024114
0 0.341428 0.10549000000000008 0.048748 0.025478
0 0.340462 0.13666200000000006 0.048132 0.023756
0 0.344572 0.168528 0.047472 0.025478
0 0.400286 0.07138800000000001 0.046198 0.026172
0 0.404088 0.10411400000000004 0.053802 0.024114
0 0.405648 0.13701000000000008 0.049362 0.022392
0 0.40789 0.16869599999999996 0.046198 0.023086
0 0.458198 0.037965999999999944 0.048088 0.024784
0 0.462308 0.07103999999999999 0.051296 0.025478
0 0.46699 0.10324200000000006 0.048 0.025144
0 0.466726 0.13580199999999998 0.047472 0.026866
0 0.470858 0.16698600000000008 0.048088 0.025838
0 0.522132 0.03710600000000008 0.048132 0.025838
0 0.525604 0.0698319999999999 0.048748 0.025838
0 0.526858 0.10169800000000007 0.053802 0.02756
0 0.527824 0.134258 0.048088 0.02378
0 0.529406 0.1680140000000001 0.048704 0.025838
0 0.581626 0.036076 0.051868 0.027224
0 0.586682 0.06794199999999995 0.050638 0.026172
0 0.590484 0.10187799999999991 0.054462 0.026532
0 0.592352 0.134606 0.053098 0.025144
0 0.592704 0.1659440000000001 0.053802 0.027918
0 0.64556 0.03642400000000001 0.049362 0.025144
0 0.648726 0.06879199999999996 0.048132 0.026532
0 0.649978 0.10014400000000001 0.050638 0.025838
0 0.65156 0.13149600000000006 0.050022 0.024474
0 0.65633 0.16697399999999996 0.049362 0.026532
0 0.709494 0.035897999999999985 0.048088 0.025478
0 0.710748 0.06741599999999992 0.048132 0.02445
0 0.712968 0.09963000000000011 0.052572 0.022034
0 0.71455 0.13442599999999993 0.053186 0.023444
0 0.717406 0.16491600000000006 0.050022 0.026532
0 0.769934 0.03503600000000007 0.052572 0.025144
0 0.776902 0.06759599999999999 0.051296 0.024808
0 0.774682 0.10014400000000001 0.050638 0.025838
0 0.775626 0.13407799999999992 0.046198 0.025478
0 0.782286 0.16561000000000003 0.053186 0.024474
0 0.835758 0.03400800000000004 0.051296 0.024474
0 0.839868 0.066052 0.053186 0.022392
0 0.83734 0.09911399999999992 0.051912 0.025168
0 0.836704 0.13081399999999999 0.054418 0.02378
0 0.840814 0.1635279999999999 0.046198 0.025144
0 0.896836 0.03296600000000005 0.046858 0.02445
0 0.899054 0.06535800000000003 0.046198 0.02378
0 0.90066 0.09843399999999991 0.050638 0.026532
0 0.902242 0.13028799999999996 0.053802 0.026172
0 0.903802 0.1625000000000001 0.049362 0.026532
0 0.961076 0.03228399999999998 0.048748 0.025144
0 0.96299 0.06433 0.051252 0.025838
0 0.96077 0.096352 0.048132 0.025144
0 0.964242 0.1296060000000001 0.048748 0.025478
0 0.965516 0.1625000000000001 0.048748 0.023086
0 0.28699 0.21660199999999996 0.046418 0.023254
0 0.290154 0.24947399999999997 0.042198 0.02067
0 0.290946 0.2803340000000001 0.04589 0.023254
0 0.296462 0.31205799999999995 0.042154 0.021818
0 0.349494 0.21617200000000003 0.04378 0.024688
0 0.354242 0.24861200000000006 0.04589 0.02067
0 0.356352 0.279474 0.044836 0.021532
0 0.357384 0.3110520000000001 0.042682 0.021532
0 0.359516 0.34291800000000006 0.042726 0.023254
0 0.410682 0.21617200000000003 0.040616 0.021244
0 0.415142 0.24832600000000005 0.042154 0.02067
0 0.417274 0.2786120000000001 0.043252 0.021532
0 0.41699 0.31091 0.045846 0.02354
0 0.473978 0.2160280000000001 0.04167 0.02268
0 0.47688 0.24689000000000005 0.043252 0.02354
0 0.47712 0.27732 0.042682 0.024114
0 0.482418 0.3090440000000001 0.04378 0.02268
0 0.485318 0.342058 0.046418 0.024976
0 0.534374 0.21445000000000003 0.045362 0.024688
0 0.538858 0.2457419999999999 0.04378 0.022392
0 0.54123 0.27674599999999994 0.043252 0.02354
0 0.544132 0.3086120000000001 0.044836 0.025264
0 0.545164 0.34134 0.046902 0.026986
0 0.59688 0.21473600000000004 0.044836 0.024114
0 0.59899 0.24588600000000005 0.048 0.026698
0 0.600572 0.27602799999999994 0.049054 0.026124
0 0.60345 0.30889999999999995 0.051648 0.026412
0 0.607164 0.3389 0.046418 0.024976
0 0.65912 0.21445000000000003 0.040616 0.02354
0 0.659912 0.24531199999999997 0.045362 0.024976
0 0.663318 0.27674599999999994 0.046902 0.025264
0 0.664132 0.30732000000000004 0.044308 0.024402
0 0.66677 0.339904 0.046418 0.025264
0 0.720836 0.2128699999999999 0.044836 0.023254
0 0.722682 0.24445000000000006 0.048528 0.024976
0 0.723472 0.276602 0.049054 0.024976
0 0.724264 0.30803800000000003 0.044308 0.025264
0 0.727934 0.3383259999999999 0.043208 0.024402
0 0.78334 0.21315799999999996 0.044308 0.023254
0 0.782022 0.2440199999999999 0.044836 0.024688
0 0.784132 0.2754540000000001 0.044836 0.023828
0 0.789406 0.30803800000000003 0.044836 0.024114
0 0.788616 0.3383259999999999 0.045362 0.024402
0 0.845054 0.2128699999999999 0.044308 0.023254
0 0.846088 0.24488 0.043208 0.02067
0 0.847692 0.2747360000000001 0.043252 0.024114
0 0.848748 0.30660200000000004 0.046418 0.024688
0 0.851648 0.33875600000000006 0.049054 0.024688
0 0.905714 0.2104299999999999 0.044308 0.022392
0 0.905186 0.24229600000000007 0.043252 0.021244
0 0.90912 0.2737320000000001 0.046902 0.02555
0 0.91099 0.30430599999999997 0.045362 0.024688
0 0.912044 0.3368899999999999 0.046418 0.02268
0 0.967956 0.20957000000000003 0.045362 0.024688
0 0.969274 0.24215399999999998 0.044836 0.022106
0 0.971912 0.2754540000000001 0.04378 0.024402
0 0.97323 0.3051680000000001 0.044308 0.022966
0 0.97455 0.3368899999999999 0.042726 0.021532
0 0.364418 0.390358 0.045758 0.026172
0 0.425978 0.38861199999999996 0.045714 0.025838
0 0.427076 0.420312 0.042638 0.023684
0 0.487076 0.38861199999999996 0.043956 0.024402
0 0.490594 0.418876 0.043076 0.022728
0 0.489934 0.45093399999999995 0.044396 0.026076
0 0.547736 0.38789399999999996 0.041318 0.02201
0 0.550814 0.41815800000000003 0.047472 0.025598
0 0.55433 0.4496180000000001 0.05011 0.025358
0 0.55411 0.4796419999999999 0.05055 0.025598
0 0.609054 0.388374 0.042638 0.021532
0 0.611472 0.4173199999999999 0.042198 0.021532
0 0.612352 0.448302 0.042198 0.022728
0 0.616968 0.4796419999999999 0.045274 0.024642
0 0.616088 0.510502 0.047912 0.023206
0 0.670154 0.3877759999999999 0.041758 0.02177
0 0.671252 0.41768000000000005 0.046594 0.024162
0 0.675428 0.448302 0.042638 0.024162
0 0.676748 0.47935400000000006 0.044396 0.025024
0 0.677846 0.5103819999999999 0.044836 0.024402
0 0.730814 0.3863399999999999 0.038242 0.02177
0 0.73301 0.4172 0.042638 0.02177
0 0.73433 0.4481820000000001 0.04088 0.022488
0 0.736088 0.479282 0.041758 0.022966
0 0.739604 0.5106219999999999 0.041758 0.022966
0 0.792792 0.3858619999999999 0.04088 0.022248
0 0.79367 0.417918 0.046154 0.023206
0 0.795208 0.44782199999999994 0.044836 0.022248
0 0.795428 0.477846 0.041758 0.02201
0 0.798066 0.5088280000000001 0.047032 0.024162
0 0.85433 0.3841859999999999 0.04088 0.023206
0 0.917164 0.384258 0.039956 0.023828
0 0.977406 0.38322999999999996 0.04 0.021292
0 0.856308 0.41600400000000004 0.044836 0.023684
0 0.91455 0.41409000000000007 0.043516 0.022248
0 0.97499 0.4143300000000001 0.042198 0.022728
0 0.855428 0.4462680000000001 0.03956 0.019138
0 0.918044 0.44609999999999994 0.044352 0.022632
0 0.858726 0.47689000000000004 0.044396 0.023444
0 0.919164 0.4767699999999999 0.042198 0.023206
0 0.858506 0.50823 0.044836 0.021532
0 0.922682 0.506076 0.046594 0.024402
0 0.799384 0.5412440000000001 0.044396 0.024402
0 0.861142 0.5376559999999999 0.04923 0.024402
0 0.922682 0.53945 0.044836 0.024162
