0 0.08858199999999994 0.38627600000000006 0.024438 0.033916
0 0.1439060000000001 0.38855799999999996 0.024438 0.033916
0 0.202318 0.39175800000000005 0.024438 0.033916
0 0.2627999999999999 0.39222599999999996 0.02445 0.033916
0 0.05765599999999993 0.29600800000000005 0.024438 0.033916
0 0.1122939999999999 0.2964659999999999 0.024438 0.0339
0 0.170018 0.2973840000000001 0.024438 0.0339
0 0.22912599999999994 0.29784199999999994 0.02445 0.033916
0 0.2555879999999999 0.22682599999999997 0.02445 0.033916
0 0.19542400000000004 0.22799199999999997 0.025776 0.034416
0 0.1380619999999999 0.22682599999999997 0.02445 0.033916
0 0.22396799999999994 0.15764200000000006 0.024438 0.033916
0 0.16520599999999996 0.1594739999999999 0.024438 0.033916
0 0.10782599999999998 0.16084199999999993 0.02445 0.033916
0 0.08273799999999998 0.22682599999999997 0.02445 0.033916
0 0.028788000000000036 0.23002600000000006 0.02445 0.033916
0 0.05353199999999991 0.16222599999999998 0.024438 0.033916
0 0.250432 0.0857079999999999 0.024438 0.033916
0 0.19132400000000005 0.08707599999999993 0.02445 0.033916
0 0.13256800000000002 0.09212599999999993 0.024438 0.033916
0 0.07895600000000003 0.0948739999999999 0.024438 0.033916
0 0.023293999999999926 0.09715800000000008 0.024438 0.033916
0 0.29613200000000006 0.467824 0.024438 0.033916
0 0.234618 0.4646079999999999 0.024438 0.033916
0 0.17551800000000006 0.46094199999999996 0.024438 0.033916
0 0.11847399999999997 0.45819999999999994 0.02445 0.0339
0 0.06349399999999994 0.45819999999999994 0.024438 0.0339
0 0.037382000000000026 0.521426 0.024438 0.033916
0 0.094082 0.5264759999999999 0.024438 0.033916
0 0.1487179999999999 0.5283 0.024438 0.0339
0 0.20884999999999998 0.5319659999999999 0.02445 0.0339
0 0.26761199999999996 0.5365420000000001 0.02445 0.033916
0 0.329118 0.5411239999999999 0.024438 0.033916
0 0.06693199999999999 0.593358 0.024438 0.033916
0 0.12363199999999996 0.6002419999999999 0.024438 0.033916
0 0.033600000000000074 0.3853580000000001 0.02445 0.033916
