0 0.636796 0.774126 0.039312 0.059208
0 0.639352 0.575614 0.042954 0.060188
0 0.570188 0.622198 0.045876 0.06023
0 0.50575 0.66201 0.043688 0.056312
0 0.438382 0.70423 0.043016 0.059208
0 0.37143 0.746468 0.042954 0.054354
0 0.30482 0.787718 0.04514 0.05923
0 0.31064 0.881386 0.043688 0.060188
0 0.376164 0.842562 0.040766 0.054376
0 0.440594 0.80325 0.047312 0.059208
0 0.505758 0.760542 0.040766 0.059208
0 0.570914 0.718792 0.044422 0.059208
0 0.637532 0.679 0.043688 0.061166
0 0.705242 0.63677 0.04514 0.062124
0 0.770766 0.593084 0.039312 0.05825
0 0.767126 0.692594 0.039312 0.061146
0 0.702328 0.734334 0.039312 0.055334
0 0.57346 0.814896 0.040766 0.055334
0 0.506484 0.855666 0.039312 0.059208
0 0.44314 0.892072 0.043688 0.060188
0 0.376164 0.93527 0.048046 0.063084
0 0.764938 0.788688 0.039312 0.053376
0 0.699782 0.82751 0.0415 0.05727
0 0.63571 0.867322 0.042954 0.053396
0 0.574914 0.907604 0.042234 0.056292
0 0.50939 0.946916 0.042218 0.057292
0 0.636438 0.957594 0.044406 0.04952
0 0.699414 0.917312 0.043672 0.056292
0 0.76275 0.878958 0.039312 0.055334
0 0.760954 0.966812 0.041532 0.05825
0 0.941954 0.941636 0.043032 0.049604
0 0.846586 0.339292 0.045954 0.064166
0 0.841852 0.446562 0.042296 0.06125
0 0.837484 0.549938 0.042312 0.064166
0 0.833454 0.649896 0.041532 0.060208
0 0.830938 0.747 0.04375 0.060292
0 0.825476 0.839208 0.04011 0.054458
0 0.822562 0.92901 0.040124 0.057396
0 0.885532 0.890178 0.04375 0.051562
0 0.890632 0.799906 0.043766 0.059312
0 0.895 0.706708 0.042312 0.057376
0 0.900828 0.608666 0.048124 0.065126
0 0.905554 0.50723 0.044484 0.058334
0 0.911382 0.404822 0.044484 0.063188
0 0.948874 0.85377 0.040844 0.054458
0 0.95396 0.760604 0.040828 0.058376
0 0.960156 0.66448 0.043032 0.058334
0 0.966352 0.567906 0.03939 0.06127
0 0.972532 0.463552 0.043032 0.06223
0 0.85168 0.227666 0.04739 0.07
0 0.854954 0.110208 0.051032 0.071916
0 0.916844 0.293678 0.045218 0.066104
0 0.424938 0.278572 0.046594 0.069896
0 0.497016 0.233438 0.046594 0.072792
0 0.569094 0.183448 0.0495 0.069896
0 0.641164 0.138312 0.04514 0.068916
0 0.71361 0.091718 0.044406 0.06698
0 0.786046 0.038322 0.046594 0.06502
0 0.570188 0.068416 0.048782 0.070876
0 0.495196 0.116948 0.047328 0.072812
0 0.423852 0.16598 0.04586 0.066
0 0.351774 0.21402 0.047328 0.070874
0 0.422032 0.049 0.046594 0.07475
0 0.348492 0.097542 0.04514 0.070874
0 0.274602 0.146072 0.051704 0.070854
0 0.355774 0.328572 0.04514 0.06698
0 0.28625 0.373708 0.048782 0.067958
0 0.29207 0.482916 0.047328 0.063084
0 0.359054 0.440688 0.04586 0.064084
0 0.427492 0.393126 0.047328 0.067958
0 0.49775 0.345072 0.050968 0.068938
0 0.568368 0.300906 0.049516 0.069896
0 0.638984 0.251886 0.048062 0.070854
0 0.711062 0.207708 0.048062 0.071834
0 0.78386 0.15724 0.046594 0.067938
0 0.78132 0.273718 0.04586 0.069896
0 0.710336 0.32077 0.048046 0.063042
0 0.640078 0.366906 0.044406 0.069896
0 0.56982 0.409136 0.048046 0.063104
0 0.499204 0.45525 0.046594 0.062124
0 0.432586 0.500876 0.044422 0.062126
0 0.364508 0.545532 0.04514 0.064062
0 0.296078 0.588718 0.043688 0.061146
0 0.282656 0.265958 0.053124 0.071834
0 0.29936 0.692104 0.048782 0.067958
0 0.365968 0.650854 0.046594 0.059208
0 0.435132 0.606678 0.04514 0.060188
0 0.503204 0.561542 0.044406 0.065042
0 0.570914 0.52077 0.042954 0.063084
0 0.640804 0.474178 0.04586 0.061146
0 0.708148 0.43098 0.043672 0.062124
0 0.776946 0.383416 0.042954 0.05825
0 0.774766 0.491646 0.0415 0.059208
0 0.705242 0.532906 0.040766 0.060188
0 0.923024 0.180114 0.051766 0.071896
0 0.928492 0.063126 0.043766 0.069
