0 0.4352499999999999 0.564474 0.041 0.071128
0 0.4870000000000001 0.559886 0.041 0.071128
0 0.5369999999999999 0.552238 0.041 0.071128
0 0.585 0.544206 0.041 0.071128
0 0.6087499999999999 0.620688 0.041 0.071128
0 0.55975 0.630248 0.041 0.071128
0 0.5122500000000001 0.63522 0.041 0.071128
0 0.2509619999999999 0.835372 0.044074 0.072276
0 0.19591200000000009 0.843786 0.044074 0.072276
0 0.2239120000000001 0.92065 0.044074 0.072276
0 0.16781200000000007 0.76348 0.047376 0.07763
0 0.19616199999999995 0.67935 0.044074 0.072276
0 0.08231199999999994 0.864436 0.047874 0.07763
0 0.384074 0.572008 0.041 0.071128
0 0.33182599999999995 0.577934 0.04485 0.073116
0 0.249838 0.504322 0.042874 0.07411
0 0.3048120000000001 0.498318 0.043876 0.072122
0 0.35850000000000004 0.492314 0.0432 0.07411
0 0.4100619999999999 0.487304 0.040926 0.073116
0 0.463762 0.481778 0.042226 0.07109
0 0.10935000000000006 0.606482 0.04715 0.075144
0 0.16632399999999992 0.59998 0.0465 0.076138
0 0.2226379999999999 0.59371 0.045826 0.074608
0 0.277474 0.586214 0.0442 0.07262
0 0.46075 0.643632 0.041 0.071128
0 0.40975000000000006 0.650516 0.041 0.071128
0 0.35824999999999996 0.656252 0.041 0.071128
0 0.30525 0.66696 0.041 0.071128
0 0.2517499999999999 0.67172 0.045 0.074532
0 0.33112600000000003 0.740382 0.04175 0.071128
0 0.3832500000000001 0.735412 0.04175 0.071128
0 0.43399999999999994 0.725086 0.04175 0.071128
0 0.48475 0.720498 0.04175 0.071128
0 0.22318799999999994 0.758718 0.043624 0.075678
0 0.278562 0.750688 0.043876 0.07262
0 0.676612 0.688796 0.041726 0.071128
0 0.629362 0.696022 0.041726 0.067992
0 0.5831120000000001 0.70195 0.041726 0.06914
0 0.535112 0.709446 0.041724 0.071128
0 0.6486259999999999 0.769064 0.03875 0.065698
0 0.6948620000000001 0.760688 0.038774 0.065698
0 0.604112 0.772926 0.038774 0.065698
0 0.5546120000000001 0.784398 0.038774 0.065698
0 0.507862 0.791454 0.040276 0.069102
0 0.45711199999999996 0.799714 0.040276 0.069102
0 0.6711119999999999 0.83784 0.040276 0.069636
0 0.6251119999999999 0.84759 0.041274 0.071548
0 0.578112 0.852486 0.040274 0.069102
0 0.530862 0.864722 0.040276 0.069102
0 0.48136200000000007 0.8739 0.040276 0.069102
0 0.43373799999999996 0.882198 0.042524 0.07346
0 0.3818619999999999 0.892256 0.042524 0.07346
0 0.4091119999999999 0.80826 0.042524 0.06914
0 0.3580000000000001 0.818012 0.041 0.071052
0 0.30486199999999997 0.827572 0.042524 0.071816
0 0.33036200000000004 0.901376 0.042524 0.071816
0 0.278424 0.910172 0.04415 0.074876
0 0.4556119999999999 0.956252 0.042524 0.072198
0 0.5054240000000001 0.947074 0.04065 0.06914
0 0.5521119999999999 0.93629 0.040626 0.069292
0 0.599362 0.925544 0.040626 0.067074
0 0.6458619999999999 0.918852 0.040626 0.065928
0 0.69015 0.90891 0.0392 0.068222
0 0.13818799999999998 0.685086 0.047124 0.073804
0 0.08006200000000008 0.692734 0.047876 0.07763
0 0.10981200000000002 0.77455 0.046376 0.079962
0 0.051687999999999956 0.782772 0.050126 0.081108
0 0.1400619999999999 0.854282 0.046376 0.07499
0 0.05556199999999989 0.95239 0.048374 0.076864
0 0.11081199999999991 0.943022 0.046376 0.075718
0 0.167562 0.931932 0.048374 0.078012
