0 0.735446 0.7484299999999999 0.111508 0.120836
0 0.619746 0.748996 0.10983 0.119708
0 0.509076 0.7484299999999999 0.101446 0.127698
0 0.395062 0.7484299999999999 0.1048 0.123138
0 0.28313 0.750712 0.090538 0.129958
0 0.17163 0.754696 0.102276 0.126548
0 0.063054 0.7552719999999999 0.09977 0.13226
0 0.895076 0.620512 0.119046 0.157344
0 0.781892 0.617092 0.11403 0.14138
0 0.677092 0.614822 0.097262 0.14592
0 0.566846 0.620512 0.119876 0.1368
0 0.45953 0.622228 0.106476 0.13567
0 0.34593 0.621078 0.11737 0.131108
0 0.234 0.626214 0.098092 0.125398
0 0.12627 0.6222179999999999 0.115708 0.13339
0 0.080992 0.48257400000000006 0.1006 0.157322
0 0.183692 0.492248 0.098092 0.14479
0 0.293108 0.4871239999999999 0.100616 0.143662
0 0.403354 0.47914199999999996 0.108154 0.14364
0 0.515284 0.47914199999999996 0.103954 0.13682
0 0.623862 0.48598399999999997 0.101446 0.14138
0 0.732008 0.4837020000000001 0.106476 0.145942
0 0.8431 0.48826400000000003 0.114016 0.13682
0 0.895492 0.353734 0.101446 0.14136
0 0.790692 0.3497380000000001 0.111508 0.149352
0 0.67793 0.3457539999999999 0.105646 0.13682
0 0.570616 0.34803399999999995 0.10563 0.14138
0 0.466662 0.3440479999999999 0.11403 0.13567
0 0.352224 0.33946600000000005 0.10983 0.142532
0 0.250354 0.360576 0.112338 0.13454
0 0.13633 0.35203000000000007 0.107308 0.13795
0 0.841424 0.2186300000000001 0.093892 0.126548
0 0.734108 0.2118 0.09557 0.115146
0 0.630984 0.212928 0.100616 0.124268
0 0.523254 0.21578399999999998 0.103124 0.13454
0 0.411324 0.2152099999999999 0.112338 0.13339
0 0.304808 0.21750000000000003 0.100538 0.14479
0 0.192916 0.22034599999999993 0.09977 0.14592
0 0.086438 0.21748999999999996 0.103124 0.13339
0 0.895076 0.081256 0.100616 0.127698
0 0.790276 0.08353600000000005 0.092216 0.13908
0 0.6838 0.08467599999999997 0.097262 0.14136
0 0.581516 0.081256 0.095584 0.13226
0 0.470846 0.0755539999999999 0.108984 0.132238
0 0.35767 0.07841000000000009 0.09223 0.14251
0 0.255384 0.07955000000000001 0.097262 0.14023
0 0.144716 0.08410999999999991 0.097246 0.14023
0 0.041492 0.08556399999999997 0.082984 0.13682
