0 0.317542 0.06553399999999998 0.037142 0.064172
0 0.36650800000000006 0.06102800000000008 0.035472 0.05741
0 0.41336400000000006 0.058780000000000054 0.034614 0.04842
0 0.460642 0.056534000000000084 0.036314 0.052914
0 0.5070779999999999 0.05821999999999994 0.0363 0.049542
0 0.549714 0.05315200000000009 0.0304 0.050648
0 0.591928 0.05765799999999999 0.035458 0.055162
0 0.6316360000000001 0.05371400000000004 0.030442 0.051772
0 0.6708719999999999 0.05146600000000001 0.031228 0.047276
0 0.709708 0.04357999999999995 0.037986 0.049524
0 0.295164 0.10267599999999999 0.041358 0.064172
0 0.3437140000000001 0.10718000000000005 0.037142 0.061904
0 0.3918360000000001 0.10493400000000008 0.042214 0.061904
0 0.4365779999999999 0.09817199999999993 0.038842 0.05741
0 0.48217200000000005 0.0959239999999999 0.038828 0.061904
0 0.524386 0.09423800000000004 0.035458 0.056286
0 0.5699780000000001 0.09367600000000009 0.037158 0.059658
0 0.611342 0.09142800000000006 0.033772 0.055162
0 0.6510279999999999 0.09142000000000006 0.038828 0.064172
0 0.6915579999999999 0.0863719999999999 0.035458 0.063028
0 0.7308140000000001 0.08128599999999997 0.034628 0.068666
0 0.28841399999999995 0.17642000000000002 0.043058 0.06979
0 0.33991400000000005 0.178666 0.043058 0.063048
0 0.387192 0.17359999999999998 0.037986 0.064152
0 0.43320800000000004 0.17079 0.038842 0.063028
0 0.478372 0.164628 0.041372 0.064114
0 0.5226999999999999 0.162342 0.035458 0.061904
0 0.5640639999999999 0.16178000000000003 0.040528 0.063028
0 0.605864 0.15839000000000003 0.034614 0.060742
0 0.646808 0.15333400000000008 0.035472 0.059658
0 0.6848000000000001 0.1527719999999999 0.0304 0.05179
0 0.723222 0.14996199999999993 0.032928 0.059658
0 0.260972 0.2236959999999999 0.040514 0.058552
0 0.31289199999999995 0.2158199999999999 0.037986 0.056286
0 0.358908 0.21413400000000005 0.035472 0.055162
0 0.4099919999999999 0.2073719999999999 0.037986 0.059658
0 0.45557800000000004 0.20568600000000004 0.039672 0.05179
0 0.499428 0.1989240000000001 0.036286 0.054038
0 0.54085 0.19555199999999995 0.034614 0.058534
0 0.5847500000000001 0.19723800000000002 0.032928 0.052914
0 0.6256999999999999 0.18936200000000003 0.033772 0.057428
0 0.664542 0.18541999999999992 0.035458 0.06078
0 0.701686 0.18429600000000002 0.0304 0.049542
0 0.7426360000000001 0.17922799999999994 0.034614 0.050648
0 0.288408 0.2557720000000001 0.0363 0.055162
0 0.33737799999999996 0.2535240000000001 0.0363 0.05741
0 0.261822 0.29574199999999995 0.0439 0.06078
0 0.31120799999999993 0.29180000000000006 0.041358 0.059676
0 0.3584860000000001 0.28786599999999996 0.044742 0.067542
0 0.3829720000000001 0.24507600000000007 0.036314 0.056286
0 0.4298219999999999 0.24110399999999998 0.042214 0.059734
0 0.405772 0.28279999999999994 0.043058 0.05741
0 0.45219999999999994 0.2799799999999999 0.041372 0.067542
0 0.4749920000000001 0.23720000000000008 0.032928 0.049524
0 0.49483600000000005 0.27547600000000005 0.037158 0.063028
0 0.5180579999999999 0.23664799999999997 0.036314 0.055162
0 0.5608139999999999 0.2294099999999999 0.032172 0.054286
0 0.539236 0.2685040000000001 0.034614 0.056476
0 0.6027499999999999 0.2294099999999999 0.035414 0.052114
0 0.5807640000000001 0.26551400000000003 0.034614 0.054838
0 0.6210720000000001 0.260362 0.0338 0.049942
0 0.642036 0.22588600000000003 0.026872 0.05158
0 0.6815359999999999 0.2234480000000001 0.030128 0.054286
0 0.6607639999999999 0.25547600000000004 0.031758 0.054304
0 0.72265 0.21313399999999993 0.031758 0.051028
0 0.700464 0.2503139999999999 0.032986 0.054838
0 0.7383280000000001 0.24624800000000002 0.0338 0.058628
0 0.2558499999999999 0.37491399999999997 0.036242 0.058628
0 0.304708 0.370838 0.0395 0.062438
0 0.2784500000000001 0.4093800000000001 0.035014 0.058076
0 0.25137199999999993 0.4506380000000001 0.037058 0.05918
0 0.2796719999999999 0.4886379999999999 0.035828 0.06242
0 0.3043 0.4457519999999999 0.037858 0.061334
0 0.353564 0.362428 0.037872 0.066228
0 0.399578 0.35672400000000004 0.035414 0.058096
0 0.44232800000000005 0.352924 0.0338 0.060248
0 0.48915 0.3477619999999999 0.029728 0.066228
0 0.5312920000000001 0.34152399999999994 0.036642 0.06461
0 0.572622 0.33364799999999994 0.031358 0.057542
0 0.613742 0.3301240000000001 0.032172 0.05918
0 0.6536420000000001 0.3246960000000001 0.0338 0.058076
0 0.692528 0.31844800000000006 0.029314 0.051028
0 0.3277080000000001 0.40612399999999993 0.033386 0.055904
0 0.3765719999999999 0.40260000000000007 0.0342 0.057542
0 0.42074999999999996 0.38902799999999993 0.035414 0.058628
0 0.465128 0.38359999999999994 0.030542 0.058628
0 0.508286 0.38115199999999994 0.0346 0.052666
0 0.5524640000000001 0.37382800000000005 0.035014 0.049942
0 0.592978 0.367858 0.032986 0.0532
0 0.633486 0.36241999999999996 0.030942 0.056458
0 0.6725779999999999 0.3556379999999999 0.0285 0.050476
0 0.34868600000000005 0.4395039999999999 0.035428 0.054286
0 0.395308 0.43028599999999995 0.035014 0.054286
0 0.44151399999999996 0.4272959999999999 0.0338 0.058096
0 0.48568600000000006 0.42376199999999997 0.032572 0.059714
0 0.529658 0.411276 0.032572 0.0608
0 0.5718080000000001 0.40558000000000005 0.030528 0.061334
0 0.6131359999999999 0.40178 0.031758 0.053734
0 0.652828 0.39363799999999993 0.031342 0.058096
0 0.6908920000000001 0.3860380000000001 0.031758 0.05699
0 0.3275079999999999 0.4769620000000001 0.036242 0.066228
0 0.3723000000000001 0.47398000000000007 0.037858 0.06461
0 0.41647199999999995 0.4685520000000001 0.0342 0.062438
0 0.4628920000000001 0.457962 0.033386 0.062972
0 0.508286 0.45416199999999995 0.035428 0.057542
0 0.549614 0.4514579999999999 0.0334 0.066228
0 0.5911420000000001 0.43978000000000006 0.0342 0.063524
0 0.627786 0.42918999999999996 0.032572 0.061886
0 0.667486 0.42267600000000005 0.0346 0.057542
0 0.2741720000000001 0.558942 0.040314 0.065162
0 0.32282199999999994 0.5518860000000001 0.038272 0.06842
0 0.3690420000000001 0.544286 0.040314 0.07059
0 0.4152579999999999 0.5353239999999999 0.037458 0.067866
0 0.45800799999999997 0.5260959999999999 0.038272 0.060266
0 0.505436 0.5198579999999999 0.035414 0.066228
0 0.5876859999999999 0.502486 0.035428 0.061886
0 0.626978 0.4981340000000001 0.033386 0.067314
0 0.6658580000000001 0.484572 0.032172 0.0608
0 0.7041280000000001 0.479676 0.032972 0.058628
0 0.298192 0.5972200000000001 0.032986 0.05699
0 0.34440800000000005 0.5885339999999999 0.034214 0.053752
0 0.3930640000000001 0.579572 0.037872 0.057542
0 0.4360139999999999 0.571428 0.037458 0.054286
0 0.481414 0.5605720000000001 0.037058 0.059734
0 0.5239579999999999 0.5565040000000001 0.032572 0.05701
0 0.6055999999999999 0.532886 0.028914 0.058648
0 0.6440779999999999 0.528 0.035014 0.056458
0 0.6833640000000001 0.5228379999999999 0.034614 0.06678
0 0.32099199999999994 0.630058 0.038672 0.067314
0 0.368428 0.619742 0.035828 0.055372
0 0.4154580000000001 0.6102479999999999 0.035428 0.055924
0 0.45719200000000004 0.605904 0.035014 0.062438
0 0.49973599999999996 0.595048 0.032986 0.059162
0 0.5447280000000001 0.586638 0.031772 0.059714
0 0.58565 0.5736000000000001 0.032986 0.05539
0 0.623308 0.560848 0.033386 0.05701
0 0.6636139999999999 0.558676 0.032572 0.065696
0 0.34420000000000006 0.6593720000000001 0.043572 0.065142
0 0.3887860000000001 0.64879 0.035828 0.063524
0 0.43174200000000007 0.6398379999999999 0.0338 0.061886
0 0.47612199999999993 0.6276200000000001 0.032986 0.05482
0 0.519072 0.6192 0.0342 0.0608
0 0.5612140000000001 0.6148659999999999 0.032172 0.055372
0 0.6025419999999999 0.602924 0.0342 0.055372
0 0.642036 0.592058 0.033386 0.056458
0 0.36395 0.6878759999999999 0.035842 0.060248
0 0.4093500000000001 0.680542 0.0403 0.066228
0 0.4525079999999999 0.6710480000000001 0.037872 0.061334
0 0.49545799999999995 0.656666 0.0342 0.058628
0 0.5416780000000001 0.650962 0.036242 0.053734
0 0.5787279999999999 0.643362 0.035428 0.060248
0 0.621478 0.6335900000000001 0.0395 0.068934
0 0.4718500000000001 0.7028000000000001 0.038272 0.062972
0 0.5192779999999999 0.6930480000000001 0.047642 0.06838
0 0.5442 0.5120960000000001 0.033686 0.052152
0 0.565758 0.5419419999999999 0.037686 0.05779
0 0.733042 0.31096199999999996 0.037458 0.054838
0 0.711258 0.3516760000000001 0.036228 0.058096
0 0.7261219999999999 0.37881999999999993 0.041528 0.05158
0 0.708 0.4192579999999999 0.037858 0.058628
