0 0.282964 0.9791 0.016948 0.0334
0 0.11825400000000008 0.948634 0.016964 0.0334
0 0.0972900000000001 0.934 0.016964 0.0334
0 0.07692199999999993 0.917566 0.016964 0.0334
0 0.05657000000000001 0.902334 0.016964 0.0334
0 0.07322000000000006 0.8701 0.016964 0.0334
0 0.09388599999999991 0.888266 0.016964 0.0334
0 0.1139380000000001 0.902934 0.016964 0.0334
0 0.134606 0.917566 0.016964 0.0334
0 0.15527200000000008 0.934 0.016964 0.0334
0 0.1577280000000001 0.978534 0.016964 0.0334
0 0.19506200000000007 0.965634 0.016964 0.0334
0 0.17532400000000004 0.9498 0.016964 0.0334
0 0.1719219999999999 0.9035 0.016964 0.0334
0 0.19135999999999997 0.9211 0.016964 0.0334
0 0.21077999999999997 0.936334 0.016964 0.0334
0 0.2271319999999999 0.906434 0.016964 0.0334
0 0.16883399999999993 0.858966 0.016964 0.0334
0 0.1521840000000001 0.888866 0.016964 0.0334
0 0.1309039999999999 0.873634 0.016964 0.0334
0 0.1108499999999999 0.855466 0.016964 0.0334
0 0.09050000000000002 0.8408 0.016964 0.0334
0 0.06983399999999995 0.825566 0.016964 0.0334
0 0.08741200000000005 0.793934 0.016964 0.0334
0 0.06706199999999995 0.778684 0.016964 0.033434
0 0.08400800000000008 0.7488 0.016964 0.0334
0 0.10160600000000009 0.717734 0.016964 0.0334
0 0.5414479999999999 0.953334 0.016964 0.0334
0 0.5272539999999999 0.981466 0.016964 0.0334
0 0.5090619999999999 0.96915 0.016964 0.033434
0 0.5244819999999999 0.939266 0.016964 0.0334
0 0.53929 0.910534 0.016964 0.0334
0 0.5365 0.866 0.016964 0.0334
0 0.522324 0.8959 0.016964 0.0334
0 0.5072019999999999 0.9252 0.016964 0.0334
0 0.4917800000000001 0.9539 0.016964 0.0334
0 0.476974 0.982034 0.016964 0.0334
0 0.4581660000000001 0.966234 0.016964 0.0334
0 0.4735879999999999 0.938766 0.016964 0.030866
0 0.4886919999999999 0.911134 0.016964 0.0334
0 0.504114 0.880666 0.016964 0.0334
0 0.5186219999999999 0.8531 0.016964 0.0334
0 0.5343420000000001 0.824984 0.016964 0.033434
0 0.5318860000000001 0.781034 0.016964 0.0334
0 0.516464 0.809734 0.016964 0.0334
0 0.501342 0.838466 0.016964 0.0334
0 0.4862359999999999 0.865434 0.016964 0.0334
0 0.4708159999999999 0.8953 0.016964 0.0334
0 0.4353419999999999 0.795666 0.016964 0.0334
0 0.4510620000000001 0.766966 0.016964 0.0334
0 0.46618399999999993 0.738834 0.016964 0.0334
0 0.48129 0.7107 0.016964 0.0334
0 0.49671 0.6808 0.016964 0.0334
0 0.5118339999999999 0.653866 0.016964 0.0334
0 0.4933240000000001 0.638034 0.016964 0.0334
0 0.47821 0.665566 0.016948 0.0334
0 0.46279000000000003 0.695466 0.016948 0.0334
0 0.44767599999999996 0.722434 0.016964 0.0334
0 0.43255200000000005 0.751734 0.016964 0.0334
0 0.41622000000000003 0.779866 0.016964 0.0334
0 0.400798 0.809166 0.016964 0.0334
0 0.385378 0.837866 0.016964 0.0334
0 0.36963999999999997 0.867766 0.016964 0.0334
0 0.353904 0.897066 0.016964 0.0334
0 0.33725399999999994 0.926366 0.016964 0.0334
0 0.3221320000000001 0.956834 0.016964 0.0334
0 0.3020959999999999 0.9381 0.016964 0.0334
0 0.3181320000000001 0.909966 0.016964 0.0334
0 0.33539399999999997 0.880666 0.016964 0.0334
0 0.351132 0.851366 0.016964 0.0334
0 0.36686799999999997 0.823234 0.016964 0.0334
0 0.3829039999999999 0.793334 0.016964 0.0334
0 0.397394 0.764634 0.016964 0.0334
0 0.41467600000000004 0.7359 0.016964 0.0334
0 0.42978000000000005 0.7072 0.016964 0.0334
0 0.4452020000000001 0.679066 0.016964 0.0334
0 0.460008 0.650334 0.016964 0.0334
0 0.47543 0.621634 0.016964 0.0334
0 0.4905520000000001 0.595266 0.016964 0.0334
0 0.4723599999999999 0.578266 0.016964 0.0334
0 0.45630799999999994 0.606966 0.016964 0.0334
0 0.4538500000000001 0.562434 0.016964 0.0334
0 0.441816 0.634516 0.016964 0.033434
0 0.438728 0.590566 0.016964 0.0334
0 0.42578000000000005 0.662634 0.016964 0.0334
0 0.42299200000000003 0.619266 0.016964 0.0334
0 0.4112720000000001 0.691366 0.016964 0.0334
0 0.40820199999999995 0.64565 0.016964 0.033434
0 0.39462200000000003 0.721266 0.016964 0.0334
0 0.3927639999999999 0.676134 0.016964 0.0334
0 0.37920200000000004 0.749966 0.016964 0.0334
0 0.40604400000000007 0.531966 0.016964 0.0334
0 0.42176400000000003 0.5044 0.016964 0.0334
0 0.4029560000000001 0.486234 0.016964 0.0334
0 0.3872199999999999 0.516734 0.016964 0.0334
0 0.3717980000000001 0.544266 0.016964 0.0334
0 0.3551500000000001 0.573566 0.016964 0.0334
0 0.33941200000000005 0.604034 0.016964 0.0334
0 0.322746 0.631 0.016964 0.0334
0 0.307026 0.662066 0.016964 0.0334
0 0.29160600000000003 0.690766 0.016964 0.0334
0 0.2755700000000001 0.717734 0.016964 0.0334
0 0.2586059999999999 0.747034 0.016964 0.0334
0 0.24286800000000008 0.776934 0.016964 0.0334
0 0.239166 0.7324 0.016964 0.0334
0 0.25581600000000004 0.704266 0.016964 0.0334
0 0.271552 0.673784 0.016964 0.033434
0 0.28851800000000005 0.64565 0.016964 0.033434
0 0.30455199999999993 0.615766 0.016964 0.0334
0 0.32122000000000006 0.587634 0.016964 0.0334
0 0.33570999999999995 0.557734 0.016964 0.0334
0 0.3517459999999999 0.527866 0.016964 0.0334
0 0.36841199999999996 0.499734 0.016964 0.0334
0 0.383834 0.470434 0.016964 0.0334
0 0.3643940000000001 0.4546 0.016964 0.0334
0 0.349588 0.482134 0.016964 0.0334
0 0.33385 0.510266 0.016964 0.0334
0 0.31751799999999997 0.541934 0.016964 0.0334
0 0.30085000000000006 0.570634 0.016964 0.0334
0 0.28481599999999996 0.598184 0.016964 0.033434
0 0.26878 0.630416 0.016964 0.033434
0 0.25242999999999993 0.6568 0.016964 0.0334
0 0.2354639999999999 0.686666 0.016964 0.0334
0 0.21943000000000001 0.71715 0.016964 0.033434
0 0.281728 0.554234 0.016964 0.0334
0 0.29807800000000007 0.5255 0.016964 0.0334
0 0.314114 0.495634 0.016964 0.0334
0 0.3304640000000001 0.4669 0.016964 0.0334
0 0.3462019999999999 0.4382 0.016964 0.0334
0 0.311026 0.449334 0.016964 0.0334
0 0.2949919999999999 0.478634 0.016964 0.0334
0 0.27864 0.508516 0.016964 0.033434
0 0.26322 0.536634 0.016964 0.0334
0 0.26569200000000004 0.582366 0.016964 0.0334
0 0.6337980000000001 0.822716 0.012578 0.024766
0 0.263536 0.9627 0.016964 0.0334
0 0.226518 0.976766 0.016964 0.0334
0 0.24348199999999998 0.948066 0.016964 0.0334
0 0.2601500000000001 0.918166 0.016964 0.0334
0 0.04269199999999995 0.978534 0.016964 0.0334
0 0.10067599999999999 0.980866 0.016964 0.0334
0 0.08000800000000008 0.963866 0.016964 0.0334
0 0.05965799999999999 0.946884 0.016964 0.033434
0 0.1383080000000001 0.965634 0.016964 0.0334
0 0.24379799999999996 0.877734 0.016964 0.0334
0 0.2246760000000001 0.858966 0.016964 0.0334
0 0.20771000000000006 0.890034 0.016964 0.0334
0 0.20492200000000005 0.8455 0.016964 0.0334
0 0.1873419999999999 0.8748 0.016964 0.0334
0 0.2212719999999999 0.814434 0.016964 0.0334
0 0.20185000000000008 0.800966 0.016964 0.0334
0 0.18518400000000002 0.830266 0.016964 0.0334
0 0.14816600000000002 0.84315 0.016964 0.033434
0 0.16544800000000004 0.813834 0.016964 0.0334
0 0.18209600000000004 0.7828 0.016964 0.0334
0 0.19906200000000007 0.754666 0.016964 0.0334
0 0.17839399999999994 0.738834 0.016964 0.0334
0 0.16142999999999996 0.76755 0.016964 0.033434
0 0.1447799999999999 0.797434 0.016964 0.0334
0 0.12874600000000003 0.826166 0.016964 0.0334
0 0.10776399999999997 0.809734 0.016964 0.0334
0 0.12534200000000006 0.779866 0.016964 0.0334
0 0.104684 0.763434 0.016948 0.0334
0 0.12195599999999995 0.7359 0.016964 0.0334
0 0.14107800000000004 0.751134 0.016964 0.0334
0 0.15804400000000007 0.722434 0.016964 0.0334
0 0.17562199999999994 0.691366 0.016964 0.0334
0 0.1549560000000001 0.6732 0.016964 0.0334
0 0.138606 0.704834 0.016964 0.0334
0 0.11825400000000008 0.6896 0.016964 0.0334
0 0.1339920000000001 0.658534 0.016964 0.0334
0 0.0972900000000001 0.6732 0.016964 0.0334
0 0.11425400000000008 0.642134 0.016964 0.0334
0 0.15156999999999998 0.628666 0.016964 0.0334
0 0.1309039999999999 0.613434 0.016964 0.0334
0 0.45476399999999995 0.92285 0.016964 0.033434
0 0.4393419999999999 0.9539 0.016964 0.0334
0 0.42484999999999995 0.982034 0.016964 0.0334
0 0.3943080000000001 0.969734 0.016964 0.0334
0 0.4097280000000001 0.942766 0.016964 0.0334
0 0.42546400000000006 0.913466 0.016964 0.0334
0 0.440588 0.883 0.016964 0.0334
0 0.4566220000000001 0.855466 0.016964 0.0334
0 0.4717279999999999 0.826734 0.016964 0.0334
0 0.4865360000000001 0.797434 0.016964 0.0334
0 0.5019560000000001 0.7699 0.016964 0.0334
0 0.516764 0.741766 0.016964 0.0334
0 0.514308 0.696634 0.016964 0.0334
0 0.49918400000000007 0.725934 0.016964 0.0334
0 0.4837640000000001 0.754666 0.016964 0.0334
0 0.46895599999999993 0.7822 0.016964 0.0334
0 0.4538500000000001 0.810916 0.016964 0.033434
0 0.4368860000000001 0.8408 0.016964 0.0334
0 0.4223779999999999 0.86835 0.016964 0.033434
0 0.40665799999999996 0.897666 0.016964 0.0334
0 0.3912359999999999 0.926966 0.016964 0.0334
0 0.37518399999999996 0.955666 0.016964 0.0334
0 0.34064000000000005 0.970334 0.016964 0.0334
0 0.3560620000000001 0.940434 0.016964 0.0334
0 0.37334200000000006 0.911134 0.016964 0.0334
0 0.38815 0.884166 0.016964 0.0334
0 0.4041840000000001 0.854284 0.016964 0.033434
0 0.4196059999999999 0.8238 0.016964 0.0334
0 0.37672799999999995 0.704266 0.016964 0.0334
0 0.3628499999999999 0.7775 0.016964 0.0334
0 0.359464 0.732966 0.016964 0.0334
0 0.346816 0.8074 0.016964 0.0334
0 0.3443419999999999 0.762266 0.016964 0.0334
0 0.32862199999999997 0.791566 0.016964 0.0334
0 0.3304640000000001 0.835534 0.016964 0.0334
0 0.3162720000000001 0.865434 0.016964 0.0334
0 0.29900799999999994 0.894134 0.016964 0.0334
0 0.311342 0.8203 0.016964 0.0334
0 0.295922 0.850184 0.016964 0.033434
0 0.2807980000000001 0.881234 0.016964 0.0334
0 0.4393419999999999 0.5214 0.016964 0.0334
0 0.42362199999999994 0.5472 0.016964 0.0334
0 0.4085000000000001 0.577084 0.016964 0.033434
0 0.39369199999999993 0.6064 0.016964 0.0334
0 0.37797400000000003 0.633334 0.016964 0.0334
0 0.3619220000000001 0.6644 0.016964 0.0334
0 0.345272 0.69195 0.016964 0.033434
0 0.32953600000000005 0.7189 0.016964 0.0334
0 0.31443 0.750566 0.016964 0.0334
0 0.29807800000000007 0.781034 0.016964 0.0334
0 0.28204399999999996 0.808566 0.016964 0.0334
0 0.2650779999999999 0.838466 0.016964 0.0334
0 0.261992 0.79275 0.016964 0.033434
0 0.2783420000000001 0.762866 0.016964 0.0334
0 0.2937639999999999 0.734134 0.016964 0.0334
0 0.3104119999999999 0.706016 0.016964 0.033434
0 0.32676400000000005 0.675534 0.016964 0.0334
0 0.3425 0.646234 0.016964 0.0334
0 0.3588420000000001 0.6187 0.016948 0.0334
0 0.37395599999999996 0.5894 0.016964 0.0334
0 0.3899919999999999 0.560666 0.016964 0.0334
0 0.24904400000000004 0.612234 0.016964 0.0334
0 0.232078 0.640366 0.016964 0.0334
0 0.21602600000000005 0.670866 0.016964 0.0334
0 0.19629000000000008 0.653266 0.016964 0.0334
0 0.21293800000000007 0.625134 0.016964 0.0334
0 0.22960599999999998 0.595266 0.016964 0.0334
0 0.24625399999999997 0.566534 0.016964 0.0334
0 0.24225399999999997 0.520234 0.016964 0.0334
0 0.2586059999999999 0.491534 0.016964 0.0334
0 0.27464 0.4634 0.016964 0.0334
0 0.25520199999999993 0.444634 0.016964 0.0334
0 0.2385520000000001 0.472766 0.016964 0.0334
0 0.2228159999999999 0.502666 0.016964 0.0334
0 0.2259040000000001 0.548966 0.016964 0.0334
0 0.20925400000000005 0.578834 0.016964 0.0334
0 0.1932020000000001 0.607566 0.016964 0.0334
0 0.17316599999999993 0.591734 0.016964 0.0334
0 0.18981599999999998 0.563034 0.016964 0.0334
0 0.20616600000000007 0.532534 0.016964 0.0334
0 0.20215000000000005 0.486834 0.016964 0.0334
0 0.1864300000000001 0.514966 0.016964 0.0334
0 0.17023600000000005 0.545766 0.016964 0.0334
