0 0.022739999999999982 0.804918 0.02784 0.04036
0 0.051060000000000105 0.803538 0.0288 0.04036
0 0.0803100000000001 0.80075 0.02786 0.04036
0 0.10985 0.801424 0.02698 0.04033
0 0.13979000000000008 0.802114 0.02782 0.03919
0 0.023349999999999982 0.88192 0.02786 0.04186
0 0.05147999999999997 0.882248 0.02928 0.04132
0 0.08077000000000001 0.882248 0.0293 0.04132
0 0.11091999999999991 0.88096 0.02756 0.03874
0 0.13935000000000008 0.879026 0.0293 0.037452
0 0.17043999999999992 0.876956 0.02872 0.037992
0 0.19860999999999995 0.876446 0.02826 0.037212
0 0.22859000000000007 0.875818 0.02998 0.035952
0 0.2577100000000001 0.874528 0.02998 0.035952
0 0.2881100000000001 0.873884 0.03082 0.037242
0 0.03845999999999994 0.92027 0.02852 0.03862
0 0.06790999999999991 0.91958 0.02854 0.037242
0 0.09711000000000003 0.917706 0.02798 0.037752
0 0.12602000000000002 0.917002 0.02796 0.03916
0 0.15538999999999992 0.915608 0.0289 0.03913
0 0.18523 0.914902 0.0289 0.04054
0 0.21409999999999996 0.912728 0.029 0.03901
0 0.2431399999999999 0.911784 0.02916 0.03976
0 0.2732300000000001 0.912534 0.02854 0.04138
0 0.30323999999999995 0.913524 0.0288 0.045878
0 0.16845 0.800854 0.02782 0.03919
0 0.19923000000000002 0.800794 0.02698 0.04159
0 0.22704999999999997 0.79895 0.02698 0.042998
0 0.25749 0.797256 0.02974 0.04171
0 0.2867599999999999 0.795832 0.02872 0.04168
0 0.30111 0.836282 0.02798 0.037782
0 0.27179 0.836312 0.02794 0.04036
0 0.24269999999999992 0.83814 0.02844 0.03838
0 0.2147300000000001 0.83955 0.0275 0.03838
0 0.18423999999999996 0.840524 0.0288 0.036792
0 0.15537 0.839416 0.02786 0.03877
0 0.12474000000000007 0.842338 0.02972 0.03868
0 0.09548000000000001 0.84012 0.0268 0.04018
0 0.06685999999999992 0.8418 0.02808 0.03928
0 0.037290000000000045 0.843118 0.0277 0.0385
0 0.02564999999999995 0.9582 0.02846 0.04012
0 0.05410000000000004 0.956686 0.02704 0.037692
0 0.11149999999999993 0.954918 0.02988 0.03841
0 0.1409100000000001 0.953838 0.02798 0.036252
0 0.16991 0.952384 0.02938 0.036882
0 0.19968000000000008 0.952338 0.0294 0.037692
0 0.22859999999999991 0.9506 0.02788 0.036852
0 0.25756 0.950944 0.0296 0.04012
