0 0.1068659999999999 0.2652 0.070366 0.038
0 0.17195800000000006 0.187618 0.06545 0.040112
0 0.26907400000000004 0.254644 0.06685 0.041162
0 0.20503399999999994 0.338032 0.069666 0.044338
0 0.3767499999999999 0.323782 0.0739 0.040112
0 0.543884 0.316394 0.076 0.045388
0 0.1343160000000001 0.424332 0.068966 0.045912
0 0.30990000000000006 0.410868 0.079534 0.043288
0 0.48336599999999996 0.398994 0.0774 0.043812
0 0.2437419999999999 0.503238 0.076716 0.04645
0 0.42178399999999994 0.488456 0.0767 0.054888
0 0.731074 0.354394 0.076016 0.044338
0 0.682874 0.442268 0.079516 0.044862
0 0.620592 0.536488 0.077416 0.052776
0 0.904542 0.344368 0.078116 0.047512
0 0.8573919999999999 0.429612 0.078116 0.05225
0 0.802508 0.524612 0.078116 0.0512
0 0.9450080000000001 0.614338 0.08725 0.05965
0 0.7539499999999999 0.625418 0.082334 0.055412
0 0.5597160000000001 0.637556 0.079534 0.054362
0 0.893284 0.718574 0.086566 0.061226
0 0.690258 0.73415 0.090084 0.056474
0 0.4942660000000001 0.747868 0.082334 0.054362
0 0.35528399999999993 0.589268 0.080234 0.048562
0 0.1723159999999999 0.597712 0.088666 0.05595
0 0.284184 0.691674 0.088634 0.05915
0 0.09877599999999997 0.702212 0.08375 0.057
0 0.2089080000000001 0.802232 0.08725 0.059638
0 0.06288399999999994 0.515638 0.082334 0.057524
0 0.1289419999999999 0.918082 0.091316 0.067712
0 0.4252339999999999 0.862818 0.092366 0.069262
0 0.631758 0.847256 0.081984 0.061488
0 0.835674 0.83675 0.083016 0.063824
0 0.7806759999999999 0.960888 0.099616 0.070824
