0 0.11815799999999999 0.79495 0.127784 0.10025
0 0.13435799999999998 0.600524 0.135884 0.1033
0 0.15359199999999995 0.412944 0.129816 0.101762
0 0.16574200000000006 0.221556 0.137916 0.101762
0 0.18903399999999992 0.045088 0.131834 0.090176
0 0.40775800000000006 0.133462 0.135884 0.098724
0 0.39460000000000006 0.321806 0.133866 0.098738
0 0.37232599999999993 0.516226 0.137916 0.1048
0 0.35814199999999996 0.714444 0.137916 0.103288
0 0.34193399999999996 0.910388 0.133866 0.10025
0 0.595092 0.820006 0.146016 0.101762
0 0.605216 0.621794 0.133866 0.103288
0 0.618384 0.428132 0.139934 0.104812
0 0.631542 0.233712 0.137916 0.098726
0 0.6447080000000001 0.048126 0.135884 0.09625
0 0.8725499999999999 0.149412 0.133866 0.10025
0 0.8604259999999999 0.336994 0.13785 0.101762
0 0.8512839999999999 0.527618 0.1521 0.103288
0 0.847234 0.729632 0.148034 0.109362
0 0.837108 0.933168 0.14805 0.109362
