0 0.229906 0.36429 0.06227 0.032984
0 0.298334 0.409922 0.059292 0.030782
0 0.359136 0.352352 0.062312 0.031922
0 0.42298 0.297632 0.05625 0.025078
0 0.295292 0.306742 0.05625 0.02964
0 0.363698 0.255446 0.050146 0.025078
0 0.47923 0.24575 0.05625 0.026218
0 0.549906 0.286796 0.060812 0.023938
0 0.622876 0.332406 0.05775 0.0285
0 0.492146 0.343226 0.05775 0.02964
0 0.433624 0.398524 0.062334 0.028516
0 0.568156 0.390546 0.05777 0.030782
0 0.164562 0.422468 0.059292 0.0285
0 0.088562 0.48289 0.059292 0.030782
0 0.226124 0.473196 0.066876 0.031922
0 0.370542 0.462938 0.063834 0.029656
0 0.508864 0.449828 0.063854 0.035344
0 0.678354 0.44468 0.065374 0.03189
0 0.733084 0.384844 0.059292 0.030782
0 0.863052 0.374008 0.05777 0.02964
0 0.813646 0.43557 0.059292 0.02964
0 0.948938 0.42361 0.062334 0.0285
0 0.900292 0.487454 0.065374 0.033062
0 0.761958 0.500554 0.059292 0.034204
0 0.625916 0.50911 0.063834 0.033062
0 0.446542 0.514812 0.063834 0.033062
0 0.302136 0.529062 0.060812 0.034188
0 0.156968 0.541602 0.065354 0.031922
0 0.077916 0.61286 0.065376 0.035344
0 0.226124 0.599172 0.066876 0.033062
0 0.378896 0.5855 0.071458 0.035344
0 0.565876 0.580368 0.062334 0.034204
0 0.70952 0.56725 0.063834 0.037624
0 0.853178 0.554718 0.068396 0.037624
0 0.95502 0.902438 0.0745 0.044468
0 0.717126 0.956594 0.079042 0.047874
0 0.054354 0.925812 0.079042 0.045594
0 0.27325 0.914976 0.072958 0.051296
0 0.44123 0.896188 0.077542 0.047938
0 0.61299 0.8785 0.080562 0.04675
0 0.780208 0.864242 0.077542 0.04561
0 0.945896 0.616282 0.068416 0.035344
0 0.797688 0.628812 0.063834 0.030782
0 0.647958 0.64307 0.065374 0.036484
0 0.502792 0.65675 0.069916 0.03875
0 0.307448 0.659032 0.07752 0.041032
0 0.149364 0.674992 0.07752 0.043328
0 0.06348 0.757078 0.079042 0.045594
0 0.229928 0.742828 0.080562 0.044468
0 0.426782 0.735984 0.07602 0.044468
0 0.583354 0.71946 0.072958 0.038766
0 0.739916 0.705774 0.072958 0.036484
0 0.892698 0.691524 0.065354 0.03761
0 0.147084 0.828898 0.076 0.038766
0 0.356854 0.81921 0.082084 0.042172
0 0.51723 0.80325 0.0745 0.044468
0 0.679126 0.78843 0.076 0.044454
0 0.835718 0.773032 0.076062 0.041062
