0 0.626130 0.183225 0.032415 0.029272
0 0.643662 0.207534 0.035723 0.028281
0 0.673431 0.205054 0.034401 0.030264
0 0.628776 0.239534 0.029766 0.029771
0 0.610583 0.212991 0.025137 0.029272
0 0.595700 0.185208 0.029772 0.030269
0 0.566924 0.188433 0.025137 0.029766
0 0.539801 0.193643 0.026465 0.027285
0 0.512679 0.197612 0.026465 0.025303
0 0.488203 0.201333 0.026458 0.027783
0 0.466370 0.204309 0.027780 0.024810
0 0.443548 0.209023 0.023151 0.020342
0 0.419072 0.211501 0.019186 0.021333
0 0.599668 0.243257 0.031094 0.027285
0 0.581810 0.216462 0.027122 0.029272
0 0.552370 0.219192 0.030430 0.028774
0 0.526240 0.221921 0.029772 0.024312
0 0.516488 0.250271 0.026647 0.025493
0 0.501100 0.226497 0.024349 0.027563
0 0.541755 0.248721 0.026647 0.027217
0 0.567249 0.245103 0.027103 0.026182
0 0.491452 0.253372 0.022513 0.024116
0 0.476061 0.228564 0.024805 0.024805
0 0.482262 0.278696 0.025267 0.026533
0 0.457686 0.282314 0.020215 0.024805
0 0.504544 0.277144 0.026641 0.026875
0 0.530729 0.276284 0.024805 0.027217
0 0.511481 0.329448 0.025267 0.024121
0 0.486211 0.329275 0.024349 0.025151
0 0.696387 0.353047 0.031237 0.030664
0 0.665374 0.354082 0.025267 0.027217
0 0.633678 0.353738 0.028021 0.028599
0 0.604967 0.353223 0.024805 0.025498
0 0.576943 0.352705 0.024811 0.026533
0 0.549150 0.353223 0.027103 0.025498
0 0.492070 0.427192 0.024805 0.024463
0 0.500915 0.354082 0.023431 0.024463
0 0.477487 0.353567 0.022513 0.024116
0 0.491035 0.376477 0.022969 0.023774
0 0.514466 0.379236 0.023893 0.023774
0 0.539274 0.379236 0.024811 0.025151
0 0.565228 0.380095 0.024349 0.027563
0 0.591875 0.380095 0.026185 0.025493
0 0.620586 0.381130 0.028477 0.027563
0 0.651146 0.381138 0.028958 0.026201
0 0.682145 0.382681 0.028483 0.026533
0 0.714072 0.382163 0.029863 0.028945
0 0.559948 0.505166 0.024805 0.024121
0 0.584984 0.508784 0.024342 0.026533
0 0.612087 0.512227 0.027103 0.024463
0 0.641029 0.516021 0.029857 0.025840
0 0.670430 0.520498 0.028945 0.027910
0 0.702129 0.523772 0.032617 0.030317
0 0.721882 0.553059 0.032617 0.026187
0 0.687201 0.550471 0.029401 0.029976
0 0.656647 0.545305 0.032617 0.027905
0 0.628164 0.540308 0.026185 0.028252
0 0.599225 0.536348 0.028021 0.026533
0 0.573268 0.531697 0.026641 0.026187
0 0.560638 0.554951 0.024349 0.025840
0 0.585902 0.558914 0.024342 0.024810
0 0.614154 0.562188 0.027565 0.027217
0 0.641947 0.567529 0.028945 0.026875
0 0.671807 0.573213 0.031699 0.027910
0 0.657109 0.595781 0.030781 0.026182
0 0.627246 0.591819 0.028021 0.027222
0 0.601979 0.585447 0.026185 0.027563
0 0.574421 0.580620 0.027096 0.024111
0 0.563620 0.602327 0.025729 0.024810
0 0.589118 0.607668 0.021595 0.027905
0 0.614844 0.613870 0.027109 0.025151
0 0.643786 0.621106 0.028939 0.028599
0 0.548691 0.526873 0.027109 0.023433
0 0.548464 0.577866 0.022969 0.023428
0 0.551676 0.622998 0.025723 0.026875
0 0.575107 0.630752 0.023887 0.025840
0 0.601979 0.635232 0.026185 0.025151
0 0.630003 0.642122 0.028939 0.027222
0 0.690872 0.707241 0.027565 0.026533
0 0.392038 0.240037 0.016081 0.017573
0 0.412021 0.236936 0.021126 0.020327
0 0.433613 0.235388 0.022969 0.021362
0 0.453369 0.231597 0.022051 0.022051
0 0.468757 0.252786 0.023424 0.022397
0 0.446243 0.257610 0.026185 0.023081
0 0.693402 0.235042 0.033535 0.026187
0 0.661702 0.237627 0.030775 0.027217
0 0.712695 0.262949 0.038125 0.031699
0 0.423047 0.259504 0.020208 0.024116
0 0.467187 0.377522 0.021380 0.022251
0 0.442780 0.377761 0.024245 0.023687
0 0.423799 0.377043 0.018822 0.020815
0 0.404020 0.376206 0.020098 0.022012
0 0.385039 0.375847 0.021693 0.021772
0 0.366855 0.376326 0.016589 0.020815
0 0.346279 0.375967 0.020736 0.022012
0 0.340697 0.397622 0.018503 0.020342
0 0.359040 0.399417 0.018184 0.023452
0 0.378180 0.398340 0.017546 0.020820
0 0.396045 0.397861 0.020736 0.021299
0 0.415345 0.399775 0.021693 0.021777
0 0.435602 0.400852 0.023288 0.020581
0 0.334316 0.417244 0.019779 0.018423
0 0.349948 0.417244 0.017865 0.020815
0 0.366217 0.419277 0.023607 0.023447
0 0.342770 0.438298 0.020098 0.018901
0 0.361784 0.441067 0.017943 0.019937
0 0.731953 0.292705 0.031979 0.028945
0 0.695016 0.293118 0.031973 0.027290
0 0.713210 0.322473 0.028672 0.026460
0 0.750973 0.322473 0.036934 0.031421
0 0.731953 0.353689 0.036380 0.031011
0 0.769167 0.352036 0.039141 0.029355
0 0.787633 0.383252 0.035280 0.033076
0 0.748216 0.382837 0.040247 0.030596
0 0.733607 0.411780 0.039688 0.029771
0 0.771644 0.412195 0.035280 0.029771
0 0.809131 0.414673 0.037480 0.030596
0 0.717070 0.442168 0.030872 0.031836
0 0.825117 0.446924 0.033073 0.029766
0 0.733057 0.470906 0.033079 0.031421
0 0.768890 0.472971 0.028665 0.031421
0 0.807754 0.476899 0.042448 0.031836
0 0.824014 0.508320 0.039694 0.034316
0 0.706868 0.578611 0.031419 0.033491
0 0.689505 0.602795 0.029766 0.031421
0 0.720378 0.608999 0.034180 0.028115
0 0.754004 0.614788 0.036380 0.032251
0 0.673792 0.625537 0.028118 0.029766
0 0.704665 0.631118 0.028118 0.033486
0 0.738018 0.638560 0.033079 0.031836
0 0.660013 0.646208 0.031419 0.027290
0 0.690055 0.655303 0.029772 0.028115
0 0.722581 0.662542 0.034173 0.031011
0 0.707972 0.683213 0.038040 0.029355
0 0.675999 0.676599 0.033626 0.032661
0 0.539561 0.642073 0.025358 0.026460
0 0.564365 0.649929 0.026465 0.027290
0 0.506426 0.449900 0.029219 0.028940
0 0.482832 0.449695 0.026458 0.024810
0 0.458854 0.449072 0.022604 0.026875
0 0.437354 0.445559 0.023704 0.024810
0 0.418060 0.444941 0.022604 0.024395
0 0.400029 0.444355 0.018835 0.024463
0 0.380508 0.441768 0.021133 0.020674
0 0.497422 0.473123 0.023424 0.024116
0 0.400498 0.590107 0.020293 0.020674
0 0.420596 0.593840 0.021439 0.021821
0 0.441462 0.597144 0.019525 0.018662
0 0.460218 0.602742 0.024121 0.024116
0 0.482422 0.607334 0.018750 0.020098
0 0.502904 0.612361 0.022969 0.023833
0 0.452754 0.622122 0.020677 0.019233
0 0.472660 0.625422 0.021439 0.024116
0 0.493906 0.630876 0.021055 0.021821
0 0.515921 0.636765 0.029863 0.020962
0 0.644362 0.668779 0.032539 0.022393
0 0.567412 0.698208 0.027181 0.028428
0 0.593063 0.704668 0.027181 0.029863
0 0.619668 0.712852 0.028333 0.027852
0 0.646657 0.720173 0.026413 0.025845
0 0.582917 0.457620 0.023893 0.027563
0 0.556224 0.273872 0.028945 0.026533
0 0.585166 0.271804 0.028939 0.028599
0 0.612272 0.268188 0.029857 0.024805
0 0.642591 0.268877 0.030781 0.028945
0 0.663268 0.295239 0.027109 0.025830
0 0.631566 0.296958 0.028027 0.027217
0 0.602165 0.297129 0.026191 0.026875
0 0.571383 0.300059 0.027103 0.025840
0 0.545661 0.300576 0.025267 0.025498
0 0.520394 0.303848 0.023431 0.026533
0 0.495586 0.303503 0.022513 0.023774
0 0.471696 0.305398 0.022507 0.024116
0 0.681224 0.323762 0.037669 0.031353
0 0.647920 0.322214 0.031699 0.027563
0 0.615765 0.325142 0.027103 0.026533
0 0.587741 0.326345 0.024349 0.028940
0 0.559027 0.328760 0.028483 0.029629
0 0.535830 0.326689 0.025267 0.026875
0 0.504362 0.402664 0.022969 0.025845
0 0.528939 0.403354 0.024349 0.025840
0 0.553057 0.405764 0.023887 0.025151
0 0.579701 0.406626 0.026641 0.024805
0 0.607721 0.406970 0.027565 0.026870
0 0.635055 0.408176 0.031699 0.026528
0 0.667904 0.409900 0.027565 0.027222
0 0.697077 0.411104 0.032617 0.029629
0 0.684440 0.437979 0.031237 0.028252
0 0.652513 0.437463 0.028945 0.028599
0 0.623343 0.435396 0.027559 0.028594
0 0.594401 0.433672 0.028477 0.026533
0 0.567298 0.431604 0.024805 0.026528
0 0.541569 0.430571 0.024805 0.024463
0 0.517451 0.427815 0.025267 0.025845
0 0.531003 0.452966 0.024805 0.025151
0 0.557191 0.455205 0.026647 0.025498
0 0.609788 0.459341 0.027103 0.028945
0 0.638936 0.464104 0.027103 0.026187
0 0.668822 0.465544 0.027565 0.026187
0 0.700752 0.467954 0.029863 0.029629
0 0.718437 0.497585 0.032161 0.027563
0 0.685361 0.493279 0.032155 0.026528
0 0.652741 0.490352 0.029401 0.028252
0 0.625179 0.488801 0.028483 0.026528
0 0.596699 0.485698 0.025729 0.026533
0 0.569134 0.482942 0.025729 0.025151
0 0.544557 0.480186 0.026185 0.025840
0 0.521357 0.476912 0.023887 0.024116
0 0.534909 0.502239 0.024349 0.025151
0 0.403984 0.262090 0.019753 0.023086
0 0.383538 0.263640 0.019290 0.024116
0 0.438210 0.282932 0.022969 0.022739
0 0.416159 0.284485 0.021133 0.022397
0 0.396172 0.285691 0.020677 0.024810
0 0.375270 0.288274 0.021126 0.023774
0 0.676172 0.265881 0.031237 0.029976
0 0.369567 0.312085 0.020098 0.019619
0 0.387272 0.309812 0.020417 0.019380
0 0.408805 0.309214 0.023926 0.022012
0 0.427786 0.308735 0.020417 0.022012
0 0.449320 0.307539 0.025840 0.022012
0 0.463678 0.328354 0.022018 0.020576
0 0.441344 0.330149 0.021374 0.020815
0 0.420290 0.332302 0.020098 0.021772
0 0.399714 0.332302 0.019779 0.022251
0 0.380892 0.333140 0.018503 0.019141
0 0.360635 0.333259 0.020098 0.021294
0 0.351862 0.354194 0.022331 0.020098
0 0.372119 0.355391 0.019460 0.022490
0 0.390781 0.354314 0.021693 0.020815
0 0.412155 0.355630 0.020417 0.023447
0 0.432093 0.354912 0.024564 0.020576
0 0.456338 0.355032 0.023288 0.022251
0 0.457135 0.401211 0.022969 0.022734
0 0.480589 0.400972 0.022012 0.023213
0 0.469102 0.425259 0.022018 0.024404
0 0.448203 0.423464 0.020417 0.022729
0 0.426829 0.422507 0.022969 0.022251
0 0.407529 0.420354 0.020098 0.0208150
0 0.387113 0.420593 0.022650 0.022251
0 0.750420 0.442998 0.031426 0.031836
0 0.786807 0.444651 0.036934 0.031011
0 0.788184 0.506050 0.037487 0.030596
0 0.751800 0.500259 0.031973 0.029766
0 0.735811 0.526929 0.029772 0.029355
0 0.770817 0.532717 0.032520 0.030181
0 0.806927 0.536646 0.034180 0.030596
0 0.794248 0.563518 0.035280 0.031421
0 0.755384 0.557729 0.032526 0.033906
0 0.774951 0.590393 0.036387 0.034731
0 0.738014 0.582744 0.030872 0.035967
0 0.473304 0.471057 0.025723 0.021362
0 0.451253 0.470022 0.022975 0.022739
0 0.431038 0.468125 0.022051 0.019639
0 0.411289 0.464854 0.021133 0.019297
0 0.391071 0.462788 0.022051 0.023428
0 0.374307 0.462959 0.020671 0.022393
0 0.355241 0.460718 0.017461 0.022051
0 0.336175 0.458823 0.023431 0.021016
0 0.348350 0.478462 0.020215 0.019639
0 0.365117 0.480876 0.016992 0.017573
0 0.383262 0.483115 0.019297 0.017920
0 0.402327 0.485181 0.018835 0.017227
0 0.422080 0.486731 0.020671 0.018950
0 0.442982 0.491213 0.021133 0.020327
0 0.464577 0.493452 0.020208 0.022051
0 0.486396 0.495862 0.021595 0.024810
0 0.509600 0.499827 0.022051 0.025151
0 0.355898 0.500813 0.023737 0.022397
0 0.375996 0.502681 0.016458 0.021533
0 0.393415 0.505837 0.020671 0.020962
0 0.413516 0.507991 0.017995 0.022397
0 0.432272 0.511436 0.021823 0.021250
0 0.453711 0.514739 0.022591 0.020962
0 0.474001 0.517466 0.017988 0.022393
0 0.499268 0.521917 0.025645 0.023257
0 0.522044 0.525073 0.026797 0.021533
0 0.536211 0.547759 0.025260 0.024980
0 0.510944 0.545029 0.022201 0.024121
0 0.487402 0.542446 0.021055 0.024121
0 0.465768 0.539143 0.022969 0.022681
0 0.445479 0.534263 0.020671 0.022109
0 0.424808 0.529238 0.021439 0.020674
0 0.405667 0.527659 0.020671 0.021538
0 0.385570 0.524929 0.023353 0.021821
0 0.367575 0.523784 0.021061 0.020674
0 0.378483 0.545461 0.019141 0.018091
0 0.395329 0.551492 0.018379 0.023257
0 0.415618 0.552207 0.019141 0.019521
0 0.436100 0.555652 0.021823 0.022397
0 0.458304 0.560535 0.018757 0.021245
0 0.478021 0.563120 0.022969 0.020098
0 0.500033 0.566995 0.021823 0.022104
0 0.523005 0.570583 0.027949 0.024116
0 0.537926 0.597146 0.024160 0.020952
0 0.513434 0.592261 0.024121 0.024404
0 0.489313 0.588672 0.022585 0.025840
0 0.469023 0.583503 0.022591 0.025269
0 0.448350 0.579338 0.023353 0.020386
0 0.428060 0.576182 0.021055 0.021533
0 0.408346 0.571875 0.023737 0.019814
0 0.387471 0.569580 0.021803 0.018652
0 0.526641 0.616379 0.022201 0.026128
0 0.411598 0.611499 0.022585 0.024980
0 0.432464 0.614226 0.024499 0.020669
0 0.420980 0.634468 0.022207 0.025557
0 0.442227 0.638630 0.020286 0.025269
0 0.590381 0.657437 0.024889 0.026699
0 0.462708 0.643081 0.022201 0.026699
0 0.484720 0.650115 0.024115 0.024692
0 0.505775 0.654421 0.030247 0.024692
0 0.531042 0.662031 0.024883 0.024404
0 0.555352 0.668635 0.026029 0.028423
0 0.615840 0.661887 0.026797 0.024692
0 0.579473 0.676243 0.026797 0.026987
0 0.604352 0.682993 0.028327 0.030723
0 0.631149 0.691892 0.029095 0.028999
0 0.662734 0.699219 0.027187 0.028154
0 0.454095 0.661025 0.017995 0.019521
0 0.474385 0.667917 0.022585 0.026411
0 0.496204 0.675669 0.022591 0.026992
0 0.517646 0.680696 0.023353 0.023257
0 0.541953 0.689309 0.029857 0.025552
0 0.166410 0.086387 0.010475 0.007881
0 0.184385 0.080947 0.009355 0.007588
0 0.179095 0.080974 0.010521 0.007876
