0 0.140719 0.207711 0.148562 0.181338
0 0.279969 0.101972 0.150563 0.185915
0 0.434656 0.174014 0.154688 0.188310
0 0.287156 0.294296 0.150563 0.180141
0 0.151031 0.402958 0.148562 0.181268
0 0.446500 0.376197 0.153625 0.181268
0 0.597594 0.258275 0.158812 0.187113
0 0.747125 0.144965 0.160875 0.178944
0 0.760531 0.350070 0.142312 0.177746
0 0.914219 0.229190 0.154688 0.187113
0 0.923469 0.431972 0.134062 0.167324
0 0.932250 0.639437 0.126875 0.170845
0 0.778594 0.551690 0.166063 0.195211
0 0.612031 0.463380 0.154688 0.185915
0 0.460437 0.572007 0.160875 0.180070
0 0.625938 0.658592 0.159875 0.185915
0 0.303156 0.486585 0.151562 0.192887
0 0.164438 0.597570 0.152625 0.189366
0 0.321719 0.687641 0.143313 0.176690
0 0.182469 0.795106 0.153688 0.168521
0 0.334094 0.885211 0.139188 0.171972
0 0.479500 0.778275 0.143375 0.176690
0 0.641437 0.868944 0.143375 0.176620
0 0.789937 0.759120 0.147500 0.173169
0 0.933281 0.842183 0.122687 0.176620
