0 0.3980999999999999 0.16360200000000003 0.0215 0.040076
0 0.49485 0.040205999999999964 0.0233 0.04244
0 0.4746999999999999 0.07872400000000002 0.0233 0.044016
0 0.5319 0.033528 0.024074 0.043228
0 0.5136879999999999 0.07202599999999992 0.024376 0.04319
0 0.5284679999999999 0.16988800000000004 0.023562 0.040864
0 0.6866000000000001 0.03922200000000009 0.02095 0.042046
0 0.7039059999999999 0.067712 0.023038 0.041652
0 0.6691940000000001 0.07342399999999993 0.021212 0.042834
0 0.652976 0.11055400000000004 0.02275 0.040094
0 0.6865000000000001 0.10346999999999995 0.0212 0.041652
0 0.43722400000000006 0.1555439999999999 0.02435 0.045196
0 0.41801200000000005 0.19307600000000003 0.022 0.044016
0 0.39863800000000005 0.2329540000000001 0.02565 0.041258
0 0.4743059999999999 0.1476820000000001 0.024088 0.04441
0 0.45555600000000007 0.1850179999999999 0.021212 0.042046
0 0.435138 0.22195199999999993 0.02225 0.038912
0 0.41683800000000004 0.262626 0.021726 0.04244
0 0.39692400000000005 0.30113600000000007 0.02385 0.042458
0 0.4928680000000001 0.17676399999999992 0.023038 0.041258
0 0.546662 0.19995399999999997 0.02435 0.04441
0 0.511206 0.20800200000000002 0.023012 0.040882
0 0.4740120000000001 0.2152719999999999 0.025124 0.041276
0 0.45504999999999995 0.25476600000000005 0.0228 0.04244
0 0.490912 0.24494400000000005 0.02385 0.038518
0 0.5284679999999999 0.23649199999999992 0.023038 0.036548
0 0.600744 0.15417400000000003 0.023012 0.036942
0 0.6843999999999999 0.16910000000000003 0.02435 0.041652
0 0.699432 0.19621 0.019888 0.040076
0 0.598268 0.21900600000000003 0.022262 0.040076
0 0.580832 0.25732599999999994 0.021988 0.042046
0 0.4731000000000001 0.28227 0.0233 0.040076
0 0.43476800000000004 0.29150999999999994 0.024612 0.041258
0 0.4157740000000001 0.33197999999999994 0.02485 0.045196
0 0.45360599999999995 0.3207880000000001 0.025112 0.044804
0 0.632824 0.211144 0.02225 0.040076
0 0.6662060000000001 0.2042679999999999 0.025662 0.039682
0 0.616306 0.24848000000000003 0.024338 0.040076
0 0.6490499999999999 0.24062000000000006 0.0228 0.040076
0 0.682968 0.23394000000000004 0.023562 0.040076
0 0.716456 0.225684 0.025112 0.039288
0 0.6648879999999999 0.2675320000000001 0.0215 0.039682
0 0.6320380000000001 0.27775799999999995 0.022776 0.042046
0 0.5972120000000001 0.28562 0.02385 0.041258
0 0.6815119999999999 0.2954399999999999 0.02275 0.038912
0 0.6473439999999999 0.3044739999999999 0.023012 0.039682
0 0.614606 0.31332000000000004 0.023038 0.043228
0 0.631356 0.34337799999999996 0.023038 0.041276
0 0.544988 0.33237399999999995 0.02565 0.042834
0 0.6798059999999999 0.36066599999999993 0.024638 0.04047
0 0.489862 0.4465300000000001 0.02485 0.040864
0 0.5249379999999999 0.43748600000000004 0.0254 0.041652
0 0.594074 0.416266 0.02435 0.040076
0 0.6296740000000001 0.40742999999999996 0.02485 0.043602
0 0.6462939999999999 0.433762 0.023588 0.039682
0 0.5783499999999999 0.45360200000000006 0.0233 0.040076
0 0.5946 0.48051599999999994 0.0233 0.042046
0 0.6126499999999999 0.44495400000000007 0.0228 0.040864
0 0.630838 0.47226999999999997 0.022 0.0397
0 0.5051680000000001 0.47442800000000007 0.023038 0.0385
0 0.4868680000000001 0.5121579999999999 0.022512 0.039288
0 0.5233760000000001 0.502326 0.02385 0.04244
0 0.5061 0.540254 0.0238 0.042834
0 0.5415559999999999 0.5294380000000001 0.025138 0.04244
0 0.456226 0.04727999999999999 0.02255 0.044804
0 0.4377500000000001 0.08638799999999991 0.0233 0.045196
0 0.41813199999999995 0.1237140000000001 0.024838 0.04439
0 0.5482819999999999 0.06416599999999995 0.023912 0.041614
0 0.5307 0.10191400000000006 0.0233 0.043228
0 0.45714999999999995 0.11644399999999999 0.022776 0.043996
0 0.4919500000000001 0.1091740000000001 0.0233 0.04439
0 0.5114559999999999 0.14041199999999998 0.022512 0.04244
0 0.547606 0.1331420000000001 0.024612 0.039682
0 0.5842620000000001 0.057109999999999994 0.022524 0.041652
0 0.6187940000000001 0.049250000000000016 0.022512 0.040864
0 0.6012820000000001 0.08619200000000005 0.023562 0.040076
0 0.583594 0.12313400000000008 0.022812 0.043228
0 0.652844 0.04237399999999991 0.020388 0.04047
0 0.6342559999999999 0.07989599999999997 0.021438 0.040094
0 0.6177680000000001 0.11682999999999999 0.023562 0.043228
0 0.635562 0.1449339999999999 0.024626 0.042064
0 0.6690560000000001 0.1390340000000001 0.023038 0.041258
0 0.7018 0.132166 0.02145 0.039306
0 0.7183059999999999 0.1606559999999999 0.020938 0.038912
0 0.5818939999999999 0.1901219999999999 0.023012 0.041258
0 0.6157999999999999 0.1830480000000001 0.0217 0.04047
0 0.6508879999999999 0.1751879999999999 0.0254 0.043622
0 0.5456319999999999 0.2665580000000001 0.023862 0.039306
0 0.509226 0.2749999999999999 0.02435 0.04441
0 0.5804499999999999 0.3241179999999999 0.0249 0.042046
0 0.527174 0.30371400000000004 0.02725 0.04289
0 0.48988199999999993 0.31332000000000004 0.028538 0.046378
0 0.6989320000000001 0.2608539999999999 0.021988 0.041258
0 0.7148760000000001 0.2899339999999999 0.0199 0.03653
0 0.507682 0.34102199999999994 0.022262 0.043622
0 0.4346239999999999 0.3598779999999999 0.02595 0.042834
0 0.415106 0.399184 0.024612 0.043622
0 0.697724 0.32392200000000004 0.0233 0.040076
0 0.663694 0.33197999999999994 0.023312 0.041258
0 0.5959000000000001 0.35182 0.0228 0.041652
0 0.578738 0.3889579999999999 0.024074 0.042046
0 0.6139619999999999 0.37972800000000007 0.02275 0.039306
0 0.648274 0.36971 0.0212 0.041258
0 0.6642319999999999 0.39800199999999997 0.026988 0.04047
0 0.47075 0.35182 0.0238 0.041652
0 0.48883199999999993 0.3803099999999999 0.022262 0.041258
0 0.4523060000000001 0.39092799999999994 0.024612 0.043622
0 0.524556 0.36990600000000007 0.023588 0.04244
0 0.543012 0.39879 0.02275 0.041258
0 0.5066379999999999 0.40801200000000004 0.02435 0.041652
0 0.472588 0.41823600000000005 0.02385 0.040076
0 0.433562 0.42787 0.0233 0.041258
0 0.4534879999999999 0.45831200000000005 0.02645 0.044016
0 0.611068 0.5090060000000001 0.022262 0.040864
0 0.577194 0.5184420000000001 0.024088 0.043228
0 0.542618 0.4634339999999999 0.026162 0.044016
0 0.470232 0.48640799999999995 0.025938 0.042834
