0 0.771594 0.25122 0.029368 0.03794
0 0.751848 0.289728 0.035544 0.035176
0 0.731594 0.32767 0.035544 0.035176
0 0.713368 0.364526 0.035544 0.035176
0 0.694632 0.402466 0.035544 0.035176
0 0.711342 0.289728 0.035544 0.035176
0 0.692608 0.328212 0.035544 0.035176
0 0.691088 0.251246 0.035544 0.035176
0 0.671342 0.288644 0.035544 0.035176
0 0.63286 0.287018 0.035544 0.035176
0 0.652102 0.326044 0.035544 0.035176
0 0.611088 0.326586 0.035544 0.035176
0 0.570582 0.324418 0.035544 0.035176
0 0.812608 0.251788 0.035544 0.035176
0 0.792354 0.288916 0.036556 0.03897
0 0.773114 0.326586 0.036556 0.03897
0 0.752354 0.361274 0.036556 0.03897
0 0.73362 0.399756 0.036556 0.03897
0 0.852608 0.253414 0.036556 0.03897
0 0.831342 0.290814 0.036556 0.03897
0 0.811594 0.326044 0.036556 0.03897
0 0.792354 0.363442 0.036556 0.03897
0 0.67286 0.365068 0.036556 0.03897
0 0.632354 0.363984 0.036556 0.03897
0 0.59438 0.359648 0.036556 0.03897
0 0.554886 0.363442 0.036556 0.03897
0 0.492608 0.394878 0.036556 0.03897
0 0.475898 0.433902 0.036556 0.03897
0 0.45362 0.47401 0.036556 0.03897
0 0.436912 0.510868 0.036556 0.03897
0 0.532102 0.40084 0.036556 0.03897
0 0.511342 0.437154 0.036556 0.03897
0 0.492608 0.474552 0.036556 0.03897
0 0.571594 0.401382 0.036556 0.03897
0 0.61362 0.400298 0.036556 0.03897
0 0.651594 0.402466 0.036556 0.03897
0 0.551848 0.437696 0.036556 0.03897
0 0.593874 0.437696 0.036556 0.03897
0 0.533114 0.472926 0.036556 0.03897
0 0.473368 0.508158 0.036556 0.03897
0 0.513874 0.510326 0.036556 0.03897
0 0.633368 0.436612 0.036556 0.03897
0 0.67286 0.436612 0.036556 0.03897
0 0.572102 0.47401 0.036556 0.03897
0 0.553874 0.51141 0.036556 0.03897
0 0.610582 0.476178 0.036556 0.03897
0 0.592354 0.510868 0.036556 0.03897
0 0.713874 0.437696 0.036556 0.03897
0 0.654126 0.473468 0.036556 0.03897
0 0.69362 0.47401 0.036556 0.03897
0 0.63286 0.511952 0.036556 0.03897
0 0.67438 0.513036 0.036556 0.03897
0 0.773114 0.403008 0.036556 0.03897
0 0.754886 0.43878 0.036556 0.03897
0 0.891088 0.25233 0.036556 0.03897
0 0.87286 0.289186 0.036556 0.03897
0 0.851088 0.326044 0.036556 0.03897
0 0.831342 0.361816 0.036556 0.03897
0 0.812102 0.401382 0.036556 0.03897
0 0.792354 0.439322 0.036556 0.03897
0 0.734632 0.476178 0.036556 0.03897
0 0.771088 0.477804 0.036556 0.03897
0 0.711848 0.510868 0.036556 0.03897
0 0.753874 0.512494 0.036556 0.03897
0 0.930076 0.25233 0.036556 0.03897
0 0.913874 0.289186 0.036556 0.03897
0 0.892608 0.325502 0.036556 0.03897
0 0.871848 0.365068 0.036556 0.03897
0 0.852608 0.399756 0.036556 0.03897
0 0.831342 0.437154 0.036556 0.03897
0 0.812102 0.474552 0.036556 0.03897
0 0.79286 0.512494 0.036556 0.03897
0 0.970076 0.25233 0.036556 0.03897
0 0.949316 0.290814 0.036556 0.03897
0 0.932102 0.326586 0.036556 0.03897
0 0.914886 0.36561 0.036556 0.03897
0 0.891088 0.401924 0.036556 0.03897
0 0.871342 0.439864 0.036556 0.03897
0 0.853114 0.476178 0.036556 0.03897
0 0.833368 0.513036 0.036556 0.03897
0 0.96805 0.330922 0.036556 0.03897
0 0.95286 0.363984 0.036556 0.03897
0 0.931088 0.400298 0.036556 0.03897
0 0.91033 0.437154 0.036556 0.03897
0 0.892102 0.476178 0.036556 0.03897
0 0.871848 0.511952 0.036556 0.03897
0 0.971088 0.399214 0.036556 0.03897
0 0.952354 0.438238 0.036556 0.03897
0 0.92957 0.4713 0.036556 0.03897
0 0.911848 0.510326 0.036556 0.03897
0 0.971088 0.475636 0.036556 0.03897
0 0.951342 0.509242 0.036556 0.03897
0 0.41514 0.472926 0.036556 0.03897
0 0.395392 0.510326 0.036556 0.03897
0 0.358936 0.583496 0.036556 0.03897
0 0.33514 0.618726 0.036556 0.03897
0 0.31843 0.65775 0.036556 0.03897
0 0.298178 0.695692 0.036556 0.03897
0 0.418178 0.547724 0.036556 0.03897
0 0.396406 0.58458 0.036556 0.03897
0 0.379696 0.620894 0.036556 0.03897
0 0.359444 0.655582 0.036556 0.03897
0 0.340202 0.694066 0.036556 0.03897
0 0.456152 0.547398 0.036556 0.03897
0 0.437924 0.58588 0.036556 0.03897
0 0.416152 0.621654 0.036556 0.03897
0 0.395848 0.657914 0.036556 0.03897
0 0.37833 0.695366 0.036556 0.03897
0 0.494254 0.549404 0.036608 0.03897
0 0.47605 0.586098 0.036556 0.03897
0 0.457822 0.62122 0.036556 0.03897
0 0.437368 0.657914 0.036556 0.03897
0 0.41843 0.696124 0.036556 0.03897
0 0.532912 0.547074 0.036556 0.03897
0 0.51833 0.582982 0.036556 0.039024
0 0.497164 0.622792 0.036556 0.03897
0 0.475292 0.655556 0.036556 0.039024
0 0.45924 0.693008 0.036556 0.039024
0 0.318532 0.728158 0.036556 0.03897
0 0.30324 0.767154 0.036556 0.039024
0 0.276254 0.805392 0.036556 0.03897
0 0.358632 0.732818 0.036556 0.03897
0 0.339696 0.766368 0.036556 0.03897
0 0.322178 0.806964 0.036556 0.03897
0 0.397266 0.732818 0.036556 0.03897
0 0.436658 0.732818 0.036556 0.03897
0 0.37833 0.768726 0.036556 0.039024
0 0.41914 0.769512 0.036556 0.03897
0 0.360102 0.806206 0.036556 0.03897
0 0.397266 0.806206 0.036556 0.03897
0 0.574456 0.55019 0.036608 0.039024
0 0.554026 0.586856 0.036556 0.03897
0 0.538026 0.625122 0.036556 0.03897
0 0.51757 0.660244 0.036556 0.03897
0 0.496456 0.693008 0.036556 0.039024
0 0.478936 0.731246 0.036556 0.03897
0 0.458532 0.76794 0.036556 0.03897
0 0.436658 0.806206 0.036556 0.03897
0 0.615292 0.550976 0.036556 0.03897
0 0.595594 0.584526 0.036556 0.03897
0 0.57519 0.621978 0.036556 0.03897
0 0.554784 0.658672 0.036556 0.03897
0 0.538026 0.697696 0.036556 0.03897
0 0.514684 0.731246 0.036556 0.03897
0 0.497924 0.76794 0.036556 0.03897
0 0.479646 0.80775 0.036556 0.039024
0 0.653924 0.55019 0.036556 0.039024
0 0.696202 0.550976 0.036556 0.03897
0 0.73124 0.547832 0.036556 0.03897
0 0.773518 0.55019 0.036556 0.039024
0 0.81286 0.55019 0.036556 0.039024
0 0.851544 0.55019 0.036556 0.039024
0 0.889418 0.548644 0.036556 0.03897
0 0.932456 0.547074 0.036556 0.03897
0 0.97038 0.55019 0.036556 0.039024
0 0.634228 0.588428 0.036556 0.03897
0 0.616 0.618888 0.036556 0.03897
0 0.597772 0.660244 0.036556 0.03897
0 0.575898 0.693008 0.036556 0.039024
0 0.555494 0.73439 0.036556 0.03897
0 0.536556 0.768726 0.036556 0.039024
0 0.519746 0.804634 0.036556 0.03897
0 0.67433 0.58767 0.036556 0.03897
0 0.655392 0.62122 0.036556 0.03897
0 0.634988 0.658672 0.036556 0.03897
0 0.61676 0.695366 0.036556 0.03897
0 0.597772 0.732818 0.036556 0.03897
0 0.580304 0.769512 0.036556 0.03897
0 0.55767 0.806964 0.036556 0.03897
0 0.715898 0.585312 0.036556 0.039024
0 0.695494 0.619648 0.036556 0.03897
0 0.672886 0.657914 0.036608 0.03897
0 0.655392 0.695366 0.036556 0.03897
0 0.635696 0.731246 0.036556 0.03897
0 0.61676 0.768726 0.036556 0.039024
0 0.59633 0.803848 0.036608 0.039024
0 0.754532 0.585312 0.036556 0.039024
0 0.736304 0.621978 0.036556 0.03897
0 0.71519 0.657914 0.036556 0.03897
0 0.695494 0.693794 0.036556 0.03897
0 0.676532 0.731246 0.036608 0.03897
0 0.65686 0.769512 0.036556 0.03897
0 0.637164 0.805392 0.036556 0.03897
0 0.793924 0.586856 0.036556 0.03897
0 0.775696 0.622792 0.036556 0.03897
0 0.758178 0.657914 0.036556 0.03897
0 0.737772 0.693008 0.036556 0.039024
0 0.718836 0.731246 0.036556 0.03897
0 0.696962 0.76794 0.036556 0.03897
0 0.675798 0.805392 0.036556 0.03897
0 0.832556 0.588428 0.036556 0.03897
0 0.811444 0.622792 0.036556 0.03897
0 0.79757 0.657914 0.036556 0.03897
0 0.776406 0.69458 0.036556 0.039024
0 0.754532 0.731246 0.036556 0.03897
0 0.735594 0.766368 0.036556 0.03897
0 0.719544 0.805392 0.036556 0.03897
0 0.874126 0.585312 0.036556 0.039024
0 0.853722 0.618076 0.036556 0.03897
0 0.832556 0.658672 0.036556 0.03897
0 0.815064 0.696124 0.036608 0.03897
0 0.793164 0.728916 0.036556 0.03897
0 0.775696 0.767154 0.036556 0.039024
0 0.759646 0.803848 0.036556 0.039024
0 0.910582 0.58374 0.036556 0.039024
0 0.892354 0.62122 0.036556 0.03897
0 0.869746 0.6571 0.036608 0.03897
0 0.952152 0.58141 0.036556 0.039024
0 0.852254 0.695366 0.036556 0.03897
0 0.833266 0.73206 0.036556 0.03897
0 0.81362 0.76561 0.036556 0.03897
0 0.795392 0.801518 0.036556 0.039024
0 0.930988 0.618888 0.036556 0.03897
0 0.911292 0.659458 0.036556 0.039024
0 0.892354 0.69225 0.036556 0.039024
0 0.872658 0.733604 0.036556 0.039024
0 0.85443 0.76794 0.036556 0.03897
0 0.835494 0.806206 0.036556 0.03897
0 0.97038 0.619648 0.036556 0.03897
0 0.951392 0.6571 0.036556 0.03897
0 0.932456 0.695366 0.036556 0.03897
0 0.913518 0.729702 0.036556 0.039024
0 0.893822 0.769512 0.036556 0.03897
0 0.874126 0.803848 0.036556 0.039024
0 0.855898 0.842086 0.036556 0.03897
0 0.815064 0.842086 0.036608 0.03897
0 0.774228 0.841328 0.036556 0.03897
0 0.736304 0.842872 0.036556 0.039024
0 0.69767 0.841328 0.036556 0.03897
0 0.65757 0.841328 0.036556 0.03897
0 0.61676 0.842086 0.036556 0.03897
0 0.576658 0.842872 0.036556 0.039024
0 0.538734 0.840514 0.036556 0.03897
0 0.497924 0.842086 0.036556 0.03897
0 0.45924 0.840514 0.036556 0.03897
0 0.419898 0.841328 0.036556 0.03897
0 0.38124 0.841328 0.036608 0.03897
0 0.341874 0.841328 0.036556 0.03897
0 0.300304 0.842086 0.036556 0.03897
0 0.282532 0.878998 0.036556 0.03897
0 0.262278 0.916396 0.036556 0.03897
0 0.320506 0.878456 0.036556 0.03897
0 0.301266 0.914228 0.036556 0.03897
0 0.28 0.951084 0.036556 0.03897
0 0.36 0.876288 0.036556 0.03897
0 0.341266 0.91206 0.036556 0.03897
0 0.321012 0.950542 0.036556 0.03897
0 0.401012 0.875746 0.036556 0.03897
0 0.38076 0.914228 0.036556 0.03897
0 0.36 0.948374 0.036556 0.03897
0 0.441012 0.875746 0.036556 0.03897
0 0.422278 0.912602 0.036556 0.03897
0 0.398482 0.950542 0.036556 0.03897
0 0.482532 0.876288 0.036556 0.03897
0 0.46076 0.913686 0.036556 0.03897
0 0.441012 0.95 0.036556 0.03897
0 0.521012 0.877372 0.036556 0.03897
0 0.499746 0.913686 0.036556 0.03897
0 0.483544 0.951626 0.036556 0.03897
0 0.560506 0.878456 0.036556 0.03897
0 0.541266 0.913686 0.036556 0.03897
0 0.522532 0.951084 0.036556 0.03897
0 0.596962 0.87954 0.036556 0.03897
0 0.57924 0.913144 0.036556 0.03897
0 0.557974 0.952168 0.036556 0.03897
0 0.638988 0.880082 0.036556 0.03897
0 0.618228 0.916396 0.036556 0.03897
0 0.599494 0.952168 0.036556 0.03897
0 0.677468 0.87954 0.036556 0.03897
0 0.65924 0.91477 0.036556 0.03897
0 0.637974 0.952168 0.036556 0.03897
0 0.716962 0.875746 0.036556 0.03897
0 0.758482 0.878998 0.036556 0.03897
0 0.796456 0.87683 0.036556 0.03897
0 0.83595 0.878456 0.036556 0.03897
0 0.697722 0.91477 0.036556 0.03897
0 0.68 0.951084 0.036556 0.03897
0 0.816202 0.91748 0.036556 0.03897
0 0.79595 0.95 0.036556 0.03897
0 0.836962 0.951626 0.036556 0.03897
0 0.96962 0.694174 0.036556 0.03897
0 0.951392 0.730488 0.036556 0.03897
0 0.931646 0.76954 0.036556 0.039024
0 0.912406 0.80691 0.036556 0.03897
0 0.892658 0.84214 0.036556 0.03897
0 0.873418 0.876288 0.036556 0.03897
0 0.913418 0.87683 0.036556 0.03897
0 0.934178 0.84271 0.036556 0.039024
0 0.953418 0.8042 0.036556 0.03897
0 0.972658 0.767886 0.036556 0.03897
0 0.972658 0.841598 0.036556 0.03897
0 0.951088 0.879376 0.036556 0.03897
0 0.933368 0.914066 0.036556 0.03897
