0 0.350477 0.738060 0.011400 0.015513
0 0.438996 0.516919 0.012469 0.018776
0 0.367315 0.488624 0.010954 0.016726
0 0.359058 0.499163 0.011623 0.017636
0 0.378435 0.495617 0.011623 0.018787
0 0.368915 0.505465 0.011123 0.016956
0 0.388373 0.502484 0.011285 0.015575
0 0.379358 0.512338 0.011454 0.015115
0 0.310550 0.499686 0.013100 0.015502
0 0.301450 0.509582 0.012854 0.017490
0 0.399096 0.508426 0.012131 0.016496
0 0.390481 0.517667 0.011885 0.017155
0 0.410254 0.513870 0.012123 0.018138
0 0.400188 0.523933 0.010915 0.017155
0 0.419958 0.520141 0.012608 0.017479
0 0.410419 0.530727 0.011208 0.015910
0 0.459846 0.514283 0.011215 0.015910
0 0.449996 0.524430 0.011992 0.016308
0 0.430600 0.527871 0.011215 0.014718
0 0.421435 0.536956 0.011992 0.017762
0 0.441027 0.533572 0.011408 0.016579
0 0.431623 0.544179 0.011508 0.016036
0 0.478515 0.510774 0.011508 0.015774
0 0.470181 0.520513 0.011792 0.016967
0 0.461065 0.530853 0.011500 0.017500
0 0.451754 0.540005 0.010231 0.015910
0 0.442592 0.550016 0.011600 0.017103
0 0.498600 0.506925 0.011508 0.017636
0 0.489727 0.517066 0.012485 0.016705
0 0.480465 0.527605 0.012669 0.018159
0 0.509908 0.513886 0.011692 0.015910
0 0.500450 0.523964 0.012085 0.016967
0 0.471158 0.536888 0.010823 0.016579
0 0.491192 0.533839 0.011892 0.016569
0 0.511373 0.531119 0.012869 0.017238
0 0.521365 0.520978 0.011992 0.017103
0 0.532088 0.526878 0.012192 0.018023
0 0.522923 0.536621 0.012185 0.017364
0 0.513565 0.547626 0.010623 0.016297
0 0.501519 0.539806 0.011515 0.015241
0 0.482562 0.544179 0.011600 0.017103
0 0.461992 0.547296 0.010631 0.015910
0 0.472962 0.553787 0.010723 0.016172
0 0.452731 0.557103 0.010631 0.016172
0 0.483735 0.560152 0.011408 0.016705
0 0.493188 0.550345 0.011992 0.015649
0 0.503573 0.555910 0.010915 0.015377
0 0.543592 0.534032 0.011800 0.017500
0 0.534327 0.544242 0.012577 0.018295
0 0.524288 0.553457 0.012377 0.017626
0 0.514881 0.563468 0.011900 0.016705
0 0.553973 0.539733 0.010331 0.016705
0 0.545054 0.550214 0.011400 0.017500
0 0.535012 0.560288 0.010823 0.015638
0 0.525508 0.569765 0.011508 0.014990
0 0.494796 0.566914 0.012285 0.017238
0 0.464331 0.564064 0.011215 0.016831
0 0.485196 0.576925 0.011408 0.016841
0 0.474519 0.570293 0.011500 0.016569
0 0.505277 0.573541 0.010631 0.015910
0 0.516681 0.580371 0.013162 0.015241
0 0.496358 0.583881 0.012085 0.015377
0 0.567085 0.545994 0.013954 0.017594
0 0.556573 0.556715 0.013546 0.017050
0 0.546669 0.567578 0.012738 0.016768
0 0.558396 0.572673 0.012746 0.017626
0 0.537062 0.577061 0.012938 0.019247
0 0.527827 0.587479 0.010823 0.018159
0 0.548350 0.585089 0.011900 0.019487
0 0.538650 0.594702 0.012377 0.017772
0 0.506669 0.590732 0.010431 0.016423
0 0.549423 0.601334 0.011508 0.013525
0 0.518127 0.597762 0.011115 0.016715
0 0.539723 0.611077 0.012185 0.015523
0 0.528365 0.603128 0.009946 0.014456
0 0.476596 0.587819 0.009746 0.012981
0 0.465481 0.580988 0.009362 0.013672
0 0.487565 0.594174 0.010823 0.014582
0 0.454123 0.573488 0.010431 0.015910
0 0.497508 0.599738 0.010815 0.016444
0 0.540988 0.626925 0.009454 0.016715
0 0.530850 0.621151 0.010823 0.016046
0 0.519688 0.613991 0.012285 0.017374
0 0.507646 0.606831 0.010815 0.014184
0 0.443788 0.566475 0.013162 0.017510
0 0.445108 0.583441 0.011892 0.016192
0 0.455927 0.589864 0.010731 0.016569
0 0.477523 0.603719 0.011800 0.016433
0 0.466700 0.597155 0.011400 0.016297
0 0.488392 0.610089 0.010523 0.016182
0 0.499312 0.616789 0.011500 0.017636
0 0.510135 0.624132 0.011700 0.017238
0 0.521100 0.631224 0.011600 0.016569
0 0.531727 0.637458 0.010438 0.015774
0 0.329138 0.496799 0.010046 0.015251
0 0.320512 0.506276 0.009946 0.014854
0 0.311492 0.516020 0.010631 0.015241
0 0.292723 0.518870 0.010138 0.014582
0 0.302815 0.525502 0.010231 0.015377
0 0.339035 0.503101 0.011900 0.014571
0 0.330550 0.512908 0.010531 0.015377
0 0.321781 0.522055 0.011700 0.015115
0 0.313588 0.532265 0.010531 0.015115
0 0.349954 0.509325 0.010338 0.015638
0 0.340738 0.518473 0.010431 0.015377
0 0.331477 0.528954 0.010431 0.016192
0 0.360042 0.515356 0.010038 0.015774
0 0.370181 0.521522 0.011408 0.015910
0 0.350781 0.524639 0.010038 0.014446
0 0.380373 0.527688 0.009946 0.015774
0 0.361408 0.531595 0.011015 0.015115
0 0.371788 0.537631 0.011700 0.016579
0 0.341615 0.535042 0.011015 0.016172
0 0.390558 0.534446 0.011208 0.016046
0 0.352000 0.540277 0.011108 0.015513
0 0.362969 0.547709 0.011800 0.018703
0 0.329138 0.525894 0.010815 0.017500
0 0.293700 0.534712 0.011508 0.015241
0 0.333377 0.544791 0.011308 0.016046
0 0.304865 0.541872 0.011408 0.016569
0 0.382173 0.543666 0.010623 0.015659
0 0.401088 0.541276 0.010823 0.015900
0 0.392750 0.550758 0.010331 0.017103
0 0.411615 0.546841 0.011015 0.015377
0 0.523012 0.648018 0.010531 0.015596
0 0.511604 0.640146 0.011346 0.016067
0 0.500900 0.633222 0.011462 0.016234
0 0.490546 0.627892 0.011815 0.017019
0 0.479081 0.620173 0.012054 0.017500
0 0.468204 0.613415 0.011115 0.018295
0 0.457085 0.606731 0.010646 0.016705
0 0.432869 0.560439 0.011354 0.017029
0 0.422515 0.553677 0.011462 0.017814
0 0.403035 0.557259 0.011346 0.017029
0 0.383673 0.559409 0.009592 0.017814
0 0.373208 0.555031 0.010646 0.016381
0 0.393562 0.567442 0.011108 0.015429
0 0.414215 0.563855 0.011462 0.016266
0 0.404612 0.574168 0.011115 0.015345
0 0.415308 0.580465 0.009938 0.016956
0 0.423565 0.570387 0.010608 0.015126
0 0.425081 0.586192 0.011962 0.017406
0 0.434265 0.576689 0.011792 0.015345
0 0.435777 0.593065 0.012800 0.018326
0 0.343038 0.550915 0.010615 0.017877
0 0.364435 0.563169 0.011285 0.017636
0 0.353654 0.556187 0.010277 0.016956
0 0.446473 0.599937 0.011962 0.017866
0 0.374288 0.570277 0.011792 0.015805
0 0.334196 0.560424 0.011792 0.017646
0 0.406296 0.589399 0.011115 0.016496
0 0.394758 0.583441 0.012300 0.018326
0 0.344888 0.567641 0.011623 0.016036
0 0.513862 0.657552 0.012631 0.017636
0 0.502912 0.651140 0.011962 0.016715
0 0.491712 0.643468 0.011792 0.016496
0 0.480338 0.636135 0.012292 0.015575
0 0.416404 0.596386 0.011792 0.015805
0 0.313896 0.547594 0.012300 0.017636
0 0.323327 0.537971 0.010608 0.017176
0 0.324423 0.554697 0.010785 0.017176
0 0.355508 0.574738 0.009938 0.015126
0 0.365442 0.580120 0.011962 0.016726
0 0.284581 0.529493 0.010946 0.016726
0 0.275904 0.539346 0.011115 0.017186
0 0.267315 0.547824 0.010446 0.013975
0 0.285000 0.544158 0.010446 0.013525
0 0.295696 0.551376 0.011962 0.016036
0 0.277085 0.554812 0.011123 0.014665
0 0.287442 0.560533 0.011285 0.017866
0 0.305804 0.557442 0.011623 0.016266
0 0.297300 0.567411 0.011462 0.016956
0 0.307323 0.574168 0.010615 0.015805
0 0.258638 0.558473 0.010954 0.013285
0 0.316254 0.564090 0.010615 0.014895
0 0.269000 0.564315 0.010108 0.014885
0 0.325769 0.570502 0.011123 0.014895
0 0.317346 0.580811 0.010446 0.016266
0 0.278431 0.570617 0.008754 0.012824
0 0.288288 0.577144 0.009269 0.013054
0 0.335708 0.576454 0.010446 0.013975
0 0.327035 0.586192 0.011285 0.014205
0 0.298392 0.582646 0.010615 0.014895
0 0.346154 0.583902 0.010785 0.014205
0 0.337227 0.592835 0.011454 0.013285
0 0.347923 0.599022 0.010277 0.016956
0 0.356685 0.589974 0.010277 0.014885
0 0.376227 0.586653 0.012300 0.014205
0 0.377912 0.603149 0.011962 0.016946
0 0.367719 0.596846 0.012469 0.016266
0 0.397331 0.599383 0.011323 0.015126
0 0.388538 0.609969 0.011123 0.017594
0 0.407946 0.606391 0.011923 0.016485
0 0.399150 0.616009 0.012131 0.018692
0 0.418154 0.613264 0.012938 0.015397
0 0.427050 0.603368 0.011731 0.017594
0 0.408954 0.623572 0.010308 0.014571
0 0.429069 0.619451 0.010508 0.014027
0 0.438269 0.608729 0.010708 0.014571
0 0.358015 0.605978 0.011523 0.016768
0 0.308481 0.589346 0.011115 0.015952
0 0.448581 0.616700 0.011115 0.016768
0 0.439077 0.626051 0.009908 0.016768
0 0.457881 0.623023 0.010715 0.014561
0 0.469904 0.629482 0.012131 0.016496
0 0.448981 0.633468 0.012331 0.016224
0 0.419469 0.628933 0.011923 0.018703
0 0.369031 0.613264 0.010508 0.014854
0 0.430081 0.634707 0.011731 0.017594
0 0.378731 0.620408 0.010108 0.015397
0 0.318488 0.595941 0.011731 0.017594
0 0.329104 0.601721 0.010715 0.017040
0 0.460204 0.639378 0.012131 0.017040
0 0.440696 0.641166 0.010715 0.015115
0 0.503869 0.666595 0.011723 0.016496
0 0.493258 0.659718 0.012331 0.017594
0 0.482138 0.652573 0.011523 0.017050
0 0.471219 0.646663 0.012331 0.015669
0 0.462531 0.655188 0.011523 0.017322
0 0.451208 0.649963 0.013138 0.016224
0 0.390054 0.626051 0.011323 0.014571
0 0.472535 0.663295 0.011731 0.017594
0 0.400162 0.632369 0.011723 0.016768
0 0.339312 0.609278 0.010915 0.016213
0 0.410573 0.638415 0.011115 0.016224
0 0.483250 0.669754 0.011731 0.016224
0 0.420881 0.645288 0.012331 0.016224
0 0.494669 0.675941 0.009908 0.017050
0 0.431596 0.653122 0.010715 0.017040
0 0.349115 0.615052 0.011123 0.016213
0 0.369735 0.628933 0.010715 0.016485
0 0.359123 0.622882 0.010508 0.016496
0 0.442815 0.659582 0.011723 0.015669
0 0.128069 0.435518 0.001262 0.013107
0 0.295327 0.656930 0.010392 0.015282
0 0.286623 0.666569 0.008985 0.013933
0 0.277777 0.676020 0.010108 0.015659
0 0.269285 0.685089 0.008846 0.015847
0 0.314769 0.653588 0.010815 0.015837
0 0.324246 0.661606 0.009831 0.013944
0 0.334708 0.667045 0.009123 0.014508
0 0.344112 0.673635 0.010254 0.014320
0 0.354431 0.680795 0.009262 0.015649
0 0.365238 0.686710 0.010954 0.015659
0 0.375838 0.694346 0.009692 0.013358
0 0.377385 0.710099 0.010246 0.014320
0 0.377946 0.725366 0.010246 0.013933
0 0.380400 0.742453 0.011231 0.015659
0 0.367135 0.703703 0.009962 0.014895
0 0.368258 0.719927 0.009685 0.015272
0 0.369731 0.736250 0.010954 0.015847
0 0.305365 0.663802 0.009685 0.014885
0 0.315685 0.668217 0.008708 0.015324
0 0.326354 0.677259 0.010108 0.013933
0 0.335969 0.682986 0.008277 0.014697
0 0.346500 0.689383 0.011369 0.017176
0 0.356185 0.697019 0.010246 0.014121
0 0.357515 0.712291 0.010108 0.015649
0 0.296238 0.673154 0.008846 0.012981
0 0.306981 0.679555 0.008423 0.013169
0 0.316804 0.686140 0.008146 0.014895
0 0.514508 0.672840 0.010785 0.014655
0 0.505662 0.683719 0.010954 0.016266
0 0.495892 0.693227 0.011292 0.015575
0 0.485362 0.686810 0.010785 0.013745
0 0.486881 0.703305 0.012131 0.014665
0 0.475169 0.680628 0.010954 0.018326
0 0.463796 0.673185 0.011792 0.015345
0 0.476519 0.697694 0.012638 0.015805
0 0.465062 0.690596 0.010615 0.014895
0 0.466581 0.706857 0.011962 0.015345
0 0.452427 0.666198 0.011285 0.015115
0 0.454446 0.681888 0.009600 0.016266
0 0.455712 0.699869 0.010438 0.015115
0 0.458154 0.717286 0.013308 0.016496
0 0.443919 0.676621 0.011454 0.014435
0 0.444846 0.693802 0.012292 0.015805
0 0.432969 0.668834 0.011123 0.016266
0 0.380154 0.634472 0.009600 0.015805
0 0.390769 0.642945 0.010615 0.019006
0 0.401465 0.648217 0.010438 0.015805
0 0.412162 0.655544 0.010277 0.017176
0 0.421765 0.662191 0.010946 0.016266
0 0.434485 0.685439 0.010446 0.015126
0 0.447458 0.709493 0.010438 0.016956
0 0.435496 0.701705 0.011115 0.015126
0 0.423619 0.678107 0.011962 0.017406
0 0.437519 0.718661 0.011115 0.013745
0 0.448215 0.725988 0.012292 0.016496
0 0.330673 0.618771 0.011962 0.016266
0 0.322081 0.628624 0.011962 0.016266
0 0.293950 0.641219 0.011623 0.016266
0 0.285354 0.650267 0.010615 0.016036
0 0.276846 0.660120 0.010446 0.016496
0 0.268423 0.669969 0.010108 0.014205
0 0.259662 0.679597 0.010446 0.016496
0 0.425858 0.695173 0.011285 0.015575
0 0.426950 0.712233 0.011792 0.016266
0 0.413727 0.671229 0.010946 0.014885
0 0.340612 0.625073 0.011285 0.017406
0 0.350550 0.631485 0.011285 0.015586
0 0.331685 0.634231 0.009938 0.016036
0 0.360408 0.638358 0.009431 0.016046
0 0.371188 0.645115 0.011454 0.018096
0 0.381381 0.650727 0.011623 0.016496
0 0.391912 0.658290 0.011792 0.014655
0 0.402438 0.664472 0.008923 0.016956
0 0.414819 0.688300 0.011792 0.016956
0 0.415662 0.704215 0.010108 0.013975
0 0.428554 0.727129 0.010277 0.016266
0 0.418023 0.722317 0.011462 0.014885
0 0.419538 0.738013 0.011462 0.014205
0 0.404796 0.680737 0.010946 0.016956
0 0.394608 0.675010 0.010108 0.015126
0 0.383992 0.667223 0.011800 0.016956
0 0.373123 0.660696 0.009938 0.015345
0 0.362600 0.653593 0.010108 0.016266
0 0.351985 0.647521 0.010108 0.014665
0 0.341792 0.641454 0.009600 0.014435
0 0.312565 0.637903 0.011454 0.016036
0 0.322081 0.644200 0.009269 0.014425
0 0.332777 0.650497 0.009769 0.015115
0 0.343054 0.657829 0.010785 0.017416
0 0.353415 0.663447 0.009600 0.016266
0 0.363523 0.670199 0.009938 0.015126
0 0.373969 0.677191 0.010277 0.016726
0 0.384750 0.684289 0.009269 0.015816
0 0.395365 0.690131 0.008931 0.016036
0 0.405304 0.697348 0.009269 0.017186
0 0.407915 0.714074 0.010785 0.016266
0 0.408758 0.730680 0.011454 0.014665
0 0.396038 0.706972 0.010277 0.016266
0 0.397723 0.723347 0.010954 0.015126
0 0.399388 0.739519 0.010915 0.014477
0 0.385677 0.700785 0.009769 0.013515
0 0.387950 0.717050 0.011623 0.014895
0 0.389212 0.733086 0.011792 0.015356
0 0.303973 0.647636 0.009100 0.015816
0 0.288619 0.681480 0.010915 0.016496
0 0.278792 0.691381 0.010185 0.014519
0 0.271288 0.698797 0.011192 0.015481
0 0.297958 0.688415 0.009223 0.016496
0 0.290319 0.698305 0.011885 0.015837
0 0.308512 0.696334 0.011885 0.016496
0 0.327069 0.692704 0.012123 0.015178
0 0.318577 0.702762 0.010677 0.014184
0 0.300504 0.705565 0.011885 0.015167
0 0.281219 0.708039 0.011638 0.016831
0 0.310088 0.711668 0.011162 0.015513
0 0.291408 0.714801 0.011154 0.017155
0 0.337258 0.699629 0.011638 0.015826
0 0.329254 0.709032 0.011646 0.018149
0 0.320277 0.718598 0.011646 0.016820
0 0.300988 0.722061 0.010915 0.015837
0 0.311788 0.728002 0.011162 0.018473
0 0.348538 0.705235 0.012862 0.019132
0 0.338958 0.714969 0.011162 0.016820
0 0.330708 0.725523 0.011646 0.016820
0 0.321854 0.733938 0.011400 0.017814
0 0.349265 0.722558 0.010915 0.014843
0 0.340535 0.731956 0.010915 0.016485
0 0.359331 0.729320 0.012615 0.015837
0 0.354035 0.221114 0.012577 0.016349
0 0.344335 0.231951 0.010946 0.016036
0 0.336331 0.242171 0.011508 0.016224
0 0.327138 0.252286 0.011369 0.015471
0 0.318785 0.261161 0.011508 0.014895
0 0.344123 0.215251 0.011646 0.015460
0 0.343350 0.200267 0.011515 0.016036
0 0.332542 0.195110 0.011792 0.016412
0 0.322992 0.204367 0.011231 0.016224
0 0.324892 0.221072 0.012215 0.017563
0 0.333877 0.212578 0.010246 0.017374
0 0.334858 0.227945 0.012777 0.015659
0 0.315273 0.215246 0.011515 0.017374
0 0.305727 0.209901 0.011792 0.016224
0 0.296531 0.219451 0.012492 0.017751
0 0.286773 0.213818 0.013192 0.018703
0 0.277862 0.210764 0.011092 0.018326
0 0.372204 0.200931 0.011654 0.018891
0 0.381538 0.191192 0.011231 0.016611
0 0.389188 0.180507 0.013900 0.018902
0 0.362300 0.211412 0.011862 0.017134
0 0.373785 0.216046 0.011969 0.015188
0 0.382731 0.207087 0.012385 0.015115
0 0.391415 0.196161 0.011323 0.012699
0 0.399269 0.186036 0.011615 0.013703
0 0.408981 0.176637 0.010808 0.013462
0 0.297669 0.235157 0.010723 0.014833
0 0.310142 0.271527 0.011208 0.013431
0 0.426038 0.370471 0.012738 0.016213
0 0.416335 0.381192 0.012731 0.015126
0 0.407442 0.391501 0.013546 0.014843
0 0.398850 0.401396 0.012131 0.014843
0 0.554512 0.430126 0.011315 0.016213
0 0.574627 0.425455 0.012331 0.016768
0 0.565527 0.435622 0.013546 0.017312
0 0.555319 0.444969 0.011731 0.017322
0 0.545008 0.439613 0.011723 0.017594
0 0.546627 0.457202 0.011731 0.014843
0 0.548246 0.473421 0.012938 0.016485
0 0.577358 0.441391 0.012131 0.015669
0 0.566338 0.452390 0.011923 0.014571
0 0.557642 0.463797 0.013546 0.017594
0 0.568562 0.468473 0.011923 0.015397
0 0.559362 0.479744 0.013338 0.018692
0 0.578165 0.458300 0.010515 0.016496
0 0.577558 0.475345 0.008900 0.016485
0 0.570685 0.485654 0.013338 0.016768
0 0.549862 0.489231 0.012938 0.018964
0 0.560877 0.497474 0.013138 0.016768
0 0.571796 0.502835 0.012331 0.018138
0 0.427654 0.385863 0.012738 0.016224
0 0.436550 0.377207 0.011115 0.017050
0 0.446354 0.382432 0.014154 0.016496
0 0.437865 0.393839 0.012131 0.014017
0 0.418862 0.397275 0.010508 0.016496
0 0.409158 0.408405 0.011315 0.015115
0 0.429654 0.187134 0.009308 0.013389
0 0.438462 0.176328 0.010000 0.015335
0 0.448542 0.166015 0.012915 0.022092
0 0.459542 0.171600 0.010454 0.013577
0 0.397523 0.153473 0.015677 0.023745
0 0.408288 0.161872 0.012515 0.017343
0 0.397969 0.171977 0.013815 0.018556
0 0.367708 0.154969 0.011785 0.016130
0 0.379204 0.160706 0.012515 0.015910
0 0.370062 0.172636 0.013077 0.016130
0 0.361208 0.181815 0.013077 0.017897
0 0.410900 0.191025 0.013385 0.016946
0 0.402246 0.202374 0.014538 0.018933
0 0.392554 0.213358 0.013000 0.018096
0 0.383631 0.224446 0.011154 0.015167
0 0.421362 0.198661 0.010769 0.016109
0 0.412708 0.209017 0.013000 0.016527
0 0.403631 0.218640 0.011923 0.017364
0 0.393785 0.229205 0.010846 0.013808
0 0.441246 0.193379 0.012846 0.016841
0 0.431538 0.203400 0.012000 0.014121
0 0.422092 0.214090 0.011154 0.014121
0 0.413362 0.224446 0.010462 0.015167
0 0.404285 0.235167 0.009692 0.013180
0 0.395862 0.245680 0.010846 0.014540
0 0.385015 0.239718 0.009615 0.013912
0 0.374708 0.233912 0.009154 0.013389
0 0.364285 0.227741 0.009846 0.013389
0 0.354785 0.237626 0.009769 0.015377
0 0.365092 0.243483 0.010385 0.016004
0 0.376054 0.249603 0.009538 0.013598
0 0.386015 0.255146 0.009615 0.015690
0 0.441823 0.209644 0.010000 0.015272
0 0.432977 0.218849 0.011538 0.015063
0 0.424054 0.229780 0.010308 0.014749
0 0.414823 0.239561 0.011231 0.014435
0 0.406015 0.251381 0.010231 0.012343
0 0.396669 0.261632 0.009846 0.013389
0 0.346054 0.248452 0.009538 0.011297
0 0.336900 0.258912 0.008308 0.012971
0 0.356438 0.254780 0.008615 0.012448
0 0.366785 0.260533 0.009154 0.012029
0 0.377131 0.266025 0.008769 0.012762
0 0.347708 0.264613 0.010231 0.013703
0 0.329554 0.267908 0.007923 0.013598
0 0.319746 0.278944 0.008923 0.014121
0 0.305938 0.224498 0.009154 0.014854
0 0.315438 0.231192 0.009385 0.013389
0 0.326631 0.236318 0.009462 0.014435
0 0.307592 0.241234 0.008769 0.013598
0 0.317708 0.247458 0.009308 0.012657
0 0.298592 0.251015 0.008615 0.013285
0 0.308823 0.256297 0.009077 0.012134
0 0.288285 0.245105 0.010462 0.015690
0 0.290092 0.261527 0.008692 0.013180
0 0.299938 0.266914 0.009308 0.012866
0 0.279977 0.255042 0.008615 0.012971
0 0.279246 0.240711 0.007923 0.013808
0 0.270746 0.249969 0.008615 0.013703
0 0.287631 0.229205 0.009462 0.014226
0 0.277862 0.225544 0.009462 0.012971
0 0.269708 0.235795 0.009615 0.012762
0 0.260862 0.244791 0.009462 0.015481
0 0.267708 0.219320 0.009154 0.014121
0 0.251977 0.253734 0.009385 0.014958
0 0.261015 0.260115 0.009462 0.014540
0 0.271477 0.265659 0.009923 0.014749
0 0.281746 0.271255 0.009385 0.013598
0 0.292169 0.277165 0.009000 0.012866
0 0.301285 0.283389 0.010308 0.013180
0 0.311092 0.288933 0.008846 0.013598
0 0.244054 0.266130 0.008769 0.014226
0 0.253054 0.269791 0.008615 0.014017
0 0.263169 0.276119 0.008846 0.014540
0 0.273054 0.281454 0.009077 0.013285
0 0.282862 0.287155 0.008538 0.012343
0 0.293015 0.292960 0.009462 0.012657
0 0.235623 0.274592 0.009538 0.014331
0 0.227008 0.283849 0.009538 0.017573
0 0.219546 0.293996 0.009846 0.014226
0 0.210585 0.305084 0.009769 0.014226
0 0.244623 0.280136 0.010000 0.014958
0 0.254892 0.285052 0.009462 0.014749
0 0.264277 0.291799 0.009000 0.014435
0 0.274162 0.297762 0.009692 0.014435
0 0.236238 0.289603 0.009846 0.013598
0 0.245892 0.294362 0.009154 0.012866
0 0.256277 0.301632 0.009615 0.013808
0 0.266354 0.307385 0.009308 0.013180
0 0.284585 0.303305 0.009308 0.012552
0 0.275700 0.313452 0.009231 0.013389
0 0.228546 0.300324 0.009692 0.014749
0 0.220085 0.310314 0.009077 0.014644
0 0.229546 0.315701 0.009077 0.013703
0 0.237892 0.306130 0.009769 0.016736
0 0.247815 0.311621 0.009769 0.014540
0 0.257508 0.317427 0.010692 0.014435
0 0.267431 0.322238 0.009308 0.014854
0 0.211204 0.319414 0.010238 0.013013
0 0.221504 0.325194 0.010100 0.013379
0 0.239115 0.321491 0.011031 0.013923
0 0.231073 0.330889 0.010100 0.011381
0 0.240846 0.336940 0.009969 0.015910
0 0.249481 0.326820 0.010500 0.013745
0 0.258854 0.333687 0.009569 0.013379
0 0.250212 0.343269 0.010900 0.013734
0 0.212985 0.335188 0.011292 0.013975
0 0.223092 0.341145 0.009938 0.014425
0 0.205488 0.344012 0.011454 0.014655
0 0.197235 0.354665 0.011115 0.013515
0 0.188727 0.364053 0.010946 0.015345
0 0.214415 0.350084 0.010785 0.013515
0 0.205992 0.361538 0.010108 0.013515
0 0.197908 0.369665 0.011123 0.013285
0 0.189654 0.380204 0.012123 0.014655
0 0.191085 0.395099 0.010954 0.016496
0 0.182996 0.404833 0.011962 0.015356
0 0.231769 0.347788 0.011123 0.014885
0 0.223850 0.356496 0.011115 0.015816
0 0.215850 0.367029 0.010608 0.013975
0 0.206919 0.376083 0.011962 0.014195
0 0.199258 0.386051 0.012131 0.016266
0 0.242719 0.352374 0.010777 0.014895
0 0.233792 0.361647 0.011123 0.016036
0 0.225115 0.372986 0.010615 0.015345
0 0.217027 0.381464 0.011285 0.015356
0 0.208438 0.391548 0.010954 0.014895
0 0.200096 0.401851 0.011454 0.014435
0 0.192688 0.411365 0.011792 0.016036
0 0.339165 0.274137 0.011623 0.016036
0 0.330323 0.284561 0.011123 0.015356
0 0.321900 0.294984 0.011462 0.016036
0 0.303369 0.298766 0.010108 0.014435
0 0.294104 0.309189 0.011454 0.015115
0 0.286185 0.319273 0.011123 0.016036
0 0.277758 0.329006 0.011792 0.014435
0 0.269000 0.338855 0.011123 0.015345
0 0.260662 0.349278 0.010954 0.012824
0 0.251904 0.359132 0.011285 0.013285
0 0.243142 0.368410 0.010946 0.014895
0 0.234973 0.379294 0.011792 0.016036
0 0.312804 0.304608 0.011115 0.016496
0 0.304296 0.315031 0.011623 0.013515
0 0.295704 0.324880 0.010946 0.015345
0 0.287531 0.334618 0.010446 0.015575
0 0.278858 0.344697 0.011285 0.014205
0 0.270096 0.353975 0.011285 0.013975
0 0.261419 0.364168 0.010777 0.014655
0 0.252827 0.374822 0.010777 0.014895
0 0.244488 0.384906 0.010946 0.013975
0 0.358369 0.269331 0.010277 0.014665
0 0.368900 0.276313 0.009769 0.015805
0 0.378923 0.281360 0.010277 0.013975
0 0.349446 0.280209 0.010277 0.015816
0 0.340262 0.290633 0.011462 0.015115
0 0.331754 0.301172 0.009600 0.014205
0 0.323335 0.311365 0.011962 0.013525
0 0.314992 0.320528 0.010108 0.013065
0 0.305388 0.330492 0.010777 0.013745
0 0.297977 0.341376 0.009769 0.014885
0 0.359385 0.286391 0.010954 0.013515
0 0.351288 0.295549 0.009962 0.013504
0 0.342215 0.306872 0.010646 0.013243
0 0.333269 0.316862 0.010277 0.014435
0 0.324181 0.326961 0.009592 0.012186
0 0.315585 0.336339 0.010277 0.013975
0 0.306738 0.346642 0.010108 0.013054
0 0.288800 0.349508 0.010277 0.013745
0 0.279700 0.360047 0.010277 0.014655
0 0.271442 0.370701 0.010946 0.014895
0 0.262431 0.380659 0.010785 0.013745
0 0.254262 0.390513 0.010615 0.014205
0 0.226881 0.387767 0.011792 0.014655
0 0.235731 0.394979 0.009600 0.013515
0 0.217365 0.397045 0.011623 0.013065
0 0.209531 0.408154 0.010446 0.013295
0 0.298904 0.356956 0.009946 0.014435
0 0.290396 0.366804 0.010438 0.014425
0 0.280792 0.376998 0.010446 0.014205
0 0.272369 0.387082 0.010446 0.013745
0 0.369658 0.291778 0.008931 0.012364
0 0.360646 0.301056 0.009769 0.013515
0 0.352477 0.311475 0.010277 0.013745
0 0.344219 0.321559 0.011623 0.014205
0 0.334615 0.331982 0.010277 0.014425
0 0.325423 0.341135 0.009400 0.012584
0 0.316592 0.351914 0.010277 0.014435
0 0.308846 0.362108 0.010277 0.012374
0 0.299662 0.371956 0.010446 0.013745
0 0.290985 0.382155 0.010954 0.014435
0 0.282227 0.393149 0.011623 0.015356
0 0.370662 0.306553 0.009615 0.014885
0 0.362250 0.317678 0.010962 0.014226
0 0.353831 0.326935 0.011308 0.012573
0 0.344642 0.338169 0.012469 0.013975
0 0.335965 0.348478 0.009608 0.012605
0 0.326869 0.358787 0.011631 0.014895
0 0.317604 0.368295 0.011285 0.014205
0 0.309935 0.378258 0.011792 0.014885
0 0.300842 0.388112 0.011115 0.015345
0 0.292335 0.397615 0.011623 0.016946
0 0.451954 0.198541 0.009769 0.015115
0 0.461977 0.203122 0.012969 0.016036
0 0.472423 0.192809 0.010615 0.016036
0 0.473012 0.210450 0.011454 0.014665
0 0.483642 0.216972 0.012162 0.018086
0 0.494662 0.222934 0.011631 0.015805
0 0.505362 0.228781 0.010108 0.015115
0 0.515973 0.234163 0.009777 0.017176
0 0.527092 0.240350 0.011123 0.016266
0 0.528523 0.257186 0.010615 0.015126
0 0.540062 0.263834 0.013138 0.015575
0 0.452881 0.215722 0.011623 0.015586
0 0.463581 0.220764 0.011792 0.015126
0 0.443531 0.226260 0.012462 0.015115
0 0.434096 0.236454 0.012131 0.015356
0 0.425169 0.246647 0.012800 0.016036
0 0.415904 0.256496 0.012808 0.014205
0 0.406892 0.266925 0.010615 0.014435
0 0.387350 0.270931 0.012638 0.015126
0 0.398300 0.278149 0.013646 0.017176
0 0.389369 0.287997 0.012631 0.014885
0 0.379854 0.298075 0.010446 0.013975
0 0.474950 0.226721 0.010946 0.015575
0 0.465350 0.237254 0.011285 0.015575
0 0.454481 0.231532 0.012469 0.015575
0 0.445300 0.241606 0.012969 0.016036
0 0.436288 0.251684 0.011454 0.014205
0 0.427108 0.261768 0.009938 0.014665
0 0.417335 0.273567 0.011623 0.014895
0 0.408912 0.283760 0.010608 0.013755
0 0.399385 0.292788 0.010431 0.013923
0 0.400146 0.308159 0.011954 0.013054
0 0.372358 0.324540 0.011623 0.014205
0 0.363342 0.334273 0.011454 0.014425
0 0.355004 0.344697 0.011285 0.014665
0 0.346327 0.355010 0.010777 0.014205
0 0.455746 0.246878 0.010615 0.014655
0 0.446312 0.258332 0.010946 0.014655
0 0.437550 0.269215 0.011623 0.013975
0 0.428285 0.279979 0.011292 0.014435
0 0.419273 0.289257 0.011115 0.014665
0 0.410008 0.299451 0.011123 0.014885
0 0.485458 0.232552 0.010823 0.015377
0 0.475662 0.243159 0.010723 0.013787
0 0.495450 0.239383 0.010331 0.014184
0 0.486238 0.249592 0.011015 0.014184
0 0.466108 0.253834 0.010138 0.013923
0 0.457038 0.263907 0.010138 0.013400
0 0.476827 0.260063 0.009162 0.012866
0 0.506808 0.245084 0.011215 0.013661
0 0.517877 0.250785 0.010138 0.012594
0 0.467127 0.270272 0.009454 0.013389
0 0.447681 0.274644 0.009746 0.012322
0 0.439004 0.285586 0.010531 0.012992
0 0.497350 0.255293 0.010038 0.014979
0 0.508465 0.262118 0.010238 0.014048
0 0.518996 0.268149 0.010823 0.014184
0 0.530062 0.273719 0.010338 0.013923
0 0.540446 0.280345 0.010431 0.013661
0 0.487650 0.265434 0.010531 0.014320
0 0.458404 0.280612 0.011115 0.013651
0 0.448896 0.291349 0.010623 0.013661
0 0.478046 0.275973 0.011600 0.014456
0 0.498373 0.272129 0.010531 0.013923
0 0.509588 0.277495 0.010915 0.014048
0 0.488869 0.282667 0.010431 0.013787
0 0.429204 0.296454 0.010038 0.013787
0 0.469223 0.286574 0.010138 0.012856
0 0.520312 0.285052 0.009746 0.012992
0 0.530988 0.290486 0.010238 0.013525
0 0.499642 0.288766 0.010531 0.014059
0 0.479850 0.293201 0.010531 0.013389
0 0.459619 0.296653 0.010238 0.014184
0 0.542100 0.297181 0.009846 0.014446
0 0.521723 0.299901 0.011215 0.016182
0 0.510415 0.294132 0.010046 0.014979
0 0.490623 0.299236 0.010046 0.014059
0 0.501058 0.304806 0.010623 0.014320
0 0.470150 0.302887 0.010238 0.014184
0 0.532888 0.306925 0.011115 0.013787
0 0.553362 0.302819 0.012477 0.015638
0 0.543515 0.312495 0.010923 0.014048
0 0.511927 0.310507 0.011500 0.018023
0 0.480681 0.307458 0.011023 0.015105
0 0.440073 0.300565 0.011115 0.015377
0 0.420235 0.304806 0.011208 0.016433
0 0.522846 0.316804 0.011108 0.014446
0 0.503058 0.322040 0.010531 0.014854
0 0.491842 0.315345 0.010915 0.015774
0 0.513927 0.327871 0.010623 0.014843
0 0.482435 0.325356 0.011208 0.014310
0 0.472150 0.319587 0.010731 0.016036
0 0.461523 0.313488 0.011108 0.015513
0 0.450604 0.306993 0.011115 0.014195
0 0.441488 0.317997 0.010823 0.014990
0 0.430131 0.311700 0.009169 0.014592
0 0.452069 0.323698 0.009554 0.014718
0 0.462158 0.329995 0.010238 0.015115
0 0.431935 0.327809 0.011023 0.016036
0 0.421454 0.322108 0.011108 0.016579
0 0.443096 0.334106 0.011115 0.015910
0 0.402085 0.325413 0.010185 0.016831
0 0.413000 0.331517 0.011154 0.017155
0 0.411546 0.315026 0.011646 0.015178
0 0.393835 0.335146 0.010192 0.015167
0 0.384615 0.345868 0.012615 0.015502
0 0.373942 0.340915 0.012131 0.016161
0 0.365573 0.350481 0.011885 0.015502
0 0.337373 0.363928 0.009546 0.013358
0 0.329085 0.374618 0.011231 0.014508
0 0.319892 0.384733 0.010246 0.013358
0 0.375627 0.355717 0.010254 0.015659
0 0.356181 0.360968 0.010392 0.015073
0 0.403635 0.342547 0.010392 0.014132
0 0.394719 0.352474 0.009408 0.014885
0 0.385877 0.362401 0.012215 0.016412
0 0.366573 0.366501 0.011515 0.015847
0 0.347692 0.371276 0.011092 0.016234
0 0.339123 0.380921 0.010246 0.015272
0 0.329581 0.391130 0.011931 0.015460
0 0.321369 0.400581 0.011231 0.014132
0 0.310977 0.394566 0.010385 0.013546
0 0.302908 0.404299 0.011092 0.015084
0 0.453542 0.340251 0.011931 0.015272
0 0.444346 0.351041 0.010385 0.015471
0 0.434238 0.343499 0.011231 0.012981
0 0.423219 0.338823 0.010531 0.015847
0 0.413950 0.348656 0.012777 0.015659
0 0.405319 0.358964 0.012069 0.015272
0 0.396546 0.368316 0.011369 0.015272
0 0.386577 0.378530 0.011938 0.016224
0 0.377031 0.372139 0.011369 0.016036
0 0.357796 0.376145 0.011654 0.014508
0 0.368115 0.383112 0.010954 0.014320
0 0.359135 0.392558 0.011792 0.017563
0 0.348392 0.385973 0.011092 0.015460
0 0.340600 0.396475 0.011231 0.015460
0 0.331335 0.406308 0.010946 0.013745
0 0.312031 0.408975 0.010815 0.015272
0 0.322842 0.415853 0.010531 0.016412
0 0.350077 0.403347 0.011092 0.016234
0 0.341442 0.412798 0.012069 0.014885
0 0.332315 0.422150 0.011231 0.016036
0 0.378085 0.388551 0.012631 0.015659
0 0.369450 0.399053 0.011377 0.016412
0 0.360465 0.409074 0.011931 0.013944
0 0.352319 0.419383 0.011654 0.016611
0 0.343127 0.429404 0.012069 0.013745
0 0.424623 0.354195 0.011369 0.015272
0 0.434377 0.360110 0.012354 0.015659
0 0.415004 0.364597 0.011515 0.014320
0 0.406654 0.374806 0.012215 0.016412
0 0.396896 0.384545 0.011792 0.016412
0 0.389246 0.394184 0.011092 0.014707
0 0.379908 0.405350 0.010954 0.014508
0 0.370365 0.415183 0.010669 0.014697
0 0.362150 0.425303 0.011085 0.016234
0 0.353515 0.434467 0.010954 0.015460
0 0.183858 0.420533 0.011654 0.016611
0 0.193400 0.426355 0.012215 0.020241
0 0.201827 0.416234 0.009685 0.016046
0 0.185823 0.435900 0.010246 0.015649
0 0.177115 0.446496 0.010246 0.015084
0 0.245700 0.399911 0.011231 0.015073
0 0.226954 0.403917 0.011092 0.014320
0 0.219023 0.413373 0.010385 0.016036
0 0.210742 0.423389 0.010392 0.013556
0 0.202950 0.432270 0.009685 0.014895
0 0.193615 0.443060 0.010108 0.012793
0 0.185892 0.451266 0.010385 0.014310
0 0.177258 0.461668 0.010808 0.014508
0 0.237204 0.409744 0.009962 0.014132
0 0.229696 0.419383 0.010669 0.016611
0 0.220565 0.428070 0.011792 0.016412
0 0.212423 0.439142 0.010108 0.014121
0 0.204281 0.448117 0.010946 0.015272
0 0.195015 0.457950 0.011508 0.015460
0 0.187292 0.468159 0.010108 0.013745
0 0.178873 0.477610 0.011792 0.015471
0 0.263877 0.395905 0.012215 0.014697
0 0.255804 0.405926 0.010669 0.014132
0 0.247242 0.415089 0.010946 0.012605
0 0.238677 0.425209 0.010954 0.015272
0 0.229692 0.435136 0.010954 0.013368
0 0.221200 0.445157 0.011369 0.014310
0 0.213196 0.454702 0.010531 0.013944
0 0.204554 0.463196 0.011492 0.013358
0 0.196773 0.473980 0.011931 0.016224
0 0.188558 0.483431 0.010392 0.016799
0 0.179996 0.492976 0.011792 0.017563
0 0.273704 0.402683 0.010254 0.014508
0 0.265773 0.412986 0.011515 0.014885
0 0.257138 0.422249 0.010523 0.015084
0 0.248646 0.431506 0.010954 0.014121
0 0.283923 0.408217 0.011723 0.015115
0 0.275227 0.418112 0.010915 0.015115
0 0.267042 0.428007 0.011115 0.014571
0 0.257742 0.437903 0.012331 0.017312
0 0.240154 0.441067 0.011523 0.015941
0 0.232269 0.450272 0.011923 0.014017
0 0.223169 0.459754 0.010308 0.014843
0 0.214177 0.469927 0.011323 0.015941
0 0.206088 0.479827 0.012131 0.015952
0 0.198304 0.488896 0.012331 0.016496
0 0.189715 0.497971 0.011323 0.015941
0 0.182742 0.507176 0.013546 0.015669
0 0.249354 0.446428 0.011323 0.015115
0 0.241465 0.456187 0.013346 0.017040
0 0.232369 0.466360 0.011723 0.015397
0 0.224285 0.475978 0.012538 0.015952
0 0.216396 0.484639 0.012131 0.016224
0 0.208615 0.494806 0.011923 0.015115
0 0.199923 0.504702 0.011923 0.014571
0 0.191027 0.514189 0.012331 0.013190
0 0.182838 0.523400 0.011723 0.017322
0 0.293292 0.413562 0.010277 0.015575
0 0.284954 0.424331 0.009431 0.013745
0 0.276785 0.433719 0.010954 0.014655
0 0.260023 0.453421 0.010446 0.013285
0 0.251262 0.462584 0.011123 0.014665
0 0.242923 0.472317 0.010277 0.015805
0 0.303404 0.419974 0.011285 0.015115
0 0.313423 0.426046 0.009769 0.016255
0 0.324208 0.432348 0.011462 0.016956
0 0.333977 0.438415 0.009431 0.014885
0 0.344169 0.444712 0.010277 0.016036
0 0.294388 0.430282 0.011454 0.017406
0 0.305169 0.436585 0.010785 0.016266
0 0.315700 0.442422 0.010615 0.016036
0 0.325638 0.448039 0.012631 0.017186
0 0.336000 0.454336 0.011123 0.016496
0 0.286554 0.439561 0.010277 0.016715
0 0.277123 0.449874 0.010615 0.013975
0 0.279308 0.466135 0.009938 0.015345
0 0.260358 0.469571 0.009777 0.014435
0 0.271142 0.475298 0.011792 0.016266
0 0.252777 0.478279 0.010446 0.014885
0 0.234162 0.482286 0.011292 0.014195
0 0.225992 0.492479 0.010108 0.013515
0 0.217654 0.501872 0.010615 0.014895
0 0.209481 0.511611 0.011115 0.015126
0 0.200638 0.520889 0.010954 0.013515
0 0.192296 0.529707 0.011115 0.014665
0 0.287735 0.455711 0.010608 0.015126
0 0.295823 0.446663 0.009600 0.013975
0 0.262127 0.485037 0.010608 0.014655
0 0.243681 0.487558 0.010438 0.015115
0 0.234331 0.497176 0.011631 0.013285
0 0.226327 0.507714 0.011792 0.014195
0 0.218577 0.517793 0.012800 0.014205
0 0.210323 0.526956 0.011123 0.014665
0 0.201819 0.536464 0.011623 0.014895
0 0.193981 0.545628 0.012131 0.016715
0 0.254292 0.494885 0.011123 0.017406
0 0.245450 0.505078 0.012300 0.014885
0 0.237027 0.513556 0.011623 0.014895
0 0.228435 0.523295 0.011623 0.015126
0 0.219927 0.532568 0.011454 0.015805
0 0.211673 0.542306 0.011792 0.015575
0 0.204008 0.551009 0.010954 0.016956
0 0.195162 0.561778 0.012800 0.014665
0 0.533992 0.323457 0.011523 0.016768
0 0.525500 0.333771 0.011523 0.016496
0 0.554512 0.318379 0.010915 0.017594
0 0.545112 0.329644 0.013546 0.015397
0 0.535300 0.339843 0.011708 0.016548
0 0.526512 0.349163 0.012331 0.017050
0 0.493762 0.331846 0.013138 0.018149
0 0.504273 0.338028 0.011931 0.018421
0 0.515596 0.345178 0.012331 0.017866
0 0.473346 0.335832 0.013138 0.017312
0 0.463842 0.346140 0.013146 0.017050
0 0.455050 0.356172 0.012131 0.017866
0 0.445546 0.367442 0.012938 0.016768
0 0.556231 0.334869 0.012738 0.018692
0 0.564823 0.325523 0.011323 0.015941
0 0.567450 0.340785 0.012531 0.017866
0 0.546423 0.345178 0.011723 0.015669
0 0.557546 0.352605 0.011723 0.015669
0 0.537327 0.356585 0.012531 0.014843
0 0.548346 0.361668 0.011123 0.016768
0 0.569573 0.358923 0.011931 0.016213
0 0.559462 0.369786 0.011523 0.016496
0 0.484465 0.342568 0.013546 0.015952
0 0.474962 0.353426 0.011923 0.017312
0 0.465762 0.363185 0.012538 0.016496
0 0.456058 0.372673 0.012531 0.018421
0 0.494877 0.348342 0.012938 0.018149
0 0.528435 0.366757 0.010915 0.017594
0 0.516608 0.359885 0.012738 0.015941
0 0.505285 0.354660 0.012738 0.016496
0 0.485373 0.358787 0.012531 0.014854
0 0.496288 0.364697 0.012131 0.017322
0 0.538842 0.373217 0.011115 0.016224
0 0.550365 0.379404 0.011931 0.016485
0 0.570685 0.376522 0.012938 0.014571
0 0.561685 0.385727 0.011523 0.016496
0 0.572400 0.392191 0.012738 0.016768
0 0.507812 0.370743 0.012531 0.017866
0 0.475669 0.369100 0.012123 0.015669
0 0.467077 0.379404 0.011923 0.016485
0 0.519031 0.376794 0.011523 0.016768
0 0.497804 0.382014 0.013546 0.015115
0 0.487088 0.375418 0.013546 0.015669
0 0.477185 0.384765 0.012338 0.016768
0 0.551581 0.395350 0.010715 0.018692
0 0.541065 0.390403 0.013546 0.018149
0 0.529546 0.384079 0.011523 0.015397
0 0.562696 0.401668 0.010715 0.018692
0 0.509331 0.388337 0.013138 0.016213
0 0.573615 0.409095 0.013138 0.015952
0 0.553400 0.412254 0.011923 0.017312
0 0.541673 0.406485 0.013146 0.017322
0 0.564315 0.419127 0.012338 0.017312
0 0.543392 0.422840 0.012123 0.019236
0 0.519942 0.394252 0.011731 0.016496
0 0.489212 0.391365 0.013346 0.018964
0 0.499723 0.397547 0.011323 0.019236
0 0.510338 0.404561 0.013138 0.017322
0 0.521158 0.410743 0.010915 0.015941
0 0.532677 0.415832 0.012938 0.016224
0 0.250058 0.567495 0.010315 0.016768
0 0.241569 0.576700 0.011923 0.014843
0 0.232369 0.586459 0.011323 0.014571
0 0.225192 0.595821 0.011923 0.015701
0 0.216196 0.605706 0.010515 0.014571
0 0.260469 0.573828 0.010923 0.015146
0 0.251877 0.583175 0.011123 0.015701
0 0.243085 0.593060 0.011723 0.016224
0 0.234388 0.602129 0.010915 0.015115
0 0.225600 0.611475 0.009908 0.014017
0 0.217815 0.621234 0.010508 0.015397
0 0.270173 0.578776 0.008900 0.015146
0 0.261481 0.589482 0.009300 0.016224
0 0.253396 0.598415 0.010915 0.016496
0 0.244804 0.608457 0.011115 0.016768
0 0.235908 0.617123 0.010708 0.015418
0 0.228327 0.627286 0.009700 0.017040
0 0.279777 0.585910 0.011523 0.017866
0 0.271588 0.595805 0.011315 0.016213
0 0.262896 0.605842 0.010915 0.018149
0 0.254608 0.615052 0.011323 0.016213
0 0.246015 0.624263 0.012338 0.017040
0 0.289885 0.592233 0.011123 0.016768
0 0.280788 0.601857 0.009500 0.015115
0 0.237931 0.633881 0.011523 0.015941
0 0.228023 0.643504 0.012338 0.018138
0 0.272700 0.611904 0.011523 0.015418
0 0.264312 0.620962 0.012531 0.015941
0 0.255419 0.630581 0.009300 0.016496
0 0.246319 0.639932 0.009300 0.017040
0 0.239042 0.648175 0.010915 0.018149
0 0.299485 0.598285 0.010108 0.015669
0 0.290692 0.609419 0.011523 0.016496
0 0.282608 0.618217 0.010308 0.016496
0 0.274115 0.628384 0.011123 0.014843
0 0.310200 0.605293 0.011323 0.017594
0 0.301304 0.614090 0.012131 0.015941
0 0.292715 0.623577 0.012738 0.015669
0 0.283919 0.633332 0.010915 0.014843
0 0.265623 0.637594 0.009908 0.016213
0 0.256627 0.646663 0.010515 0.015669
0 0.248846 0.656423 0.011523 0.015397
0 0.240254 0.665910 0.011723 0.015669
0 0.320004 0.611752 0.009500 0.014571
0 0.311615 0.622061 0.011723 0.013201
0 0.302519 0.631407 0.011731 0.016496
0 0.275227 0.644053 0.009300 0.016496
0 0.267038 0.653677 0.010308 0.016496
0 0.258550 0.663159 0.010715 0.016213
0 0.250162 0.671679 0.008492 0.014571
0 0.306585 0.452087 0.010446 0.015575
0 0.297904 0.462171 0.011623 0.016036
0 0.289227 0.472019 0.011792 0.014205
0 0.280638 0.481412 0.011123 0.014665
0 0.271542 0.491151 0.011454 0.014435
0 0.263873 0.500539 0.011962 0.015345
0 0.255873 0.510387 0.011792 0.014435
0 0.245935 0.518865 0.011792 0.015805
0 0.238185 0.528949 0.012462 0.017186
0 0.230350 0.538227 0.012638 0.015575
0 0.221169 0.548645 0.012123 0.015805
0 0.213254 0.558384 0.010785 0.015575
0 0.205669 0.566862 0.012800 0.017406
0 0.195896 0.577286 0.011792 0.014885
0 0.316438 0.458734 0.010954 0.014665
0 0.307592 0.468808 0.012800 0.014205
0 0.299085 0.479231 0.012969 0.015345
0 0.289819 0.486564 0.012977 0.017646
0 0.281815 0.496757 0.012800 0.018326
0 0.273396 0.507066 0.012131 0.016496
0 0.264635 0.515884 0.011454 0.016266
0 0.326123 0.464461 0.012462 0.016956
0 0.317362 0.473624 0.013138 0.016036
0 0.308773 0.484273 0.012469 0.015805
0 0.300096 0.493551 0.012300 0.016036
0 0.291927 0.504205 0.012131 0.014435
0 0.283588 0.513023 0.012300 0.016946
0 0.275165 0.522646 0.011623 0.017406
0 0.255792 0.525622 0.013646 0.016496
0 0.247027 0.535591 0.014654 0.016726
0 0.239869 0.544984 0.012800 0.016266
0 0.231023 0.554948 0.012969 0.016946
0 0.222265 0.564566 0.012977 0.016036
0 0.266319 0.532265 0.012469 0.016036
0 0.257392 0.541318 0.010446 0.014435
0 0.249554 0.550826 0.009938 0.014665
0 0.240881 0.561245 0.009777 0.013054
0 0.231362 0.570983 0.010615 0.013745
0 0.213673 0.573274 0.011285 0.014665
0 0.205758 0.583583 0.011623 0.015575
0 0.222858 0.580146 0.011792 0.015126
0 0.215696 0.589195 0.011285 0.015356
0 0.207188 0.598933 0.012469 0.014665
0 0.390308 0.410622 0.010785 0.017416
0 0.380958 0.421846 0.012300 0.015115
0 0.371696 0.430094 0.011623 0.015126
0 0.457696 0.389545 0.010438 0.016036
0 0.448177 0.399399 0.011292 0.016496
0 0.428888 0.403410 0.011454 0.017636
0 0.419454 0.413604 0.010446 0.016036
0 0.399996 0.417380 0.010946 0.015805
0 0.410612 0.422997 0.011285 0.015575
0 0.392246 0.426773 0.010277 0.014885
0 0.467888 0.394932 0.010946 0.017646
0 0.479512 0.401919 0.011962 0.016956
0 0.490042 0.408107 0.011792 0.014665
0 0.459296 0.406041 0.011285 0.015575
0 0.439419 0.409252 0.012638 0.016496
0 0.429565 0.420241 0.011792 0.014205
0 0.450031 0.415894 0.010954 0.016036
0 0.440935 0.426198 0.012638 0.016496
0 0.469912 0.411313 0.012300 0.015575
0 0.460308 0.421616 0.011631 0.015575
0 0.501242 0.413713 0.011623 0.018096
0 0.511858 0.420356 0.013315 0.018096
0 0.480608 0.417150 0.010785 0.016266
0 0.491219 0.423792 0.011792 0.016266
0 0.452054 0.431124 0.011292 0.016726
0 0.518008 0.486564 0.012800 0.017186
0 0.495435 0.474540 0.011792 0.016946
0 0.507142 0.479576 0.012300 0.017416
0 0.529300 0.492500 0.012477 0.018975
0 0.540246 0.499963 0.013138 0.016496
0 0.551615 0.505350 0.012969 0.018546
0 0.562312 0.512908 0.012469 0.018556
0 0.573012 0.520126 0.009269 0.017406
0 0.519942 0.504320 0.011623 0.017406
0 0.531150 0.509817 0.011454 0.016036
0 0.508912 0.496187 0.011792 0.017646
0 0.541762 0.517490 0.012800 0.017636
0 0.497623 0.490805 0.013477 0.018326
0 0.475973 0.477746 0.011962 0.017877
0 0.487177 0.484503 0.010785 0.019006
0 0.553388 0.524367 0.011792 0.016726
0 0.564085 0.529519 0.012969 0.016946
0 0.453569 0.448081 0.011292 0.017646
0 0.401431 0.432620 0.010446 0.016036
0 0.382731 0.437657 0.010785 0.015126
0 0.412715 0.440863 0.012123 0.016956
0 0.420635 0.429524 0.011792 0.015805
0 0.441942 0.441778 0.011962 0.017406
0 0.432342 0.435706 0.010608 0.016726
0 0.423246 0.444639 0.010954 0.015805
0 0.392665 0.444299 0.011792 0.015126
0 0.433604 0.451172 0.011454 0.016485
0 0.403196 0.449111 0.011623 0.015126
0 0.443796 0.458389 0.010946 0.015356
0 0.413558 0.455753 0.011454 0.016046
0 0.424258 0.461825 0.011623 0.019467
0 0.453650 0.464461 0.011792 0.015575
0 0.434704 0.468468 0.011962 0.015805
0 0.456012 0.481297 0.012808 0.017176
0 0.446158 0.474650 0.011962 0.016266
0 0.363777 0.440173 0.010954 0.016956
0 0.354427 0.451517 0.012131 0.015356
0 0.373550 0.446590 0.011962 0.015586
0 0.345412 0.461250 0.012300 0.015115
0 0.364704 0.457929 0.012469 0.015356
0 0.466962 0.488860 0.011462 0.019017
0 0.478081 0.494127 0.011792 0.017646
0 0.383738 0.452777 0.010108 0.016496
0 0.375315 0.463541 0.010785 0.014655
0 0.355942 0.466862 0.010777 0.014895
0 0.394942 0.459650 0.010946 0.016036
0 0.385342 0.469383 0.011962 0.014895
0 0.366304 0.473164 0.011285 0.017877
0 0.404542 0.465832 0.011623 0.015575
0 0.395619 0.476030 0.011962 0.016266
0 0.376412 0.479691 0.011623 0.015345
0 0.414823 0.472134 0.010277 0.014895
0 0.426023 0.477971 0.012800 0.018326
0 0.406315 0.481982 0.011123 0.016726
0 0.386858 0.485539 0.011285 0.016036
0 0.436723 0.485194 0.011292 0.016726
0 0.336992 0.471104 0.013308 0.014655
0 0.328481 0.480612 0.011115 0.016726
0 0.319385 0.489200 0.011462 0.015575
0 0.337412 0.486909 0.012469 0.016956
0 0.347015 0.476485 0.011123 0.016715
0 0.397385 0.491836 0.010108 0.017186
0 0.417096 0.488279 0.012469 0.016036
0 0.407831 0.498708 0.012123 0.015805
0 0.427881 0.495617 0.012131 0.017866
0 0.447419 0.491260 0.011454 0.016496
0 0.357712 0.483358 0.011623 0.015816
0 0.348027 0.491836 0.011454 0.016266
0 0.418023 0.504435 0.010615 0.017176
0 0.488273 0.500078 0.011623 0.016726
0 0.468142 0.504090 0.011454 0.016485
0 0.456938 0.498593 0.012292 0.016036
0 0.437481 0.500539 0.010438 0.014885
0 0.428719 0.511423 0.011792 0.018326
0 0.448431 0.507871 0.012123 0.016266
