0 0.021233999999999975 0.3167819999999999 0.031282 0.04773
0 0.018953999999999915 0.388636 0.029532 0.046354
0 0.06564799999999993 0.3830199999999999 0.03514 0.045416
0 0.06389800000000001 0.4548859999999999 0.030234 0.044938
0 0.01614800000000005 0.46283399999999997 0.030234 0.04775
0 0.060032000000000085 0.52627 0.033032 0.049166
0 0.05617200000000011 0.5939160000000001 0.030938 0.04775
0 0.053007999999999944 0.661562 0.028828 0.043542
0 0.04985200000000001 0.727562 0.030234 0.043542
0 0.046164000000000094 0.7909999999999999 0.029172 0.042124
0 0.729624 0.06004199999999993 0.058562 0.075334
0 0.6337740000000001 0.08307200000000003 0.056454 0.070854
0 0.3993040000000001 0.05020800000000003 0.045922 0.064666
0 0.326624 0.07240599999999997 0.042968 0.059604
0 0.5457179999999999 0.10807199999999995 0.051406 0.07027
0 0.4618739999999999 0.12800999999999996 0.044656 0.061854
0 0.38708600000000004 0.14711399999999997 0.044234 0.06073
0 0.31672600000000006 0.16565600000000003 0.037484 0.055104
0 0.14187400000000006 0.04431199999999991 0.036656 0.054
0 0.08521000000000001 0.06481200000000009 0.037078 0.050042
0 0.03129000000000004 0.08110400000000006 0.037922 0.053416
0 0.257954 0.09317799999999998 0.03875 0.05848
0 0.19538999999999995 0.1134059999999999 0.039188 0.055104
0 0.13577400000000006 0.13223000000000007 0.037922 0.050042
0 0.08099199999999995 0.14599000000000006 0.03539 0.05173
0 0.02854599999999996 0.162844 0.032438 0.05173
0 0.24910199999999993 0.1822299999999999 0.037922 0.059042
0 0.18738199999999994 0.197114 0.037484 0.052854
0 0.12945399999999996 0.21256199999999992 0.039594 0.055666
0 0.07721 0.2282820000000001 0.03539 0.050062
0 0.025803999999999938 0.2426140000000001 0.032016 0.05173
0 0.5489539999999999 0.9610939999999999 0.046062 0.062688
0 0.47944600000000004 0.95401 0.044546 0.06202
0 0.567922 0.8930100000000001 0.0415 0.058646
0 0.4903040000000001 0.8815519999999999 0.045046 0.057312
0 0.577016 0.8131360000000001 0.043532 0.06202
0 0.505476 0.8077399999999999 0.043016 0.059312
0 0.5176099999999999 0.7308859999999999 0.052126 0.070104
0 0.595226 0.7318960000000001 0.05061 0.065374
0 0.07381199999999999 0.31091599999999997 0.036438 0.050542
0 0.5476479999999999 0.570854 0.059204 0.071458
0 0.12553199999999998 0.2970520000000001 0.034218 0.04952
0 0.18268799999999996 0.2844279999999999 0.039312 0.05727
0 0.24384399999999995 0.270864 0.043688 0.055354
0 0.30718 0.25288599999999994 0.040766 0.05823
0 0.376344 0.24075000000000002 0.048062 0.063084
0 0.45024200000000003 0.2227920000000001 0.050234 0.067958
0 0.52814 0.20678200000000002 0.053156 0.063104
0 0.6158760000000001 0.188334 0.053876 0.065042
0 0.7065079999999999 0.1674580000000001 0.058984 0.071834
0 0.6872100000000001 0.2728219999999999 0.055328 0.07273
0 0.597672 0.288802 0.056782 0.069896
0 0.5128520000000001 0.3023960000000001 0.05314 0.071834
0 0.43859399999999993 0.317928 0.045876 0.060188
0 0.3654219999999999 0.329572 0.046594 0.05823
0 0.2977099999999999 0.341218 0.040766 0.054354
0 0.23510199999999992 0.3504480000000001 0.040766 0.05727
0 0.17759400000000003 0.3635520000000001 0.039312 0.05048
0 0.12043800000000005 0.37277000000000005 0.035688 0.047584
0 0.11715600000000004 0.44655200000000006 0.036406 0.05148
0 0.1692180000000001 0.4416880000000001 0.037124 0.0495
0 0.22710199999999992 0.43248 0.03786 0.052416
0 0.28789 0.42276 0.0415 0.056312
0 0.35304599999999997 0.41498999999999997 0.045124 0.060188
0 0.42293800000000004 0.40481199999999995 0.045124 0.065042
0 0.4982899999999999 0.396072 0.047328 0.070854
0 0.579102 0.3839379999999999 0.051704 0.066
0 0.665734 0.3751979999999999 0.056062 0.069896
0 0.6493599999999999 0.46886399999999995 0.053876 0.06698
0 0.628968 0.5610839999999999 0.050968 0.068916
0 0.6133200000000001 0.648458 0.051704 0.068916
0 0.536516 0.6494279999999999 0.056782 0.06698
0 0.56454 0.4776039999999999 0.050234 0.061166
0 0.48591399999999996 0.4844059999999999 0.05314 0.06698
0 0.472804 0.5703119999999999 0.050234 0.066
0 0.4597039999999999 0.6518539999999999 0.045876 0.062124
0 0.41143799999999997 0.490896 0.046062 0.060666
0 0.3439460000000001 0.4969680000000001 0.044546 0.060688
0 0.279226 0.500678 0.039484 0.055938
0 0.21957000000000004 0.50776 0.039484 0.05798
0 0.16269599999999995 0.514834 0.036954 0.0465
0 0.1106180000000001 0.521584 0.032922 0.045166
0 0.10607000000000011 0.5893219999999999 0.032922 0.045854
0 0.15915600000000008 0.5889800000000001 0.036968 0.049208
0 0.2137579999999999 0.5859479999999999 0.036954 0.05123
0 0.2729140000000001 0.582584 0.036954 0.049876
0 0.33332800000000007 0.576854 0.0395 0.05325
0 0.4013279999999999 0.573812 0.042 0.063374
0 0.39046000000000003 0.65202 0.044546 0.060666
0 0.32524200000000003 0.6547179999999999 0.042516 0.05527
0 0.26482000000000006 0.654374 0.035954 0.051916
0 0.2064220000000001 0.6560619999999999 0.037468 0.053916
0 0.15106200000000003 0.6577500000000001 0.035938 0.051916
0 0.10151599999999994 0.6590940000000001 0.035938 0.050562
0 0.09695999999999994 0.7271780000000001 0.03089 0.03977
0 0.14803199999999994 0.72651 0.033938 0.043812
0 0.19934399999999997 0.72752 0.035438 0.048542
0 0.255968 0.7264900000000001 0.043532 0.04923
0 0.3156319999999999 0.7281880000000001 0.039484 0.052584
0 0.37908600000000003 0.731562 0.043016 0.059334
0 0.44531199999999993 0.731562 0.044032 0.059334
0 0.436968 0.806718 0.043532 0.058646
0 0.3694759999999999 0.8043640000000001 0.039984 0.05798
0 0.308554 0.803688 0.040484 0.049876
0 0.24788199999999994 0.7952600000000001 0.037454 0.051896
0 0.19505400000000006 0.7966139999999999 0.035954 0.047854
0 0.1427179999999999 0.795938 0.032406 0.043834
0 0.09267200000000009 0.7915620000000001 0.034438 0.045834
0 0.4250940000000001 0.881208 0.04 0.049876
0 0.36012599999999995 0.8771659999999999 0.0415 0.049874
0 0.299196 0.87076 0.038984 0.051896
0 0.2430779999999999 0.8667180000000001 0.04 0.050562
0 0.18696000000000002 0.860646 0.043016 0.05325
0 0.1391880000000001 0.8562700000000001 0.035438 0.043126
0 0.2357499999999999 0.932104 0.034438 0.045166
0 0.29161799999999993 0.938178 0.037984 0.051896
0 0.41371800000000003 0.9479580000000001 0.043532 0.056626
