0 0.905262 0.227542 0.031626 0.052084
0 0.958594 0.265992 0.034112 0.052916
0 0.957356 0.366876 0.034112 0.052916
0 0.904638 0.324292 0.031626 0.05045
0 0.853782 0.285424 0.030388 0.05045
0 0.804788 0.245316 0.02915 0.0463
0 0.712382 0.262276 0.027912 0.048784
0 0.758276 0.300716 0.0279 0.047966
0 0.805406 0.338758 0.027912 0.049616
0 0.855338 0.380516 0.029774 0.050434
0 0.904638 0.421866 0.02915 0.050434
0 0.956738 0.466516 0.032874 0.0521
0 0.904638 0.516542 0.032876 0.049616
0 0.854094 0.473958 0.029762 0.045484
0 0.806338 0.435916 0.028526 0.047134
0 0.7589 0.393334 0.025424 0.0463
0 0.713 0.354466 0.025426 0.043
0 0.717032 0.44295 0.027288 0.044666
0 0.76045 0.484292 0.02605 0.04795
0 0.71735 0.53515 0.02915 0.0488
0 0.80665 0.526874 0.032876 0.05375
0 0.760756 0.574834 0.030388 0.047134
0 0.855338 0.56575 0.028524 0.047134
0 0.718274 0.621566 0.0273 0.047966
0 0.806962 0.616192 0.02605 0.048784
0 0.90495 0.611226 0.029776 0.048784
0 0.957668 0.559134 0.031012 0.050434
0 0.762618 0.663316 0.027912 0.047134
0 0.718588 0.709634 0.02915 0.0554
0 0.807582 0.708384 0.028538 0.047966
0 0.855644 0.662492 0.032862 0.052084
0 0.905568 0.705076 0.029762 0.049616
0 0.955806 0.65505 0.029762 0.0488
0 0.719518 0.796042 0.027288 0.049616
0 0.762618 0.752626 0.026662 0.045484
0 0.855644 0.753042 0.030388 0.04795
0 0.808824 0.798108 0.028526 0.045484
0 0.764788 0.8378 0.028526 0.0521
0 0.721374 0.879142 0.028524 0.040516
0 0.763544 0.922558 0.027288 0.04465
0 0.722 0.962242 0.02605 0.04465
0 0.810682 0.884516 0.029762 0.0463
0 0.856268 0.843176 0.027912 0.049616
0 0.904944 0.798934 0.027288 0.043834
0 0.955494 0.752216 0.030388 0.047966
0 0.810994 0.970926 0.026662 0.045484
0 0.856888 0.930416 0.025424 0.047134
0 0.905882 0.88865 0.030388 0.047966
0 0.955494 0.844416 0.031638 0.047134
0 0.9558 0.939092 0.028524 0.04465
0 0.904944 0.97755 0.027288 0.043834
0 0.627362 0.289684 0.021824 0.043066
0 0.546762 0.303234 0.023326 0.042266
0 0.586238 0.339526 0.022726 0.042284
0 0.628712 0.376416 0.022724 0.045066
0 0.471394 0.317 0.021538 0.041066
0 0.509526 0.353084 0.021226 0.039866
0 0.548106 0.389566 0.023038 0.044266
0 0.588488 0.427858 0.024224 0.04505
0 0.6305 0.46475 0.023326 0.043866
0 0.5502 0.474708 0.021824 0.039884
0 0.512218 0.435826 0.020038 0.038684
0 0.473038 0.400342 0.021226 0.038684
0 0.475556 0.479924 0.020888 0.03915
0 0.438194 0.4464 0.020938 0.0375
0 0.436844 0.364058 0.020038 0.037884
0 0.401106 0.33255 0.018538 0.0355
0 0.40275 0.410908 0.01885 0.035884
0 0.368206 0.377208 0.018538 0.036284
0 0.335306 0.342916 0.017938 0.0339
0 0.33695 0.421876 0.01705 0.035484
0 0.37045 0.453574 0.01885 0.036684
0 0.404694 0.487276 0.020938 0.037884
0 0.3051 0.389174 0.01975 0.037884
0 0.274444 0.357666 0.017038 0.0339
0 0.215224 0.36625 0.01705 0.0335
0 0.244388 0.398342 0.01495 0.036284
0 0.274294 0.43025 0.017938 0.0363
0 0.30615 0.46135 0.01705 0.0331
0 0.160494 0.3804 0.017038 0.0339
0 0.188312 0.410516 0.01585 0.0327
0 0.216118 0.440616 0.020038 0.0355
0 0.162588 0.450184 0.01945 0.0347
0 0.189656 0.4793 0.019138 0.0363
0 0.247226 0.472516 0.01825 0.0355
0 0.165426 0.520776 0.01675 0.035484
0 0.220012 0.5112 0.01525 0.0315
0 0.192944 0.550084 0.015562 0.0343
0 0.276988 0.502824 0.01615 0.035484
0 0.248126 0.5437 0.01825 0.0343
0 0.308538 0.536724 0.01585 0.035484
0 0.33815 0.49545 0.01705 0.0351
0 0.372394 0.530542 0.017938 0.033484
0 0.441482 0.522966 0.017938 0.0335
0 0.512968 0.516984 0.019738 0.039066
0 0.591626 0.5116 0.021526 0.041066
0 0.6323 0.550884 0.021526 0.043066
0 0.592518 0.596142 0.019738 0.037884
0 0.633344 0.634424 0.021238 0.038684
0 0.551544 0.556058 0.022138 0.039084
0 0.554388 0.637208 0.021226 0.038684
0 0.594168 0.6757 0.019438 0.0351
0 0.515806 0.598534 0.019438 0.038666
0 0.478276 0.55985 0.01735 0.0339
0 0.407088 0.564834 0.01615 0.0335
0 0.442976 0.601134 0.01735 0.038266
0 0.479618 0.637808 0.020638 0.036684
0 0.341588 0.570816 0.01555 0.0351
0 0.279082 0.5752 0.015562 0.0335
0 0.221656 0.580384 0.014962 0.0311
0 0.166926 0.585966 0.01495 0.0327
0 0.194738 0.617676 0.01555 0.033084
0 0.169162 0.652766 0.01525 0.0315
0 0.197576 0.687466 0.01645 0.0339
0 0.2233 0.651366 0.01645 0.0311
0 0.249918 0.612092 0.015262 0.033084
0 0.311082 0.6101 0.017938 0.0339
0 0.280726 0.648576 0.01885 0.038284
0 0.252762 0.685066 0.01675 0.0323
0 0.312876 0.682676 0.01735 0.034684
0 0.342188 0.644 0.01855 0.0339
0 0.374038 0.604516 0.01885 0.0363
0 0.376282 0.681474 0.018538 0.036284
0 0.409032 0.6418 0.018238 0.0359
0 0.445074 0.679884 0.01795 0.0331
0 0.5176 0.677292 0.01945 0.035084
0 0.634962 0.719176 0.022074 0.038316
0 0.556332 0.718366 0.019138 0.038266
0 0.595212 0.759242 0.022124 0.037884
0 0.636788 0.801508 0.023324 0.038684
0 0.556932 0.798916 0.019138 0.0343
0 0.518794 0.758242 0.020038 0.035084
0 0.481256 0.720558 0.020338 0.036284
0 0.447018 0.757842 0.018838 0.035884
0 0.483356 0.796524 0.018538 0.038284
0 0.411124 0.718166 0.01945 0.0339
0 0.379274 0.75585 0.01855 0.0327
0 0.413068 0.794134 0.019138 0.0367
0 0.345626 0.718366 0.01705 0.0327
0 0.284012 0.719766 0.01885 0.0339
0 0.226444 0.721558 0.020338 0.034284
0 0.17425 0.78815 0.01645 0.0359
0 0.199224 0.75545 0.01615 0.0359
0 0.228088 0.79015 0.01765 0.0351
0 0.254856 0.75545 0.017938 0.0335
0 0.286706 0.791742 0.018238 0.037484
0 0.314668 0.754658 0.019138 0.036684
0 0.202362 0.825842 0.01705 0.035484
0 0.17605 0.857942 0.01705 0.036684
0 0.179188 0.922342 0.01735 0.035484
0 0.204012 0.892824 0.01795 0.037884
0 0.230032 0.858534 0.019138 0.0347
0 0.2565 0.826242 0.01945 0.036284
0 0.317662 0.826234 0.01855 0.0339
0 0.346968 0.791742 0.020338 0.033484
0 0.380168 0.830624 0.020938 0.037884
0 0.349662 0.865516 0.01855 0.0351
0 0.28805 0.860534 0.01675 0.0307
0 0.415768 0.868716 0.018538 0.0359
0 0.448512 0.834016 0.01945 0.0343
0 0.484106 0.873092 0.019438 0.037484
0 0.520144 0.834416 0.019138 0.0335
0 0.596706 0.839392 0.020938 0.036284
0 0.637232 0.881666 0.021238 0.0347
0 0.559018 0.876684 0.020938 0.0343
0 0.598506 0.920742 0.020938 0.037084
0 0.638132 0.965008 0.021238 0.039484
0 0.559618 0.956642 0.021538 0.037884
0 0.522232 0.915366 0.020938 0.0351
0 0.487844 0.949658 0.021538 0.038284
0 0.451056 0.910576 0.020338 0.039084
0 0.383312 0.9026 0.01945 0.0351
0 0.417856 0.945674 0.020938 0.038284
0 0.351912 0.938892 0.01645 0.035884
0 0.319156 0.900208 0.019738 0.035884
0 0.259338 0.895426 0.01735 0.035084
0 0.291044 0.931916 0.018538 0.0355
0 0.232424 0.926134 0.01735 0.0359
0 0.204462 0.960026 0.01705 0.035884
0 0.261138 0.9636 0.01795 0.033466
0 0.322294 0.970792 0.021238 0.038284
0 0.385406 0.977766 0.021238 0.042666
