0 0.88665 0.366078 0.033766 0.029024
0 0.872104 0.395102 0.033766 0.029024
0 0.857038 0.422312 0.033766 0.029024
0 0.840936 0.451338 0.033766 0.029024
0 0.827428 0.48399 0.033766 0.029024
0 0.790026 0.48399 0.033766 0.029024
0 0.757818 0.486258 0.033766 0.029024
0 0.772884 0.45678 0.033766 0.029024
0 0.787428 0.426848 0.033766 0.029024
0 0.800416 0.397824 0.033766 0.029024
0 0.821194 0.366078 0.033766 0.029024
0 0.83522 0.337506 0.033766 0.029024
0 0.852364 0.308934 0.033766 0.029024
0 0.869506 0.27991 0.033766 0.029024
0 0.882494 0.250884 0.033766 0.029024
0 0.899116 0.22322 0.033766 0.029024
0 0.913142 0.195556 0.033766 0.029024
0 0.94587 0.195556 0.033766 0.029024
0 0.931324 0.224126 0.033766 0.029024
0 0.914182 0.251338 0.033766 0.029024
0 0.902234 0.28127 0.033766 0.029024
0 0.88509 0.308028 0.033766 0.029024
0 0.870026 0.337052 0.033766 0.029024
0 0.85652 0.366078 0.033766 0.029024
0 0.837818 0.395102 0.033766 0.029024
0 0.821194 0.425488 0.033766 0.029024
0 0.80561 0.454966 0.033766 0.029024
0 0.970962 0.44966 0.033766 0.029024
0 0.956936 0.478684 0.033766 0.029024
0 0.92213 0.478684 0.033766 0.029024
0 0.890442 0.480498 0.033766 0.029024
0 0.858754 0.481406 0.033766 0.029024
0 0.980312 0.251928 0.033766 0.029024
0 0.965246 0.278684 0.033766 0.029024
0 0.950702 0.308616 0.033766 0.029024
0 0.93252 0.33991 0.033766 0.029024
0 0.965766 0.338096 0.033766 0.029024
0 0.918494 0.3644 0.033766 0.029024
0 0.954858 0.366666 0.033766 0.029024
0 0.98239 0.363492 0.033766 0.029024
0 0.904988 0.393878 0.033766 0.029024
0 0.935636 0.394332 0.033766 0.029024
0 0.967324 0.395692 0.033766 0.029024
0 0.887844 0.422902 0.033766 0.029024
0 0.920572 0.42381 0.033766 0.029024
0 0.955376 0.421996 0.033766 0.029024
0 0.869662 0.45102 0.033766 0.029024
0 0.903428 0.44966 0.033766 0.029024
0 0.939272 0.451928 0.033766 0.029024
0 0.32348 0.559366 0.033766 0.029024
0 0.360884 0.557552 0.033766 0.029024
0 0.399844 0.556644 0.033766 0.029024
0 0.380624 0.587936 0.033766 0.029024
0 0.342702 0.590204 0.033766 0.029024
0 0.305818 0.591564 0.033766 0.029024
0 0.285558 0.623764 0.033766 0.029024
0 0.326078 0.621496 0.033766 0.029024
0 0.36348 0.61923 0.033766 0.029024
0 0.34478 0.650522 0.033766 0.029024
0 0.325038 0.683628 0.033766 0.029024
0 0.307896 0.712654 0.033766 0.029024
0 0.290754 0.746214 0.033766 0.029024
0 0.268416 0.775238 0.033766 0.029024
0 0.251792 0.809252 0.033766 0.029024
0 0.23361 0.840544 0.033766 0.029024
0 0.21387 0.872744 0.033766 0.029024
0 0.197246 0.907664 0.033766 0.029024
0 0.178546 0.937142 0.033766 0.029024
0 0.269454 0.657324 0.033766 0.029024
0 0.306858 0.654604 0.033766 0.029024
0 0.247636 0.684536 0.033766 0.029024
0 0.286598 0.684082 0.033766 0.029024
0 0.267896 0.715374 0.033766 0.029024
0 0.250234 0.74848 0.033766 0.029024
0 0.231532 0.77796 0.033766 0.029024
0 0.215428 0.81152 0.033766 0.029024
0 0.195688 0.84508 0.033766 0.029024
0 0.436208 0.555284 0.033766 0.029024
0 0.472572 0.553016 0.033766 0.029024
0 0.509454 0.550748 0.033766 0.029024
0 0.491272 0.585216 0.033766 0.029024
0 0.47361 0.615148 0.033766 0.029024
0 0.458026 0.646894 0.033766 0.029024
0 0.440884 0.676372 0.033766 0.029024
0 0.422702 0.707664 0.033766 0.029024
0 0.40452 0.739864 0.033766 0.029024
0 0.38478 0.77025 0.033766 0.029024
0 0.367636 0.801088 0.033766 0.029024
0 0.351012 0.832834 0.033766 0.029024
0 0.332312 0.86458 0.033766 0.029024
0 0.312052 0.895874 0.033766 0.029024
0 0.296468 0.929886 0.033766 0.029024
0 0.277246 0.959818 0.033766 0.029024
0 0.196728 0.965714 0.033766 0.029024
0 0.238286 0.962994 0.033766 0.029024
0 0.417506 0.58703 0.033766 0.029024
0 0.455428 0.585668 0.033766 0.029024
0 0.398806 0.617868 0.033766 0.029024
0 0.439844 0.617414 0.033766 0.029024
0 0.547376 0.549388 0.033766 0.029024
0 0.58374 0.549388 0.033766 0.029024
0 0.617506 0.548028 0.033766 0.029024
0 0.65439 0.544852 0.033766 0.029024
0 0.688676 0.543492 0.033766 0.029024
0 0.72452 0.543038 0.033766 0.029024
0 0.757766 0.543038 0.033766 0.029024
0 0.791532 0.541224 0.033766 0.029024
0 0.77439 0.573424 0.033766 0.029024
0 0.739584 0.573878 0.033766 0.029024
0 0.705298 0.575238 0.033766 0.029024
0 0.671532 0.575692 0.033766 0.029024
0 0.63413 0.57796 0.033766 0.029024
0 0.599844 0.577052 0.033766 0.029024
0 0.566598 0.58068 0.033766 0.029024
0 0.529194 0.582494 0.033766 0.029024
0 0.826858 0.541224 0.033766 0.029024
0 0.957766 0.535328 0.033766 0.029024
0 0.926078 0.536236 0.033766 0.029024
0 0.892312 0.537596 0.033766 0.029024
0 0.858026 0.538504 0.033766 0.029024
0 0.978026 0.564354 0.033766 0.029024
0 0.94322 0.566622 0.033766 0.029024
0 0.912052 0.565714 0.033766 0.029024
0 0.876208 0.568888 0.033766 0.029024
0 0.844 0.571156 0.033766 0.029024
0 0.809714 0.573424 0.033766 0.029024
0 0.957766 0.593832 0.033766 0.029024
0 0.928676 0.595646 0.033766 0.029024
0 0.89387 0.5961 0.033766 0.029024
0 0.860104 0.59746 0.033766 0.029024
0 0.827376 0.599728 0.033766 0.029024
0 0.792572 0.601088 0.033766 0.029024
0 0.761922 0.601088 0.033766 0.029024
0 0.726598 0.604264 0.033766 0.029024
0 0.691272 0.604716 0.033766 0.029024
0 0.656468 0.606984 0.033766 0.029024
0 0.620104 0.608344 0.033766 0.029024
0 0.58374 0.609252 0.033766 0.029024
0 0.548416 0.611972 0.033766 0.029024
0 0.511532 0.612426 0.033766 0.029024
0 0.382182 0.649614 0.033766 0.029024
0 0.419064 0.6478 0.033766 0.029024
0 0.364 0.68136 0.033766 0.029024
0 0.40348 0.679092 0.033766 0.029024
0 0.346338 0.711746 0.033766 0.029024
0 0.385298 0.709932 0.033766 0.029024
0 0.327116 0.743492 0.033766 0.029024
0 0.366598 0.741678 0.033766 0.029024
0 0.312052 0.773878 0.033766 0.029024
0 0.347376 0.772518 0.033766 0.029024
0 0.291272 0.806984 0.033766 0.029024
0 0.331272 0.80381 0.033766 0.029024
0 0.272052 0.836916 0.033766 0.029024
0 0.311532 0.836462 0.033766 0.029024
0 0.25439 0.87093 0.033766 0.029024
0 0.29335 0.868208 0.033766 0.029024
0 0.23413 0.902222 0.033766 0.029024
0 0.275168 0.899954 0.033766 0.029024
0 0.215428 0.933514 0.033766 0.029024
0 0.257506 0.931248 0.033766 0.029024
0 0.531948 0.642562 0.034702 0.030976
0 0.567792 0.640294 0.034702 0.030976
0 0.603636 0.63848 0.034702 0.030976
0 0.638442 0.63576 0.034702 0.030976
0 0.675324 0.634852 0.034702 0.030976
0 0.71065 0.6344 0.034702 0.030976
0 0.743896 0.631678 0.034702 0.030976
0 0.777662 0.628956 0.034702 0.030976
0 0.478442 0.673854 0.034702 0.030976
0 0.45974 0.7056 0.034702 0.030976
0 0.44052 0.738254 0.034702 0.030976
0 0.425974 0.767278 0.034702 0.030976
0 0.408312 0.798118 0.034702 0.030976
0 0.38909 0.830318 0.034702 0.030976
0 0.372468 0.863424 0.034702 0.030976
0 0.353766 0.894716 0.034702 0.030976
0 0.512728 0.672948 0.034702 0.030976
0 0.497142 0.704694 0.034702 0.030976
0 0.48 0.735532 0.034702 0.030976
0 0.462338 0.766826 0.034702 0.030976
0 0.444156 0.796304 0.034702 0.030976
0 0.425974 0.828956 0.034702 0.030976
0 0.408832 0.857982 0.034702 0.030976
0 0.391688 0.891542 0.034702 0.030976
0 0.373506 0.923288 0.034702 0.030976
0 0.356884 0.955488 0.034702 0.030976
0 0.55065 0.67068 0.034702 0.030976
0 0.531428 0.701972 0.034702 0.030976
0 0.516884 0.734172 0.034702 0.030976
0 0.497662 0.76093 0.034702 0.030976
0 0.478442 0.794036 0.034702 0.030976
0 0.462858 0.824876 0.034702 0.030976
0 0.446754 0.859342 0.034702 0.030976
0 0.425454 0.888368 0.034702 0.030976
0 0.411948 0.920114 0.034702 0.030976
0 0.393766 0.95186 0.034702 0.030976
0 0.375064 0.982698 0.034702 0.030976
0 0.811428 0.63077 0.034702 0.030976
0 0.847792 0.627596 0.034702 0.030976
0 0.881038 0.627596 0.034702 0.030976
0 0.913246 0.625782 0.034702 0.030976
0 0.944416 0.625328 0.034702 0.030976
0 0.978182 0.6217 0.034702 0.030976
0 0.585974 0.67204 0.034702 0.030976
0 0.566754 0.698798 0.034702 0.030976
0 0.622338 0.66796 0.034702 0.030976
0 0.657142 0.665238 0.034702 0.030976
0 0.692468 0.66297 0.034702 0.030976
0 0.727792 0.661156 0.034702 0.030976
0 0.762078 0.659796 0.034702 0.030976
0 0.54961 0.730544 0.034702 0.030976
0 0.533506 0.76093 0.034702 0.030976
0 0.517402 0.791768 0.034702 0.030976
0 0.49974 0.823514 0.034702 0.030976
0 0.481558 0.855714 0.034702 0.030976
0 0.464416 0.886554 0.034702 0.030976
0 0.446754 0.915578 0.034702 0.030976
0 0.42961 0.947778 0.034702 0.030976
0 0.412988 0.981338 0.034702 0.030976
0 0.444676 0.975896 0.034702 0.030976
0 0.484676 0.973174 0.034702 0.030976
0 0.52 0.97 0.034702 0.030976
0 0.558962 0.966372 0.034702 0.030976
0 0.595844 0.965012 0.034702 0.030976
0 0.631168 0.96229 0.034702 0.030976
0 0.667012 0.95957 0.034702 0.030976
0 0.734026 0.95186 0.034702 0.030976
0 0.717922 0.981338 0.034702 0.030976
0 0.70026 0.955488 0.034702 0.030976
0 0.785974 0.91966 0.034702 0.030976
0 0.752728 0.921928 0.034702 0.030976
0 0.682078 0.927824 0.034702 0.030976
0 0.664936 0.898798 0.034702 0.030976
0 0.683116 0.866146 0.034702 0.030976
0 0.696104 0.838028 0.034702 0.030976
0 0.732468 0.83576 0.034702 0.030976
0 0.768312 0.833492 0.034702 0.030976
0 0.818182 0.859342 0.034702 0.030976
0 0.79948 0.828956 0.034702 0.030976
0 0.795324 0.660702 0.034702 0.030976
0 0.82961 0.658888 0.034702 0.030976
0 0.864936 0.658888 0.034702 0.030976
0 0.895584 0.652994 0.034702 0.030976
0 0.96052 0.650272 0.034702 0.030976
0 0.927792 0.652994 0.034702 0.030976
0 0.978182 0.676122 0.034702 0.030976
0 0.945974 0.67839 0.034702 0.030976
0 0.913766 0.682472 0.034702 0.030976
0 0.88052 0.682472 0.034702 0.030976
0 0.844676 0.68474 0.034702 0.030976
0 0.81091 0.685192 0.034702 0.030976
0 0.78026 0.687006 0.034702 0.030976
0 0.743896 0.689274 0.034702 0.030976
0 0.712208 0.691088 0.034702 0.030976
0 0.675844 0.69381 0.034702 0.030976
0 0.63948 0.694264 0.034702 0.030976
0 0.603636 0.697438 0.034702 0.030976
0 0.587012 0.726916 0.034702 0.030976
0 0.57039 0.759116 0.034702 0.030976
0 0.552728 0.791316 0.034702 0.030976
0 0.536624 0.822154 0.034702 0.030976
0 0.517922 0.853446 0.034702 0.030976
0 0.50078 0.882018 0.034702 0.030976
0 0.483636 0.914218 0.034702 0.030976
0 0.465974 0.945964 0.034702 0.030976
0 0.623376 0.726462 0.034702 0.030976
0 0.606234 0.756848 0.034702 0.030976
0 0.59065 0.78678 0.034702 0.030976
0 0.574026 0.818526 0.034702 0.030976
0 0.556884 0.848912 0.034702 0.030976
0 0.541298 0.880658 0.034702 0.030976
0 0.523116 0.91195 0.034702 0.030976
0 0.505454 0.94279 0.034702 0.030976
0 0.657662 0.723742 0.034702 0.030976
0 0.641038 0.75458 0.034702 0.030976
0 0.627532 0.784966 0.034702 0.030976
0 0.608312 0.816258 0.034702 0.030976
0 0.59065 0.845736 0.034702 0.030976
0 0.574026 0.878844 0.034702 0.030976
0 0.558442 0.908776 0.034702 0.030976
0 0.54026 0.941428 0.034702 0.030976
0 0.695064 0.722834 0.034702 0.030976
0 0.675324 0.750498 0.034702 0.030976
0 0.66078 0.780884 0.034702 0.030976
0 0.643116 0.81263 0.034702 0.030976
0 0.623376 0.84347 0.034702 0.030976
0 0.61039 0.873402 0.034702 0.030976
0 0.591688 0.904694 0.034702 0.030976
0 0.575584 0.9378 0.034702 0.030976
0 0.727272 0.718752 0.034702 0.030976
0 0.712728 0.750046 0.034702 0.030976
0 0.697142 0.778616 0.034702 0.030976
0 0.678442 0.809002 0.034702 0.030976
0 0.664416 0.840748 0.034702 0.030976
0 0.646234 0.872948 0.034702 0.030976
0 0.63013 0.905148 0.034702 0.030976
0 0.611428 0.93508 0.034702 0.030976
0 0.647792 0.931452 0.034702 0.030976
0 0.762598 0.716486 0.034702 0.030976
0 0.763116 0.716486 0.034702 0.030976
0 0.748052 0.746418 0.034702 0.030976
0 0.73091 0.778616 0.034702 0.030976
0 0.712728 0.805828 0.034702 0.030976
0 0.852468 0.856622 0.034702 0.030976
0 0.796884 0.716938 0.034702 0.030976
0 0.83065 0.71331 0.034702 0.030976
0 0.781298 0.746418 0.034702 0.030976
0 0.763116 0.774082 0.034702 0.030976
0 0.747532 0.805374 0.034702 0.030976
0 0.785454 0.803106 0.034702 0.030976
0 0.79948 0.773628 0.034702 0.030976
0 0.812988 0.743696 0.034702 0.030976
0 0.862338 0.711496 0.034702 0.030976
0 0.89613 0.709682 0.034754 0.030976
0 0.929376 0.708322 0.034754 0.030976
0 0.962624 0.707414 0.034754 0.030976
0 0.884702 0.852994 0.034754 0.030976
0 0.91691 0.848458 0.034754 0.030976
0 0.952234 0.84619 0.034754 0.030976
0 0.980286 0.731452 0.034754 0.030976
0 0.950156 0.733718 0.034754 0.030976
0 0.91691 0.735986 0.034754 0.030976
0 0.884182 0.738254 0.034754 0.030976
0 0.84987 0.741428 0.034702 0.030976
0 0.833792 0.77136 0.034754 0.030976
0 0.814572 0.802654 0.034754 0.030976
0 0.863402 0.769546 0.034754 0.030976
0 0.84987 0.796758 0.034702 0.030976
0 0.834286 0.827596 0.034702 0.030976
0 0.898728 0.765464 0.034754 0.030976
0 0.931974 0.765464 0.034754 0.030976
0 0.966754 0.761836 0.034702 0.030976
0 0.883636 0.794944 0.034702 0.030976
0 0.868598 0.82669 0.034754 0.030976
0 0.918988 0.796304 0.034754 0.030976
0 0.899766 0.823062 0.034754 0.030976
0 0.948572 0.790862 0.034702 0.030976
0 0.934052 0.81898 0.034754 0.030976
0 0.981844 0.788594 0.034754 0.030976
0 0.968338 0.817166 0.034754 0.030976
0 0.820468 0.973334 0.034702 0.03102
0 0.856312 0.970136 0.034702 0.030976
0 0.888 0.966054 0.034702 0.030976
0 0.951922 0.905306 0.034754 0.03102
0 0.918156 0.906214 0.034754 0.03102
0 0.855818 0.915714 0.034754 0.030976
0 0.870338 0.940226 0.034702 0.03102
0 0.903064 0.936576 0.034702 0.030976
0 0.866702 0.883084 0.034702 0.03102
0 0.837636 0.884422 0.034754 0.030976
0 0.922546 0.965804 0.027532 0.025396
0 0.49439 0.64381 0.033766 0.029024
0 0.315142 0.959024 0.034754 0.030976
0 0.33439 0.925918 0.034702 0.030976
0 0.747168 0.192834 0.033766 0.029024
0 0.729246 0.22186 0.033766 0.029024
0 0.694962 0.22322 0.033766 0.029024
0 0.64665 0.252244 0.033766 0.029024
0 0.678858 0.252244 0.033766 0.029024
0 0.713662 0.251338 0.033766 0.029024
0 0.592624 0.283084 0.033766 0.029024
0 0.627428 0.281724 0.033766 0.029024
0 0.661714 0.28263 0.033766 0.029024
0 0.696 0.281724 0.033766 0.029024
0 0.538078 0.312108 0.033766 0.029024
0 0.573922 0.309842 0.033766 0.029024
0 0.610286 0.312108 0.033766 0.029024
0 0.64509 0.310748 0.033766 0.029024
0 0.678338 0.311656 0.033766 0.029024
0 0.518338 0.34204 0.033766 0.029024
0 0.558338 0.34204 0.033766 0.029024
0 0.593142 0.341134 0.033766 0.029024
0 0.630026 0.34068 0.033766 0.029024
0 0.664312 0.34068 0.033766 0.029024
0 0.471064 0.374694 0.033766 0.029024
0 0.504312 0.37288 0.033766 0.029024
0 0.540676 0.370612 0.033766 0.029024
0 0.574442 0.370158 0.033766 0.029024
0 0.612364 0.369706 0.033766 0.029024
0 0.648208 0.370158 0.033766 0.029024
0 0.449246 0.403718 0.033766 0.029024
0 0.48509 0.402812 0.033766 0.029024
0 0.520936 0.401904 0.033766 0.029024
0 0.558858 0.402358 0.033766 0.029024
0 0.59574 0.401452 0.033766 0.029024
0 0.632624 0.399638 0.033766 0.029024
0 0.431064 0.434104 0.033766 0.029024
0 0.470026 0.43229 0.033766 0.029024
0 0.50587 0.431384 0.033766 0.029024
0 0.541194 0.43229 0.033766 0.029024
0 0.580156 0.430022 0.033766 0.029024
0 0.613922 0.429116 0.033766 0.029024
0 0.414442 0.466758 0.033766 0.029024
0 0.452884 0.464036 0.033766 0.029024
0 0.488728 0.464036 0.033766 0.029024
0 0.523532 0.462222 0.033766 0.029024
0 0.557298 0.461316 0.033766 0.029024
0 0.594702 0.460862 0.033766 0.029024
0 0.364572 0.493514 0.033766 0.029024
0 0.399896 0.495328 0.033766 0.029024
0 0.43678 0.495328 0.033766 0.029024
0 0.471584 0.494876 0.033766 0.029024
0 0.50691 0.493514 0.033766 0.029024
0 0.54587 0.492608 0.033766 0.029024
0 0.580676 0.490794 0.033766 0.029024
0 0.617558 0.491248 0.033766 0.029024
0 0.648728 0.490794 0.033766 0.029024
0 0.688208 0.489434 0.033766 0.029024
0 0.723532 0.487166 0.033766 0.029024
0 0.629506 0.461768 0.033766 0.029024
0 0.667428 0.459048 0.033766 0.029024
0 0.700156 0.45678 0.033766 0.029024
0 0.738598 0.45678 0.033766 0.029024
0 0.752624 0.426394 0.033766 0.029024
0 0.770286 0.397824 0.033766 0.029024
0 0.783792 0.366984 0.033766 0.029024
0 0.799896 0.338866 0.033766 0.029024
0 0.81652 0.309842 0.033766 0.029024
0 0.832624 0.277642 0.033766 0.029024
0 0.848728 0.250884 0.033766 0.029024
0 0.863792 0.224126 0.033766 0.029024
0 0.881974 0.192834 0.033766 0.029024
0 0.893922 0.166984 0.033766 0.029024
0 0.779116 0.19238 0.033766 0.029024
0 0.761974 0.222766 0.033766 0.029024
0 0.748988 0.249978 0.033766 0.029024
0 0.730286 0.279456 0.033766 0.029024
0 0.71626 0.309842 0.033766 0.029024
0 0.699636 0.33932 0.033766 0.029024
0 0.683012 0.369706 0.033766 0.029024
0 0.66691 0.400544 0.033766 0.029024
0 0.647168 0.43093 0.033766 0.029024
0 0.684052 0.42957 0.033766 0.029024
0 0.701714 0.399638 0.033766 0.029024
0 0.718338 0.370158 0.033766 0.029024
0 0.731844 0.33932 0.033766 0.029024
0 0.748988 0.309388 0.033766 0.029024
0 0.76509 0.278548 0.033766 0.029024
0 0.780676 0.25043 0.033766 0.029024
0 0.79574 0.220952 0.033766 0.029024
0 0.811324 0.19238 0.033766 0.029024
0 0.864312 0.167892 0.033766 0.029024
0 0.847168 0.193742 0.033766 0.029024
0 0.832104 0.22322 0.033766 0.029024
0 0.813922 0.250884 0.033766 0.029024
0 0.797818 0.280362 0.033766 0.029024
0 0.783792 0.308934 0.033766 0.029024
0 0.76665 0.33796 0.033766 0.029024
0 0.750546 0.366984 0.033766 0.029024
0 0.73652 0.399184 0.033766 0.029024
0 0.719376 0.42957 0.033766 0.029024
0 0.928728 0.16653 0.033766 0.029024
0 0.96561 0.166078 0.033766 0.029024
0 0.978078 0.195102 0.033766 0.029024
0 0.963532 0.22322 0.033766 0.029024
0 0.948988 0.24907 0.033766 0.029024
0 0.934442 0.276282 0.033766 0.029024
0 0.917298 0.30848 0.033766 0.029024
0 0.902754 0.335692 0.033766 0.029024
