0 0.45143599999999995 0.08445400000000003 0.01685 0.035076
0 0.47311400000000003 0.07962599999999997 0.01763 0.035272
0 0.49362400000000006 0.07411600000000007 0.01607 0.034098
0 0.51414 0.07011600000000007 0.01636 0.034346
0 0.5347299999999999 0.06515599999999999 0.01538 0.034952
0 0.555104 0.05987600000000004 0.01527 0.036124
0 0.57487 0.055884000000000045 0.01482 0.032408
0 0.4200539999999999 0.05164400000000002 0.01663 0.037262
0 0.44206600000000007 0.047315999999999914 0.01697 0.038062
0 0.4638 0.04217800000000005 0.01674 0.036854
0 0.484364 0.03824000000000005 0.01685 0.036836
0 0.5053799999999999 0.03261399999999992 0.01674 0.037458
0 0.526664 0.02829400000000004 0.01675 0.037032
0 0.546124 0.02424000000000004 0.01597 0.03568
0 0.566486 0.019687999999999928 0.01543 0.036888
0 0.408196 0.0932360000000001 0.01841 0.036462
0 0.43048 0.08919199999999994 0.01686 0.035876
0 0.32177600000000006 0.15629399999999993 0.01767 0.038454
0 0.34431600000000007 0.15104800000000007 0.01683 0.037814
0 0.21587599999999996 0.22370599999999996 0.01839 0.03952
0 0.23991399999999996 0.21844400000000008 0.01983 0.039378
0 0.2638039999999999 0.21090600000000004 0.01701 0.036746
0 0.28613599999999995 0.20561800000000008 0.01683 0.035734
0 0.31005400000000005 0.19999199999999995 0.01795 0.03536
0 0.3321400000000001 0.19536799999999999 0.01746 0.03664
0 0.35478999999999994 0.1865779999999999 0.01702 0.037156
0 0.20320399999999994 0.2680880000000001 0.01949 0.03808
0 0.2274799999999999 0.261706 0.01784 0.035236
0 0.25104400000000004 0.2565679999999999 0.01785 0.034632
0 0.27430599999999994 0.2498579999999999 0.01867 0.03536
0 0.29766000000000004 0.24360000000000004 0.01846 0.036996
0 0.32020000000000004 0.23777800000000004 0.0184 0.039644
0 0.34238999999999997 0.231352 0.01822 0.036392
0 0.21499000000000001 0.30717400000000006 0.01884 0.036534
0 0.2380500000000001 0.2997780000000001 0.01798 0.037848
0 0.262694 0.2954319999999999 0.01785 0.03872
0 0.28532599999999997 0.28868399999999994 0.01785 0.036106
0 0.30844000000000005 0.28173399999999993 0.01688 0.036534
0 0.33058600000000005 0.275058 0.01761 0.034204
0 0.35297 0.26933399999999996 0.01688 0.036978
0 0.20214599999999994 0.3507739999999999 0.01835 0.038044
0 0.22599400000000003 0.34533400000000003 0.01737 0.035876
0 0.159014 0.15248799999999996 0.02157 0.037672
0 0.01747399999999999 0.22858599999999996 0.02015 0.038684
0 0.04420000000000002 0.22254200000000002 0.0195 0.037974
0 0.07004999999999995 0.21663999999999994 0.02 0.039466
0 0.09620000000000006 0.21112799999999998 0.0195 0.0384
0 0.12159999999999993 0.20494199999999996 0.0201 0.040248
0 0.14625 0.19761800000000007 0.0191 0.036622
0 0.03059999999999996 0.2703279999999999 0.0201 0.0416
0 0.05689999999999995 0.26348400000000005 0.0201 0.039644
0 0.08264999999999989 0.257352 0.0192 0.039822
0 0.10810000000000008 0.2506839999999999 0.0191 0.037866
0 0.13369999999999993 0.24508400000000008 0.0189 0.038044
0 0.15835 0.23877400000000004 0.019 0.040356
0 0.41220999999999997 0.3694759999999999 0.0159 0.034488
0 0.4332800000000001 0.36304800000000004 0.01556 0.034186
0 0.45441 0.3567640000000001 0.0147 0.035022
0 0.47486000000000006 0.350986 0.0156 0.033778
0 0.4955099999999999 0.3442320000000001 0.0155 0.036266
0 0.4009100000000001 0.411254 0.0165 0.032
0 0.42201 0.405208 0.0159 0.032
0 0.44315400000000005 0.3982760000000001 0.01539 0.033066
0 0.46401000000000003 0.39285400000000004 0.0149 0.034666
0 0.48421000000000003 0.38565399999999994 0.0155 0.033066
0 0.4101600000000001 0.44787599999999994 0.016 0.034488
0 0.43155999999999994 0.44094199999999995 0.0156 0.033422
0 0.4523600000000001 0.43320800000000004 0.0166 0.0336
0 0.20448 0.18287999999999993 0.0177 0.037866
0 0.2285299999999999 0.1792180000000001 0.0184 0.037724
0 0.2525299999999999 0.1723920000000001 0.018 0.038222
0 0.27547999999999995 0.1672180000000001 0.0183 0.038614
0 0.29882999999999993 0.161192 0.0178 0.037156
0 0.33328 0.11192800000000003 0.0183 0.037192
0 0.35633000000000004 0.10607999999999995 0.0174 0.037156
0 0.24973 0.338276 0.01786 0.035662
0 0.2728459999999999 0.3334839999999999 0.01859 0.036534
0 0.29584600000000005 0.32608799999999993 0.01737 0.036106
0 0.31902600000000003 0.3197779999999999 0.01725 0.036534
0 0.34146999999999994 0.31281800000000004 0.01762 0.037404
0 0.21382999999999996 0.38915600000000006 0.01822 0.036088
0 0.2380500000000001 0.383502 0.01872 0.037404
0 0.26055399999999995 0.37609800000000004 0.01847 0.036534
0 0.2836099999999999 0.3702319999999999 0.01688 0.034364
0 0.3065260000000001 0.3622939999999999 0.01705 0.035876
0 0.3287500000000001 0.356098 0.01762 0.035218
0 0.35113400000000006 0.3493599999999999 0.01615 0.033476
0 0.20080399999999998 0.4342760000000001 0.01957 0.040676
0 0.22502 0.4279740000000001 0.0181 0.038488
0 0.24856999999999996 0.42023999999999995 0.01822 0.036568
0 0.27168400000000004 0.4134040000000001 0.01823 0.034134
0 0.2936399999999999 0.406444 0.01712 0.034152
0 0.31731599999999993 0.39948399999999995 0.01847 0.035448
0 0.33987999999999996 0.39284399999999997 0.01736 0.038276
0 0.21211599999999997 0.47272800000000004 0.01871 0.035946
0 0.23615000000000008 0.46437400000000006 0.01712 0.037014
0 0.25933000000000006 0.45808800000000005 0.01774 0.036106
0 0.28251399999999993 0.451014 0.01639 0.034578
0 0.3047059999999999 0.44370599999999993 0.01753 0.034328
0 0.327164 0.4361520000000001 0.01699 0.033832
0 0.3495600000000001 0.4277599999999999 0.01794 0.034542
0 0.2000059999999999 0.5161340000000001 0.01959 0.037494
0 0.22382999999999997 0.5086040000000001 0.01904 0.03552
0 0.24731999999999998 0.5007919999999999 0.01698 0.03408
0 0.270324 0.49471200000000004 0.01753 0.034578
0 0.29325599999999996 0.486124 0.01691 0.033192
0 0.31518599999999997 0.47887199999999996 0.01655 0.034684
0 0.41805000000000003 0.13231199999999999 0.01702 0.036106
0 0.440126 0.12684399999999996 0.01681 0.035342
0 0.46099 0.12157400000000007 0.01658 0.036106
0 0.48224 0.11659599999999992 0.01538 0.036712
0 0.50305 0.11083599999999993 0.01504 0.035324
0 0.5232239999999999 0.10582200000000008 0.01511 0.035004
0 0.543256 0.10125399999999996 0.01551 0.035004
0 0.56402 0.095866 0.01524 0.034756
0 0.40670399999999995 0.17438200000000004 0.01645 0.037404
0 0.42794 0.16887999999999992 0.01578 0.035964
0 0.44965600000000006 0.164072 0.01605 0.037404
0 0.470224 0.1595200000000001 0.01619 0.037404
0 0.49119599999999997 0.15305799999999992 0.01551 0.035964
0 0.5119659999999999 0.14824799999999994 0.01551 0.036444
0 0.5321899999999999 0.14274600000000004 0.01578 0.035004
0 0.5521499999999999 0.1379459999999999 0.01632 0.036924
0 0.41641400000000006 0.2119120000000001 0.01753 0.036196
0 0.26476999999999995 0.12808799999999998 0.01774 0.039146
0 0.45889 0.200488 0.01632 0.033334
0 0.48014599999999996 0.19588399999999995 0.01655 0.033832
0 0.4998499999999999 0.189894 0.01574 0.034506
0 0.5202199999999999 0.1832879999999999 0.01536 0.034134
0 0.540916 0.1784619999999999 0.01539 0.035324
0 0.4040299999999999 0.2547379999999999 0.01712 0.035946
0 0.4260900000000001 0.24891599999999992 0.01574 0.036142
0 0.44688400000000006 0.24401800000000007 0.01505 0.03616
0 0.46773599999999993 0.23759200000000003 0.01585 0.036356
0 0.48910600000000004 0.23125400000000007 0.01517 0.033102
0 0.5092099999999999 0.22614200000000007 0.01586 0.03472
0 0.52966 0.22063999999999995 0.01632 0.035128
0 0.4146099999999999 0.29048000000000007 0.01598 0.031448
0 0.4357599999999999 0.28609799999999996 0.0164 0.033778
0 0.45641 0.279342 0.0155 0.033066
0 0.4775100000000001 0.27427599999999996 0.0159 0.0336
0 0.4973099999999999 0.2670760000000001 0.0157 0.0352
0 0.5178100000000001 0.26147600000000004 0.0161 0.032534
0 0.40295400000000003 0.33338599999999996 0.01779 0.035556
0 0.42421 0.32876400000000006 0.0167 0.035556
0 0.4449099999999999 0.32156399999999996 0.0161 0.034666
0 0.46581000000000006 0.314986 0.0153 0.035734
0 0.48611000000000004 0.308586 0.0147 0.031112
0 0.5069600000000001 0.302454 0.0152 0.031644
0 0.4376340000000001 0.2067380000000001 0.01585 0.035946
0 0.28753000000000006 0.12253399999999992 0.01786 0.037066
0 0.31077599999999994 0.11790199999999995 0.01773 0.038116
0 0.017789999999999973 0.04979599999999995 0.02314 0.04288
0 0.04407399999999995 0.04404399999999997 0.02157 0.043928
0 0.07035999999999998 0.038985999999999965 0.02236 0.045688
0 0.09634999999999994 0.03410599999999997 0.02138 0.041512
0 0.12203999999999993 0.029395999999999978 0.0206 0.043928
0 0.14832599999999996 0.02415999999999996 0.01981 0.039752
0 0.01794399999999996 0.317804 0.02083 0.039698
0 0.04386599999999996 0.31091599999999997 0.02035 0.040854
0 0.06997000000000009 0.304924 0.02014 0.03904
0 0.09577600000000008 0.29728 0.02115 0.038826
0 0.12057000000000007 0.29188400000000003 0.01936 0.035858
0 0.14495400000000003 0.284222 0.01811 0.037956
0 0.03037599999999996 0.35689799999999994 0.01955 0.037884
0 0.05628999999999995 0.349688 0.01972 0.039112
0 0.08246599999999993 0.3435459999999999 0.01873 0.035894
0 0.10766000000000009 0.33708399999999994 0.02002 0.037334
0 0.13293599999999994 0.330338 0.02051 0.0376
0 0.1579600000000001 0.3232980000000001 0.01988 0.036746
0 0.017374 0.40498600000000007 0.02101 0.0376
0 0.04362599999999994 0.396906 0.01955 0.039254
0 0.06988400000000006 0.39092400000000005 0.01997 0.04048
0 0.09505399999999997 0.384026 0.01937 0.04048
0 0.120174 0.37583999999999995 0.01889 0.037902
0 0.14471600000000007 0.36895199999999995 0.01791 0.036746
0 0.030450000000000088 0.44417799999999996 0.02066 0.037334
0 0.05628999999999995 0.43700399999999995 0.02098 0.037316
0 0.08206599999999997 0.429254 0.01825 0.037884
0 0.10733999999999999 0.42232800000000004 0.01938 0.03968
0 0.13163999999999998 0.4144620000000001 0.01922 0.037032
0 0.15635599999999994 0.4067019999999999 0.01857 0.038186
0 0.043139999999999956 0.4825060000000001 0.0189 0.034738
0 0.06881599999999999 0.4762139999999999 0.02051 0.040426
0 0.09408400000000006 0.4678659999999999 0.01811 0.035324
0 0.11952000000000007 0.459538 0.01794 0.035876
0 0.14384599999999992 0.4519280000000001 0.01869 0.035022
0 0.055970000000000075 0.521272 0.01908 0.037032
0 0.08197399999999999 0.5136799999999999 0.01969 0.037848
0 0.10660000000000003 0.5056179999999999 0.01856 0.037334
0 0.1315599999999999 0.4974320000000001 0.01906 0.036462
0 0.15619000000000005 0.49039999999999995 0.01922 0.03904
0 0.09253599999999995 0.551288 0.01927 0.035556
0 0.11846000000000001 0.5433239999999999 0.0186 0.035734
0 0.14331000000000005 0.535768 0.0179 0.038756
0 0.21812999999999994 0.05323600000000006 0.01784 0.035752
0 0.24248599999999998 0.04807199999999989 0.01955 0.037512
0 0.2666299999999999 0.044167999999999985 0.01826 0.038774
0 0.2902800000000001 0.039768000000000026 0.01912 0.039538
0 0.3130059999999999 0.03280799999999995 0.01869 0.036818
0 0.3354539999999999 0.028596000000000066 0.01827 0.038702
0 0.3582559999999999 0.024407999999999985 0.01799 0.038506
0 0.2055260000000001 0.0974219999999999 0.01841 0.037014
0 0.23009400000000002 0.09402599999999994 0.01799 0.040284
0 0.25367399999999996 0.087982 0.01813 0.03776
0 0.27739 0.08382200000000006 0.01742 0.037014
0 0.30041399999999996 0.07814199999999993 0.01783 0.039306
0 0.3232440000000001 0.07296799999999992 0.01879 0.039556
0 0.34601400000000004 0.06761799999999996 0.01797 0.037208
0 0.2171400000000001 0.1395200000000001 0.01958 0.039396
0 0.240664 0.13333400000000006 0.01727 0.035236
0 0.030736000000000097 0.09320799999999996 0.02157 0.040462
0 0.05692000000000008 0.08762599999999998 0.01824 0.039752
0 0.08319399999999999 0.08276400000000006 0.02179 0.042506
0 0.1093900000000001 0.07699600000000006 0.0204 0.040782
0 0.1344939999999999 0.07106600000000007 0.02119 0.040088
0 0.1600999999999999 0.06535200000000008 0.0194 0.03968
0 0.017984 0.14113799999999999 0.02001 0.040142
0 0.044184 0.1345240000000001 0.02057 0.041494
0 0.07025999999999999 0.1291279999999999 0.0206 0.041156
0 0.09583000000000008 0.12300399999999989 0.01966 0.040142
0 0.12203999999999993 0.11711999999999989 0.02098 0.037974
0 0.14744000000000002 0.110676 0.0208 0.041084
0 0.030834000000000028 0.18369799999999992 0.02255 0.040782
0 0.05722000000000005 0.1752880000000001 0.02236 0.039466
0 0.08330400000000004 0.1702760000000001 0.02197 0.039752
0 0.1083099999999999 0.1641680000000001 0.0206 0.037316
0 0.13371 0.1587639999999999 0.02118 0.038346
