0 0.838818 0.289323 0.008691 0.015625
0 0.719346 0.312773 0.010742 0.017578
0 0.731650 0.311862 0.010547 0.018620
0 0.743516 0.309323 0.009668 0.017969
0 0.754990 0.307240 0.009180 0.018229
0 0.766318 0.304831 0.008008 0.017318
0 0.777939 0.302552 0.008984 0.017969
0 0.788096 0.299818 0.007812 0.014844
0 0.798740 0.296693 0.007617 0.016146
0 0.809141 0.295260 0.007129 0.015625
0 0.819297 0.292852 0.006738 0.015234
0 0.829307 0.290313 0.006445 0.014323
0 0.686680 0.339857 0.009863 0.017839
0 0.699277 0.337188 0.009473 0.018750
0 0.713145 0.334388 0.009863 0.017839
0 0.725889 0.332826 0.009570 0.016536
0 0.737754 0.329245 0.008301 0.015365
0 0.749277 0.327292 0.007715 0.015625
0 0.760557 0.324818 0.007617 0.015104
0 0.772227 0.320977 0.007520 0.014714
0 0.782480 0.319219 0.007910 0.015104
0 0.793955 0.317135 0.006641 0.014844
0 0.803379 0.314141 0.007910 0.014844
0 0.814170 0.312057 0.007227 0.015625
0 0.824277 0.309518 0.007129 0.013932
0 0.833555 0.307370 0.006738 0.014583
0 0.843662 0.306198 0.007227 0.014583
0 0.851670 0.302878 0.007227 0.016536
0 0.860947 0.300664 0.007227 0.016276
0 0.682041 0.363034 0.010742 0.018359
0 0.695566 0.360039 0.009863 0.016536
0 0.707676 0.357435 0.009668 0.017839
0 0.720615 0.354766 0.009570 0.017187
0 0.732334 0.351641 0.008789 0.017448
0 0.675742 0.386211 0.010254 0.017057
0 0.689121 0.382956 0.009277 0.016016
0 0.701084 0.379831 0.009375 0.016276
0 0.713926 0.376445 0.009473 0.016797
0 0.726377 0.373060 0.008398 0.016536
0 0.737998 0.370326 0.008789 0.016276
0 0.743760 0.348841 0.007617 0.016536
0 0.749131 0.368177 0.008398 0.016406
0 0.755625 0.346107 0.008691 0.016797
0 0.761094 0.363945 0.008887 0.017057
0 0.767051 0.343372 0.007910 0.016016
0 0.771885 0.361276 0.007422 0.015365
0 0.777646 0.341029 0.007031 0.015755
0 0.782432 0.358151 0.007227 0.015885
0 0.788633 0.338164 0.007910 0.015755
0 0.792832 0.356198 0.007129 0.016406
0 0.799131 0.335625 0.007227 0.016146
0 0.809141 0.332305 0.007324 0.014974
0 0.803135 0.352487 0.007617 0.014453
0 0.813535 0.350599 0.006934 0.015885
0 0.819297 0.329635 0.006934 0.014323
0 0.823105 0.347604 0.006738 0.015365
0 0.829258 0.327943 0.007520 0.014323
0 0.833262 0.345521 0.006934 0.014844
0 0.838340 0.325990 0.006934 0.014062
0 0.842100 0.343568 0.007422 0.015625
0 0.848154 0.323125 0.007031 0.014063
0 0.851909 0.340013 0.006729 0.015286
0 0.857236 0.320065 0.006250 0.012891
0 0.861191 0.338034 0.006934 0.015755
0 0.866367 0.318242 0.005957 0.012891
0 0.870127 0.335039 0.007031 0.014714
0 0.669775 0.408984 0.010254 0.018490
0 0.683184 0.405495 0.010645 0.018490
0 0.695439 0.401784 0.010352 0.017578
0 0.663213 0.431471 0.010547 0.017578
0 0.676738 0.427826 0.009473 0.018099
0 0.689482 0.423073 0.008789 0.016927
0 0.701885 0.420013 0.008789 0.017578
0 0.714434 0.415977 0.008691 0.016536
0 0.670342 0.450547 0.009570 0.016667
0 0.683037 0.446250 0.009375 0.016667
0 0.696416 0.441563 0.008984 0.015625
0 0.707842 0.437721 0.008398 0.014974
0 0.707891 0.398138 0.008301 0.015234
0 0.719854 0.394948 0.007812 0.014844
0 0.732354 0.390651 0.008398 0.014844
0 0.743437 0.388047 0.008691 0.016667
0 0.726104 0.412266 0.008203 0.015365
0 0.720005 0.433945 0.008506 0.013932
0 0.732012 0.430039 0.008105 0.014974
0 0.737041 0.408229 0.007031 0.014323
0 0.743535 0.426393 0.007324 0.014714
0 0.749248 0.406341 0.007617 0.016536
0 0.755498 0.385052 0.007422 0.015104
0 0.766191 0.381406 0.007715 0.016146
0 0.776836 0.378477 0.006738 0.014453
0 0.788359 0.375872 0.007910 0.014714
0 0.797930 0.371315 0.007520 0.012891
0 0.760820 0.403542 0.007520 0.015625
0 0.771807 0.400026 0.008398 0.016146
0 0.782402 0.395977 0.008301 0.015599
0 0.792935 0.392865 0.007295 0.015365
0 0.754863 0.423008 0.007715 0.014974
0 0.766289 0.420534 0.009668 0.016276
0 0.776592 0.416497 0.008008 0.015234
0 0.787871 0.413958 0.009082 0.017448
0 0.798223 0.410508 0.009668 0.016016
0 0.803008 0.390000 0.008887 0.016146
0 0.808379 0.370013 0.006934 0.013672
0 0.818682 0.367474 0.006836 0.013802
0 0.828203 0.363893 0.006543 0.014193
0 0.837822 0.361810 0.007227 0.013151
0 0.813213 0.387070 0.006836 0.013932
0 0.822490 0.384010 0.006641 0.013281
0 0.832451 0.381081 0.006641 0.013672
0 0.808623 0.408164 0.008398 0.015234
0 0.818096 0.404258 0.007617 0.016016
0 0.827422 0.401393 0.006934 0.015234
0 0.837578 0.398724 0.007715 0.015625
0 0.847622 0.359010 0.006123 0.014063
0 0.856426 0.356276 0.007520 0.014062
0 0.865215 0.353151 0.006738 0.012240
0 0.874639 0.350482 0.007031 0.013411
0 0.841875 0.377565 0.006934 0.014453
0 0.851445 0.374701 0.006738 0.013932
0 0.860332 0.372227 0.006738 0.013672
0 0.869609 0.370729 0.008105 0.014583
0 0.877812 0.366693 0.007520 0.013542
0 0.845977 0.394753 0.006934 0.013932
0 0.855645 0.391563 0.007715 0.014323
0 0.864092 0.387266 0.006836 0.014583
0 0.872490 0.386810 0.007227 0.013672
0 0.776641 0.490833 0.007324 0.016276
0 0.781963 0.470521 0.007227 0.014714
0 0.786650 0.486797 0.007422 0.014974
0 0.781914 0.434193 0.008691 0.015495
0 0.787529 0.450208 0.007617 0.014714
0 0.791924 0.466549 0.007227 0.013802
0 0.796709 0.482891 0.007031 0.013932
0 0.792168 0.430026 0.006543 0.013932
0 0.797539 0.446693 0.007129 0.014193
0 0.801836 0.462839 0.006738 0.013672
0 0.807256 0.479440 0.007227 0.015104
0 0.802324 0.427161 0.007129 0.012370
0 0.807451 0.442396 0.006445 0.013672
0 0.811797 0.423906 0.006543 0.014193
0 0.822393 0.420000 0.006641 0.012630
0 0.817051 0.440117 0.007383 0.014063
0 0.811016 0.459258 0.006328 0.012344
0 0.816875 0.475039 0.006563 0.014531
0 0.821035 0.456211 0.006445 0.013125
0 0.825488 0.470586 0.006211 0.013750
0 0.826660 0.435352 0.006211 0.012344
0 0.830352 0.451992 0.006094 0.012188
0 0.834746 0.466992 0.006914 0.013750
0 0.831875 0.416758 0.006563 0.012969
0 0.840840 0.413398 0.006680 0.012500
0 0.849980 0.410820 0.006680 0.012656
0 0.858711 0.407070 0.005391 0.012656
0 0.867969 0.404180 0.006562 0.012500
0 0.875879 0.400273 0.005273 0.013125
0 0.884375 0.397070 0.005859 0.012656
0 0.837031 0.432383 0.007266 0.012969
0 0.840254 0.448789 0.006680 0.012656
0 0.843711 0.463008 0.006563 0.013594
0 0.845645 0.429570 0.006211 0.011719
0 0.849102 0.445117 0.006797 0.012812
0 0.853203 0.459336 0.006328 0.014063
0 0.854551 0.426211 0.005273 0.011562
0 0.857773 0.442070 0.006094 0.012344
0 0.861816 0.456211 0.006445 0.014062
0 0.863047 0.422773 0.005625 0.012188
0 0.866328 0.438320 0.006563 0.012656
0 0.870430 0.452617 0.006797 0.012812
0 0.878984 0.449102 0.006328 0.013281
0 0.874531 0.435508 0.005859 0.012031
0 0.871602 0.419961 0.005625 0.012187
0 0.879395 0.416211 0.005273 0.012500
0 0.887773 0.412852 0.006094 0.012344
0 0.883145 0.431055 0.005508 0.011875
0 0.886660 0.445664 0.006211 0.012344
0 0.645762 0.579505 0.009258 0.017031
0 0.658652 0.574740 0.009258 0.017813
0 0.671309 0.569036 0.009023 0.016719
0 0.683906 0.563333 0.009375 0.016875
0 0.696504 0.558021 0.009258 0.016875
0 0.708398 0.552474 0.009141 0.016719
0 0.720293 0.547396 0.008086 0.016562
0 0.732539 0.543021 0.008438 0.016875
0 0.652910 0.596302 0.009492 0.016875
0 0.665625 0.590742 0.009375 0.016693
0 0.677988 0.584740 0.008555 0.016562
0 0.690469 0.579661 0.008906 0.016719
0 0.702832 0.574115 0.008086 0.016250
0 0.714258 0.568490 0.008203 0.016250
0 0.725742 0.563880 0.007969 0.015156
0 0.737051 0.559583 0.007383 0.015312
0 0.646582 0.617708 0.009258 0.016562
0 0.659355 0.612161 0.008789 0.015781
0 0.671719 0.606849 0.008437 0.016094
0 0.684844 0.600990 0.008437 0.016250
0 0.696855 0.595833 0.007852 0.015938
0 0.708750 0.589818 0.008672 0.015781
0 0.720176 0.584974 0.008789 0.016094
0 0.732227 0.579427 0.009141 0.015938
0 0.743027 0.575130 0.007617 0.014531
0 0.743555 0.538333 0.008203 0.015312
0 0.753984 0.533255 0.007734 0.015781
0 0.764941 0.529036 0.007383 0.015469
0 0.775781 0.524896 0.007031 0.015938
0 0.785859 0.520599 0.007266 0.014531
0 0.796113 0.516224 0.007617 0.014844
0 0.806191 0.512240 0.007383 0.015625
0 0.748477 0.554583 0.007734 0.015000
0 0.759375 0.549115 0.007500 0.015000
0 0.769746 0.545599 0.007617 0.015469
0 0.779707 0.540286 0.007148 0.015469
0 0.790547 0.536302 0.007031 0.015938
0 0.800156 0.532240 0.007969 0.014375
0 0.810469 0.527240 0.006563 0.014375
0 0.753984 0.569349 0.007969 0.014844
0 0.764648 0.565208 0.008203 0.015000
0 0.774961 0.560052 0.007734 0.015312
0 0.785273 0.555208 0.006797 0.016562
0 0.737295 0.595534 0.007305 0.015182
0 0.732300 0.615690 0.008291 0.013880
0 0.737295 0.630501 0.007871 0.016497
0 0.743408 0.610443 0.007734 0.016120
0 0.747637 0.626191 0.007188 0.013867
0 0.748555 0.589622 0.007891 0.015000
0 0.753604 0.604811 0.007871 0.015378
0 0.759019 0.620000 0.008018 0.014245
0 0.758950 0.584186 0.007881 0.014622
0 0.764360 0.599473 0.007451 0.014440
0 0.769287 0.614095 0.007734 0.015560
0 0.769639 0.580156 0.008437 0.015182
0 0.774419 0.594414 0.007314 0.014063
0 0.778989 0.609414 0.007178 0.014063
0 0.779829 0.574720 0.007451 0.014805
0 0.784199 0.589629 0.006914 0.013503
0 0.789185 0.603971 0.007314 0.014063
0 0.789888 0.570690 0.007314 0.015000
0 0.794526 0.584284 0.006748 0.012943
0 0.799238 0.598255 0.007734 0.013880
0 0.799663 0.566003 0.007451 0.015000
0 0.804443 0.580254 0.007734 0.013503
0 0.808662 0.594785 0.006895 0.015560
0 0.809507 0.560846 0.007451 0.014427
0 0.813652 0.574720 0.006758 0.014440
0 0.817944 0.589818 0.007451 0.014245
0 0.818784 0.556159 0.006611 0.014818
0 0.823213 0.570599 0.007031 0.013307
0 0.827783 0.584564 0.007168 0.012383
0 0.828770 0.552031 0.007168 0.013307
0 0.832637 0.566374 0.007031 0.013503
0 0.836714 0.580345 0.007588 0.013685
0 0.837559 0.548659 0.007305 0.011823
0 0.841499 0.561693 0.007314 0.013125
0 0.845645 0.575286 0.007168 0.012943
0 0.846006 0.542656 0.007891 0.013307
0 0.850425 0.557194 0.008018 0.013503
0 0.854014 0.571725 0.007031 0.014440
0 0.854570 0.539655 0.007031 0.013685
0 0.858511 0.553346 0.005908 0.012943
0 0.862168 0.567318 0.006191 0.012370
0 0.863296 0.534687 0.005908 0.013125
0 0.871729 0.531595 0.005625 0.013320
0 0.880313 0.527845 0.007031 0.013685
0 0.866948 0.549499 0.006748 0.012747
0 0.870469 0.563568 0.007031 0.013880
0 0.806079 0.691849 0.008271 0.014635
0 0.650635 0.475911 0.010059 0.017448
0 0.663799 0.472279 0.009570 0.016927
0 0.676494 0.467526 0.008984 0.016797
0 0.689727 0.463099 0.009082 0.016536
0 0.701787 0.458477 0.008984 0.016927
0 0.714336 0.454701 0.008496 0.016667
0 0.644023 0.499167 0.009277 0.017318
0 0.657500 0.494740 0.009863 0.017318
0 0.670244 0.490508 0.008984 0.017448
0 0.683916 0.485365 0.009570 0.017057
0 0.696221 0.481458 0.008594 0.017318
0 0.708232 0.476445 0.008398 0.015885
0 0.720635 0.473516 0.007812 0.015234
0 0.651152 0.517201 0.009863 0.017969
0 0.664385 0.512122 0.009180 0.017448
0 0.676934 0.507240 0.008496 0.015495
0 0.689824 0.503789 0.009277 0.016667
0 0.702129 0.498971 0.008691 0.016667
0 0.714141 0.495065 0.007715 0.016146
0 0.726528 0.490566 0.007881 0.016003
0 0.644902 0.540182 0.009668 0.018359
0 0.658330 0.535430 0.009570 0.017708
0 0.671172 0.529701 0.009082 0.017188
0 0.683916 0.525013 0.009570 0.018490
0 0.696465 0.520586 0.008496 0.016406
0 0.708867 0.516615 0.008496 0.015755
0 0.721416 0.512513 0.008984 0.016667
0 0.732500 0.506654 0.007910 0.014844
0 0.726592 0.452552 0.008789 0.016536
0 0.738408 0.448841 0.008789 0.016146
0 0.748711 0.444674 0.007910 0.014844
0 0.732793 0.469349 0.008887 0.014193
0 0.744072 0.465182 0.007812 0.014453
0 0.738457 0.485820 0.007715 0.013802
0 0.750518 0.481719 0.008008 0.013932
0 0.744121 0.503008 0.008301 0.014323
0 0.755107 0.498125 0.007227 0.012630
0 0.755400 0.460885 0.007812 0.014714
0 0.760039 0.440964 0.008887 0.015234
0 0.770732 0.438164 0.008203 0.014583
0 0.765557 0.457630 0.007812 0.013932
0 0.776836 0.453529 0.007324 0.014844
0 0.761064 0.478203 0.008398 0.014453
0 0.765654 0.494870 0.007812 0.014714
0 0.771709 0.473776 0.007422 0.014453
0 0.795352 0.551380 0.007500 0.014844
0 0.804727 0.546380 0.007266 0.014844
0 0.815552 0.507591 0.008018 0.015938
0 0.824761 0.503379 0.008994 0.016497
0 0.834253 0.499727 0.007451 0.015938
0 0.843398 0.496536 0.007734 0.016693
0 0.852256 0.492318 0.007734 0.016875
0 0.861113 0.487533 0.007734 0.015560
0 0.870044 0.485098 0.008721 0.017435
0 0.878271 0.480410 0.007168 0.015195
0 0.886426 0.478906 0.007461 0.014818
0 0.819912 0.522773 0.009141 0.015964
0 0.829053 0.519225 0.007734 0.015560
0 0.837983 0.514069 0.006748 0.014622
0 0.847192 0.510879 0.006611 0.013503
0 0.855908 0.506758 0.006328 0.013125
0 0.864419 0.503001 0.007314 0.015378
0 0.873066 0.498405 0.006328 0.014440
0 0.881504 0.496628 0.008301 0.015365
0 0.814707 0.541439 0.007168 0.014622
0 0.824199 0.537500 0.006758 0.013880
0 0.833477 0.533470 0.007031 0.014440
0 0.842061 0.528880 0.007031 0.013880
0 0.851128 0.524753 0.006611 0.013880
0 0.859565 0.520443 0.006885 0.013880
0 0.868296 0.516413 0.006064 0.012565
0 0.876934 0.513320 0.006465 0.015000
0 0.885229 0.510781 0.006475 0.014818
0 0.653550 0.634160 0.008857 0.016315
0 0.666133 0.628158 0.008438 0.016680
0 0.678516 0.621602 0.008437 0.015938
0 0.690674 0.616628 0.007734 0.014635
0 0.702490 0.611660 0.008301 0.016315
0 0.714512 0.605664 0.008711 0.015938
0 0.672817 0.644375 0.008291 0.016875
0 0.684277 0.637624 0.008437 0.014622
0 0.697144 0.631536 0.008018 0.015182
0 0.709238 0.626849 0.007734 0.015182
0 0.720488 0.621413 0.007734 0.015560
0 0.667119 0.665280 0.009004 0.016315
0 0.679004 0.658724 0.007734 0.014063
0 0.691240 0.653659 0.008301 0.014818
0 0.703413 0.647747 0.008174 0.015000
0 0.715142 0.641003 0.007451 0.014245
0 0.725630 0.636224 0.007607 0.015938
0 0.726113 0.600970 0.008008 0.015560
0 0.673154 0.682174 0.008301 0.016693
0 0.685391 0.674115 0.008574 0.015573
0 0.697271 0.669427 0.007881 0.015573
0 0.709014 0.662956 0.008301 0.015755
0 0.720757 0.656673 0.008721 0.016315
0 0.679336 0.696113 0.009688 0.016185
0 0.691294 0.689954 0.008857 0.015378
0 0.703672 0.683307 0.009141 0.014062
0 0.714707 0.677396 0.007598 0.014635
0 0.726523 0.671393 0.007871 0.015000
0 0.685737 0.710208 0.008154 0.015000
0 0.697344 0.703646 0.008301 0.015365
0 0.709229 0.696895 0.008438 0.015742
0 0.720405 0.691549 0.008018 0.015938
0 0.731440 0.685365 0.008154 0.015573
0 0.731372 0.650495 0.008584 0.015938
0 0.742485 0.644863 0.008018 0.015195
0 0.752817 0.639798 0.007881 0.015560
0 0.737207 0.665859 0.007871 0.015938
0 0.747476 0.658828 0.007314 0.015000
0 0.757954 0.654616 0.007451 0.014440
0 0.742690 0.680488 0.008154 0.016315
0 0.753311 0.673366 0.008301 0.016680
0 0.763784 0.667923 0.008154 0.014440
0 0.763081 0.634368 0.008154 0.014440
0 0.774126 0.628828 0.008018 0.015000
0 0.784531 0.623392 0.007168 0.013503
0 0.793740 0.619082 0.007598 0.015378
0 0.768848 0.648236 0.007598 0.014440
0 0.779189 0.643177 0.007734 0.015182
0 0.789028 0.637272 0.006885 0.014258
0 0.798872 0.632865 0.006611 0.014427
0 0.773794 0.661706 0.006514 0.015130
0 0.783896 0.657428 0.006758 0.014440
0 0.793530 0.651328 0.006611 0.015000
0 0.803301 0.645807 0.006465 0.014063
0 0.803516 0.613926 0.006328 0.014440
0 0.808506 0.626868 0.006191 0.012565
0 0.813076 0.641302 0.006602 0.013698
0 0.813491 0.608392 0.007471 0.014622
0 0.822427 0.603242 0.007881 0.015182
0 0.832134 0.598190 0.007314 0.015599
0 0.840776 0.593490 0.006611 0.014818
0 0.849004 0.588802 0.006465 0.013698
0 0.857793 0.583457 0.006328 0.012383
0 0.866162 0.581022 0.006191 0.014258
0 0.817437 0.621992 0.006611 0.013307
0 0.826504 0.617207 0.006191 0.013503
0 0.834595 0.612240 0.006611 0.012943
0 0.844087 0.607083 0.005908 0.012005
0 0.853018 0.602487 0.006328 0.013307
0 0.861523 0.598555 0.006465 0.012188
0 0.822148 0.635208 0.006191 0.013490
0 0.830869 0.629297 0.005625 0.012188
0 0.839092 0.624896 0.005762 0.012760
0 0.847949 0.620299 0.006895 0.013307
0 0.856460 0.615521 0.007314 0.013125
0 0.691929 0.725208 0.008721 0.015755
0 0.703174 0.719863 0.008437 0.016315
0 0.714849 0.713021 0.007588 0.015000
0 0.725117 0.705618 0.007871 0.014440
0 0.736367 0.700085 0.007871 0.015378
0 0.747124 0.694271 0.007451 0.014635
0 0.758164 0.688086 0.008437 0.016120
0 0.709297 0.733177 0.008301 0.015182
0 0.720542 0.727461 0.007451 0.016120
0 0.730952 0.721738 0.008857 0.014440
0 0.742202 0.714049 0.008018 0.014818
0 0.752822 0.709453 0.009004 0.015729
0 0.747051 0.727363 0.007598 0.014440
0 0.757812 0.720990 0.007168 0.014818
0 0.763086 0.701491 0.007598 0.013320
0 0.768496 0.682552 0.008574 0.014427
0 0.768149 0.714993 0.006748 0.014440
0 0.773936 0.694212 0.007090 0.014857
0 0.778740 0.676667 0.006582 0.014401
0 0.787944 0.671374 0.007764 0.015977
0 0.797813 0.665521 0.007598 0.013281
0 0.808027 0.660013 0.008437 0.014844
0 0.816714 0.654616 0.006924 0.013503
0 0.826079 0.648984 0.007432 0.013958
0 0.834771 0.643470 0.007256 0.014180
0 0.844053 0.639421 0.006582 0.014180
0 0.852656 0.633685 0.006582 0.014401
0 0.782798 0.690612 0.007256 0.013047
0 0.793091 0.683411 0.007256 0.013490
0 0.802036 0.678913 0.007256 0.013945
0 0.811987 0.673288 0.006924 0.013503
0 0.820850 0.667663 0.007422 0.013945
0 0.829453 0.662487 0.006406 0.012604
0 0.838818 0.657422 0.007598 0.015078
0 0.777651 0.709395 0.007764 0.014180
0 0.787607 0.703210 0.007090 0.013060
0 0.796968 0.697702 0.008271 0.014180
