0 0.15080000000000005 0.01804399999999995 0.031334 0.031112
0 0.017633999999999928 0.055088000000000026 0.0288 0.0292
0 0.02306600000000003 0.09202200000000005 0.029466 0.029288
0 0.02798400000000001 0.13035599999999992 0.0311 0.030756
0 0.04133399999999998 0.26871200000000006 0.032666 0.035556
0 0.07699999999999996 0.284934 0.03 0.032444
0 0.10616599999999998 0.258934 0.029666 0.035556
0 0.17016600000000004 0.24715599999999993 0.031666 0.036
0 0.2589999999999999 0.2111559999999999 0.034 0.036
0 0.2330000000000001 0.23804399999999992 0.031334 0.035556
0 0.20516599999999996 0.26404399999999995 0.031666 0.037778
0 0.32183399999999995 0.20026600000000006 0.034334 0.032
0 0.295666 0.2260439999999999 0.032666 0.035556
0 0.17916599999999994 0.16737800000000003 0.032334 0.032
0 0.1408339999999999 0.274934 0.031666 0.039112
0 0.11299999999999999 0.3024659999999999 0.030666 0.039066
0 0.08416599999999996 0.330044 0.032334 0.037334
0 0.0483340000000001 0.31337799999999993 0.032 0.039556
0 0.17716599999999993 0.2913779999999999 0.030334 0.035556
0 0.14949999999999997 0.3187120000000001 0.033 0.036
0 0.2683500000000001 0.25202199999999997 0.032166 0.037734
0 0.24170000000000003 0.278888 0.032666 0.0352
0 0.13658400000000004 0.1134440000000001 0.029766 0.030712
0 0.145934 0.1534660000000001 0.033134 0.0352
0 0.1641840000000001 0.08944400000000008 0.0293 0.030088
0 0.18985000000000007 0.06673400000000007 0.029766 0.030712
0 0.1968160000000001 0.10482199999999997 0.030234 0.030088
0 0.1704159999999999 0.1281779999999999 0.032166 0.030756
0 0.2237 0.08048799999999989 0.030266 0.032622
0 0.23138400000000003 0.11922199999999994 0.0331 0.028134
0 0.2057 0.1425780000000001 0.030734 0.032622
0 0.23933399999999994 0.15624400000000005 0.030666 0.036044
0 0.034434000000000076 0.17044400000000004 0.031666 0.030222
0 0.3850659999999999 0.1858439999999999 0.0398 0.036488
0 0.30506600000000006 0.26953399999999994 0.0312 0.0372
0 0.3417840000000001 0.28486600000000006 0.032634 0.0332
0 0.3569 0.2177119999999999 0.030266 0.034534
0 0.3684160000000001 0.2574000000000001 0.032166 0.033288
0 0.352584 0.32875600000000005 0.0341 0.037778
0 0.32689999999999997 0.357556 0.0336 0.036444
0 0.3360160000000001 0.4033119999999999 0.032634 0.040934
0 0.3086500000000001 0.43173400000000006 0.034566 0.0416
0 0.3929 0.23371199999999992 0.030266 0.033288
0 0.4051499999999999 0.274 0.029766 0.035734
0 0.38066599999999995 0.3006 0.031666 0.037734
0 0.4195500000000001 0.2068000000000001 0.034566 0.034666
0 0.4305840000000001 0.24748799999999993 0.0317 0.033912
0 0.4435500000000001 0.289644 0.032634 0.0352
0 0.4171339999999999 0.317534 0.030734 0.035778
0 0.3912340000000001 0.34631199999999995 0.0336 0.037066
0 0.36433399999999994 0.37386600000000003 0.031666 0.040978
0 0.34755 0.450356 0.032634 0.040356
0 0.37633399999999995 0.422512 0.0336 0.040934
0 0.456734 0.22215600000000002 0.0312 0.034622
0 0.4684999999999999 0.2637560000000001 0.032666 0.035778
0 0.456016 0.333156 0.034566 0.0352
0 0.43104999999999993 0.36260000000000003 0.034566 0.037734
0 0.4025000000000001 0.392112 0.034066 0.039066
0 0.41616600000000004 0.438844 0.0336 0.039022
0 0.39025 0.46888799999999997 0.037434 0.041512
0 0.4939340000000001 0.2375339999999999 0.031666 0.035778
0 0.50715 0.27786599999999995 0.032166 0.034578
0 0.4809840000000001 0.3079559999999999 0.032634 0.035822
0 0.4694499999999999 0.37995599999999996 0.034566 0.037778
0 0.44209999999999994 0.4100220000000001 0.034534 0.036488
0 0.52105 0.3239559999999999 0.035034 0.034578
0 0.4958659999999999 0.351156 0.0336 0.033956
0 0.4829000000000001 0.42573400000000006 0.0336 0.0384
0 0.45698400000000006 0.458334 0.0365 0.046
0 0.5316160000000001 0.253244 0.032166 0.031378
0 0.547466 0.296044 0.036 0.036444
0 0.5616159999999999 0.34155599999999997 0.034566 0.032622
0 0.536416 0.3677999999999999 0.0341 0.037734
0 0.5083340000000001 0.3982000000000001 0.0336 0.039688
0 0.5229839999999999 0.446488 0.035034 0.042934
0 0.549366 0.41444400000000003 0.036 0.040356
0 0.5760160000000001 0.38571200000000005 0.0317 0.037734
0 0.38850000000000007 0.01733399999999996 0.029334 0.033334
0 0.42300000000000004 0.029778000000000082 0.032334 0.029778
0 0.4005000000000001 0.052888000000000046 0.033334 0.030666
0 0.375 0.07488800000000007 0.033 0.033778
0 0.48066600000000004 0.020000000000000018 0.034334 0.031556
0 0.4575 0.04311200000000004 0.036 0.031556
0 0.516834 0.03511200000000003 0.033334 0.033334
0 0.5748340000000001 0.026000000000000023 0.034666 0.032888
0 0.3503339999999999 0.09866599999999992 0.031 0.035556
0 0.36166600000000004 0.1368879999999999 0.034334 0.035556
0 0.38666599999999995 0.1131120000000001 0.033666 0.036
0 0.4108339999999999 0.08933400000000002 0.034666 0.035556
0 0.434666 0.06555599999999995 0.033666 0.033334
0 0.09078399999999998 0.025911999999999935 0.029966 0.027644
0 0.06343399999999999 0.047800000000000065 0.030534 0.0284
0 0.06888399999999995 0.08388799999999996 0.0311 0.029912
0 0.09711599999999998 0.061622000000000066 0.029966 0.0284
0 0.12359999999999993 0.03895599999999999 0.0288 0.026088
0 0.13166600000000006 0.07362200000000008 0.03 0.027866
0 0.10309999999999997 0.09857800000000005 0.029534 0.028622
0 0.0746500000000001 0.12191200000000002 0.032234 0.027644
0 0.110066 0.1368879999999999 0.030534 0.029956
0 0.08184999999999998 0.16224400000000005 0.032834 0.033022
0 0.11726600000000009 0.17682200000000003 0.0334 0.033022
0 0.13533400000000007 0.23266600000000004 0.034 0.035112
0 0.19716599999999995 0.22071200000000002 0.035666 0.034666
0 0.07133400000000001 0.24204399999999993 0.032 0.035556
0 0.018383999999999956 0.340066 0.030434 0.037822
0 0.0532999999999999 0.355734 0.033866 0.041512
0 0.02391600000000005 0.383378 0.030434 0.039644
0 0.060899999999999954 0.4008879999999999 0.032466 0.039644
0 0.031166000000000027 0.431778 0.033866 0.040534
0 0.33220000000000005 0.2419119999999999 0.0318 0.036888
0 0.1200000000000001 0.3446659999999999 0.0318 0.037778
0 0.0909660000000001 0.3741779999999999 0.0304 0.037778
0 0.0678160000000001 0.45019999999999993 0.035234 0.044222
0 0.03600000000000003 0.481066 0.033866 0.043288
0 0.0436160000000001 0.5299119999999999 0.036634 0.045156
0 0.1562840000000001 0.36033399999999993 0.0311 0.035956
0 0.09856599999999993 0.4184000000000001 0.034534 0.039644
0 0.12864999999999993 0.39028799999999997 0.0311 0.038712
0 0.1865000000000001 0.3332219999999999 0.033134 0.033912
0 0.2145840000000001 0.30699999999999994 0.029766 0.033912
0 0.2779339999999999 0.2957559999999999 0.031666 0.037022
0 0.25154999999999994 0.322044 0.032634 0.0384
0 0.22321600000000008 0.350444 0.0317 0.039022
0 0.19490000000000007 0.38060000000000005 0.034534 0.037734
0 0.16490000000000005 0.40844400000000003 0.034066 0.0384
0 0.13634999999999997 0.4378660000000001 0.034566 0.040978
0 0.10658400000000001 0.468912 0.034566 0.040312
0 0.07513400000000003 0.499644 0.034066 0.045422
0 0.314184 0.312044 0.030234 0.0352
0 0.2892159999999999 0.33928800000000003 0.032166 0.035912
0 0.25944999999999996 0.369 0.032166 0.036488
0 0.23209999999999997 0.397556 0.033134 0.039644
0 0.20278400000000008 0.4260219999999999 0.0311 0.044134
0 0.1732499999999999 0.457066 0.0335 0.039644
0 0.2409840000000001 0.443956 0.034566 0.039022
0 0.21265 0.47431200000000007 0.034566 0.039734
0 0.14376600000000006 0.4871559999999999 0.036 0.043556
0 0.11306600000000011 0.5187999999999999 0.034066 0.042844
0 0.183384 0.5069999999999999 0.0355 0.040934
0 0.25105 0.49477799999999994 0.032634 0.043512
0 0.27073400000000003 0.41415599999999997 0.031666 0.039778
0 0.29858399999999996 0.38539999999999996 0.0307 0.039688
0 0.27963399999999994 0.4637340000000001 0.0312 0.037778
0 0.5674159999999999 0.15822200000000008 0.034034 0.029334
0 0.6275839999999999 0.1508879999999999 0.0337 0.032444
0 0.68875 0.14133400000000007 0.0347 0.029334
0 0.665416 0.16444400000000003 0.0327 0.032888
0 0.7039 0.1793340000000001 0.031666 0.032444
0 0.5057339999999999 0.17066599999999998 0.033334 0.032
0 0.543234 0.1862220000000001 0.031666 0.031112
0 0.6035839999999999 0.174666 0.0297 0.030222
0 0.6823999999999999 0.2042219999999999 0.033334 0.029778
0 0.6417660000000001 0.19088799999999995 0.033334 0.030666
0 0.65675 0.23177800000000004 0.0313 0.028
0 0.5814159999999999 0.201778 0.032634 0.030222
0 0.6184160000000001 0.21711199999999997 0.032034 0.034222
0 0.517916 0.21111199999999997 0.0303 0.032888
0 0.556084 0.22622199999999992 0.0353 0.032888
0 0.59575 0.24222199999999994 0.034634 0.032
0 0.6335999999999999 0.25777800000000006 0.031666 0.031112
0 0.569734 0.27 0.028666 0.031556
0 0.6089 0.2846660000000001 0.035 0.034222
0 0.44273399999999996 0.18111199999999994 0.032666 0.032444
0 0.4819340000000001 0.19555600000000006 0.035 0.033778
0 0.6512500000000001 0.2986660000000001 0.038966 0.032888
0 0.5855999999999999 0.31355599999999995 0.0348 0.036
0 0.627216 0.328422 0.038634 0.036488
0 0.6013999999999999 0.3568880000000001 0.035 0.037334
0 0.1813340000000001 0.03022199999999997 0.029666 0.030666
0 0.15633399999999997 0.05311200000000005 0.029666 0.032
0 0.21483399999999997 0.04400000000000004 0.029334 0.031556
0 0.24 0.020666000000000073 0.027666 0.031112
0 0.2729999999999999 0.034666000000000086 0.029 0.033334
0 0.24750000000000005 0.05711200000000005 0.027334 0.031112
0 0.257166 0.09444399999999997 0.030666 0.032888
0 0.2826660000000001 0.07200000000000006 0.029666 0.034222
0 0.3063340000000001 0.0477780000000001 0.027666 0.032888
0 0.3308340000000001 0.026888000000000023 0.028666 0.034666
0 0.36549999999999994 0.039555999999999925 0.03 0.032444
0 0.3414999999999999 0.06088800000000005 0.031334 0.030666
0 0.3165 0.08466599999999991 0.030666 0.031112
0 0.291666 0.10822200000000004 0.031666 0.031112
0 0.26633400000000007 0.1331119999999999 0.030334 0.032
0 0.30083400000000005 0.14733400000000008 0.031334 0.033778
0 0.32683400000000007 0.12288800000000011 0.032666 0.032
0 0.4213340000000001 0.12866599999999995 0.036334 0.036
0 0.44616600000000006 0.10355599999999998 0.036666 0.038222
0 0.4681660000000001 0.08022200000000002 0.035334 0.036
0 0.49466600000000005 0.05711200000000005 0.037666 0.035112
0 0.48066600000000004 0.12022200000000005 0.037 0.038666
0 0.5055000000000001 0.09466599999999992 0.037334 0.038222
0 0.5526660000000001 0.04755599999999993 0.039 0.036444
0 0.527166 0.070222 0.039334 0.034666
0 0.5421659999999999 0.11022200000000004 0.039334 0.041778
0 0.5868340000000001 0.06088800000000005 0.037334 0.032
0 0.563334 0.08488800000000007 0.035 0.035556
0 0.600166 0.09888800000000009 0.037334 0.036888
0 0.609834 0.039555999999999925 0.036 0.034666
0 0.623666 0.07600000000000007 0.037666 0.034666
0 0.646166 0.051555999999999935 0.036 0.033778
0 0.6675 0.029555999999999916 0.034666 0.035112
0 0.704 0.04311200000000004 0.037 0.032888
0 0.6836660000000001 0.06577799999999989 0.038334 0.035556
0 0.6605000000000001 0.09044399999999997 0.038666 0.039556
0 0.7278340000000001 0.02111200000000002 0.037334 0.035112
0 0.742834 0.056221999999999994 0.038 0.033334
0 0.72 0.0817779999999999 0.035 0.039112
