0 0.1951560000000001 0.575594 0.0405 0.053938
0 0.25481200000000004 0.624802 0.038468 0.053938
0 0.29981199999999997 0.846928 0.035438 0.047854
0 0.3559300000000001 0.89175 0.039484 0.045834
0 0.4183680000000001 0.856032 0.036954 0.05123
0 0.36250000000000004 0.809166 0.037468 0.049208
0 0.30613200000000007 0.762666 0.038984 0.049208
0 0.370344 0.720864 0.037968 0.050562
0 0.3121959999999999 0.67199 0.041016 0.053938
0 0.31927400000000006 0.579636 0.036954 0.053938
0 0.3774139999999999 0.629188 0.038984 0.055958
0 0.47596799999999995 0.900188 0.040062 0.049208
0 0.48536 0.813886 0.0405 0.054604
0 0.4279679999999999 0.767042 0.041 0.053916
0 0.495468 0.725594 0.0395 0.054604
0 0.4378359999999999 0.678062 0.041516 0.056626
0 0.5070939999999999 0.63424 0.0405 0.053938
0 0.447438 0.583354 0.042532 0.055958
0 0.5184759999999999 0.53751 0.045046 0.054604
0 0.4570399999999999 0.486948 0.042516 0.058646
0 0.3865160000000001 0.534468 0.041 0.05798
0 0.3958680000000001 0.433354 0.042516 0.06875
0 0.32711 0.483916 0.044532 0.055292
0 0.26015600000000005 0.530428 0.040938 0.05527
0 0.19995999999999992 0.480208 0.042016 0.057292
0 0.26517199999999996 0.432344 0.041 0.057312
0 0.27174999999999994 0.327864 0.04 0.061354
0 0.33368 0.381114 0.039484 0.057312
0 0.406226 0.330562 0.045046 0.057292
0 0.4676640000000001 0.383812 0.045546 0.06
0 0.5308600000000001 0.436052 0.044532 0.05798
0 0.541984 0.33225 0.0415 0.056626
0 0.065218 0.834114 0.0405 0.051896
0 0.07002400000000009 0.748166 0.038984 0.045834
0 0.12968000000000002 0.709406 0.038984 0.050562
0 0.127656 0.797042 0.036968 0.0465
0 0.12436800000000003 0.87827 0.036454 0.048542
0 0.18276599999999998 0.842542 0.035938 0.048542
0 0.23787599999999998 0.884334 0.037968 0.048542
0 0.243938 0.803104 0.041 0.051916
0 0.184782 0.755584 0.037968 0.052584
0 0.24924999999999997 0.715468 0.038468 0.050562
0 0.19085200000000002 0.66727 0.038984 0.049874
0 0.07786000000000004 0.377344 0.0405 0.061354
0 0.14206999999999992 0.326782 0.042516 0.057312
0 0.20602399999999998 0.379364 0.043016 0.058646
0 0.13979000000000008 0.428572 0.042016 0.054604
0 0.0760860000000001 0.476438 0.039984 0.05325
0 0.07457800000000003 0.571822 0.037968 0.05123
0 0.13448400000000005 0.527666 0.038468 0.055958
0 0.1319539999999999 0.62002 0.043532 0.055958
0 0.07128200000000007 0.660802 0.0415 0.05527
0 0.4112260000000001 0.936916 0.037078 0.048542
0 0.34843 0.97251 0.036454 0.04852
0 0.293844 0.930052 0.040124 0.04773
0 0.23407 0.96402 0.03586 0.049334
0 0.1791560000000001 0.92276 0.03525 0.046104
0 0.12153199999999997 0.95674 0.03525 0.042854
0 0.06752399999999992 0.91427 0.03889 0.048542
