0 0.537721 0.513206 0.045358 0.033662
0 0.383075 0.277272 0.041700 0.031269
0 0.488633 0.320819 0.041700 0.031275
0 0.290175 0.303003 0.041700 0.031269
0 0.214700 0.260250 0.041700 0.031275
0 0.306296 0.233125 0.041692 0.031275
0 0.580475 0.294294 0.041700 0.031275
0 0.672317 0.267375 0.041700 0.031275
0 0.659650 0.337837 0.041700 0.031275
0 0.568333 0.368716 0.041700 0.031269
0 0.474383 0.395634 0.041700 0.031269
0 0.356683 0.419387 0.041700 0.031275
0 0.368821 0.347341 0.041692 0.031269
0 0.278037 0.374259 0.041692 0.031269
0 0.198337 0.329922 0.041692 0.031269
0 0.104387 0.357237 0.041692 0.031275
0 0.181450 0.403156 0.041700 0.031275
0 0.257983 0.446700 0.041700 0.031275
0 0.167196 0.475600 0.041692 0.031275
0 0.090667 0.430869 0.041700 0.031275
0 0.244258 0.520331 0.041700 0.031275
0 0.339267 0.494997 0.041700 0.031269
0 0.461717 0.468475 0.041700 0.031275
0 0.553029 0.440369 0.041692 0.031275
0 0.645396 0.411866 0.041692 0.031269
0 0.740933 0.384947 0.041700 0.031269
0 0.752542 0.314087 0.041700 0.031275
0 0.727983 0.457794 0.045367 0.033663
0 0.635367 0.485891 0.045367 0.033669
0 0.502888 0.250353 0.041692 0.031269
0 0.842800 0.470850 0.045367 0.033663
0 0.858104 0.396425 0.045358 0.033663
0 0.951529 0.367925 0.045358 0.033663
0 0.869717 0.323194 0.045367 0.033662
0 0.963142 0.295088 0.045367 0.033663
0 0.937275 0.442744 0.045367 0.033663
0 0.930942 0.517162 0.045367 0.033663
0 0.834354 0.545269 0.045358 0.033663
0 0.716125 0.533000 0.045367 0.033663
0 0.620058 0.560312 0.045367 0.033662
0 0.526637 0.588419 0.045358 0.033663
0 0.450104 0.541706 0.045358 0.033663
0 0.323958 0.567438 0.045367 0.033663
0 0.431104 0.618506 0.045358 0.033663
0 0.513442 0.664425 0.045367 0.033662
0 0.607392 0.633944 0.045367 0.033663
0 0.701875 0.607025 0.045367 0.033663
0 0.821158 0.621275 0.045367 0.033663
0 0.810333 0.698275 0.051167 0.036450
0 0.691317 0.684613 0.045367 0.033662
0 0.907992 0.668381 0.048017 0.035237
0 0.897167 0.745972 0.045367 0.033669
0 0.799517 0.778431 0.045367 0.033663
0 0.883967 0.827519 0.045367 0.033663
0 0.977883 0.799412 0.044233 0.033662
0 0.786325 0.857606 0.045367 0.033662
0 0.871546 0.909847 0.050075 0.039181
0 0.969996 0.879566 0.050625 0.037206
0 0.665983 0.845331 0.045367 0.033663
0 0.678650 0.762600 0.045367 0.033662
0 0.593142 0.712719 0.045367 0.033662
0 0.497608 0.744784 0.045367 0.033669
0 0.485996 0.825538 0.045358 0.033662
0 0.581533 0.793081 0.045367 0.033662
0 0.385183 0.853644 0.045367 0.033662
0 0.469108 0.906691 0.045367 0.033669
0 0.370404 0.935588 0.045358 0.033662
0 0.257983 0.880959 0.045367 0.033669
0 0.275400 0.801788 0.045367 0.033662
0 0.403129 0.772494 0.045358 0.033663
0 0.416325 0.695700 0.045367 0.033662
0 0.290704 0.722219 0.045358 0.033663
0 0.309179 0.644238 0.045358 0.033663
0 0.190421 0.754284 0.045358 0.033669
0 0.212587 0.673925 0.045358 0.033663
0 0.114417 0.704013 0.045367 0.033662
0 0.020783 0.733700 0.041567 0.033662
0 0.094883 0.781600 0.045367 0.033662
0 0.175642 0.831475 0.045367 0.033662
0 0.079050 0.861563 0.045367 0.033663
0 0.132358 0.627212 0.045367 0.033663
0 0.035242 0.656112 0.045367 0.033663
0 0.917992 0.594147 0.049017 0.034831
0 0.227896 0.597525 0.045358 0.033663
0 0.150308 0.550019 0.045367 0.033663
0 0.053192 0.580500 0.045367 0.033663
0 0.073246 0.506081 0.045358 0.033663
0 0.157567 0.910941 0.045367 0.033669
0 0.060067 0.943106 0.045367 0.033663
0 0.241504 0.962350 0.045358 0.033663
0 0.451900 0.984578 0.045367 0.030844
0 0.565504 0.876525 0.045358 0.033662
0 0.653883 0.923981 0.045367 0.033662
0 0.773962 0.942125 0.045358 0.033662
0 0.550958 0.955650 0.045367 0.033663
