0 0.93274 0.408618 0.05556 0.04962
0 0.887096 0.418046 0.046302 0.040684
0 0.838144 0.423002 0.038372 0.042666
0 0.952122 0.457128 0.04961 0.04961
0 0.964524 0.557392 0.050534 0.053066
0 0.915372 0.564628 0.04043 0.04961
0 0.972422 0.65855 0.048698 0.050302
0 0.954974 0.707134 0.045026 0.048232
0 0.784076 0.480074 0.032162 0.035146
0 0.824042 0.473872 0.042252 0.040654
0 0.867226 0.470776 0.045938 0.042724
0 0.906738 0.463194 0.044102 0.044102
0 0.937514 0.505572 0.046848 0.044794
0 0.892486 0.51522 0.05237 0.046162
0 0.846094 0.519008 0.040416 0.048232
0 0.934374 0.755044 0.04276 0.044502
0 0.88556 0.755522 0.04849 0.047374
0 0.847598 0.754086 0.037644 0.04163
0 0.80804 0.752412 0.040196 0.044024
0 0.770078 0.751694 0.043386 0.043544
0 0.73371 0.752652 0.033178 0.04163
0 0.692558 0.751934 0.041472 0.044024
0 0.681394 0.795244 0.037006 0.040684
0 0.71808 0.798834 0.036368 0.046904
0 0.75636 0.79668 0.035092 0.04164
0 0.79209 0.795722 0.041472 0.042598
0 0.83069 0.79955 0.043386 0.043554
0 0.871204 0.801704 0.046576 0.041162
0 0.668632 0.834488 0.039558 0.036846
0 0.699896 0.834488 0.03573 0.04163
0 0.732434 0.838554 0.047214 0.046894
0 0.68554 0.876596 0.040196 0.037802
0 0.723568 0.882134 0.035886 0.039874
0 0.965664 0.89939 0.052916 0.04962
0 0.917708 0.898144 0.045208 0.05375
0 0.874708 0.891118 0.047408 0.04962
0 0.83612 0.889882 0.045208 0.04879
0 0.800058 0.88871 0.03767 0.048926
0 0.761016 0.883536 0.042266 0.041348
0 0.943392 0.610796 0.045014 0.048232
0 0.807968 0.52418 0.039506 0.046172
0 0.767076 0.52728 0.03858 0.048232
0 0.87642 0.565864 0.045938 0.045478
0 0.832318 0.56897 0.042266 0.044794
0 0.792344 0.571382 0.041354 0.04962
0 0.75054 0.576548 0.042252 0.047548
0 0.739134 0.62417 0.040196 0.039238
0 0.774544 0.619624 0.040834 0.03876
0 0.81761 0.618428 0.047852 0.044024
0 0.855572 0.61747 0.040834 0.044024
0 0.89864 0.615078 0.05168 0.044024
0 0.927356 0.656708 0.044036 0.041152
0 0.882688 0.660298 0.042748 0.04163
0 0.84058 0.664604 0.040196 0.043544
0 0.799428 0.664604 0.039558 0.044502
0 0.761784 0.66628 0.037006 0.038282
0 0.72127 0.666518 0.040196 0.042588
0 0.703724 0.708388 0.044662 0.040196
0 0.744238 0.710782 0.03892 0.04498
0 0.781562 0.708628 0.043386 0.04163
0 0.82431 0.71126 0.040834 0.046894
0 0.864186 0.709824 0.049128 0.041152
0 0.912676 0.710064 0.046576 0.044502
0 0.91427 0.802422 0.045938 0.045468
0 0.961178 0.801944 0.044024 0.046426
0 0.938204 0.850518 0.044036 0.048808
0 0.896406 0.846928 0.040834 0.045458
0 0.853658 0.845014 0.045938 0.044502
0 0.815058 0.840708 0.040196 0.04163
0 0.774226 0.841186 0.0453 0.044502
0 0.946608 0.942114 0.051446 0.042724
0 0.902506 0.940044 0.04595 0.045478
0 0.862076 0.93625 0.044102 0.039278
0 0.822578 0.929708 0.042266 0.038594
0 0.782142 0.925576 0.044102 0.046856
0 0.748614 0.925918 0.041342 0.044786
0 0.710482 0.921436 0.034922 0.044102
0 0.67235 0.917646 0.046862 0.042032
0 0.6967 0.956924 0.04043 0.039278
0 0.730234 0.961752 0.033984 0.035146
0 0.766524 0.96623 0.038594 0.03584
0 0.804654 0.970362 0.03767 0.034454
0 0.84416 0.973462 0.041342 0.0379
0 0.33282 0.172774 0.02095 0.015762
0 0.36877 0.161894 0.01871 0.015176
0 0.35819 0.161948 0.021042 0.015752
