0 0.453376 0.10600399999999999 0.04065 0.066692
0 0.5481119999999999 0.08611799999999992 0.040626 0.066692
0 0.595362 0.073882 0.040626 0.066692
0 0.639626 0.06393800000000005 0.04065 0.066692
0 0.5700259999999999 0.1529640000000001 0.03945 0.064244
0 0.616188 0.1401920000000001 0.036624 0.063786
0 0.525112 0.16275400000000007 0.039476 0.065316
0 0.47718799999999995 0.17403400000000002 0.041126 0.065698
0 0.42706200000000005 0.18722799999999995 0.040374 0.06608
0 0.49750000000000005 0.2426759999999999 0.042 0.06914
0 0.45011200000000007 0.25514400000000004 0.041976 0.06914
0 0.546424 0.230364 0.03865 0.066998
0 0.4313 0.03678800000000004 0.0441 0.06914
0 0.3798760000000001 0.04749599999999998 0.042 0.06914
0 0.40254999999999996 0.1175139999999999 0.0416 0.068298
0 0.354376 0.1297140000000001 0.042 0.06914
0 0.37812599999999996 0.20007599999999992 0.042 0.06914
0 0.3292999999999999 0.0574380000000001 0.0429 0.06914
0 0.27668800000000005 0.06936999999999993 0.044626 0.070822
0 0.302176 0.14011400000000007 0.04415 0.070058
0 0.2501 0.1536900000000001 0.042 0.07044
0 0.4946999999999999 0.38908199999999993 0.03925 0.066196
0 0.5150999999999999 0.4501139999999999 0.03925 0.066196
0 0.5355000000000001 0.511606 0.03925 0.066196
0 0.5834999999999999 0.495544 0.03925 0.066196
0 0.5568 0.5730980000000001 0.03925 0.066196
0 0.511762 0.585488 0.040974 0.06803
0 0.49048800000000004 0.525066 0.041024 0.0665
0 0.4684379999999999 0.46154800000000007 0.043124 0.068872
0 0.473438 0.320516 0.041126 0.069484
0 0.42389999999999994 0.3330979999999999 0.03925 0.066196
0 0.448812 0.397802 0.042874 0.066196
0 0.44293800000000005 0.542046 0.040126 0.064666
0 0.4656 0.6029260000000001 0.03925 0.066196
0 0.3954 0.5551999999999999 0.03925 0.066196
0 0.44006199999999995 0.6800200000000001 0.040374 0.066196
0 0.32431199999999993 0.5069779999999999 0.042874 0.06979
0 0.08507599999999993 0.3466739999999999 0.04625 0.072238
0 0.03170000000000006 0.3627339999999999 0.0495 0.075372
0 0.05897400000000008 0.4330780000000001 0.04745 0.06998
0 0.141324 0.485468 0.04525 0.073804
0 0.08545000000000003 0.5007839999999999 0.048 0.071548
0 0.031074000000000046 0.5162519999999999 0.04925 0.073422
0 0.2219500000000001 0.5374760000000001 0.045 0.066922
0 0.16897600000000002 0.554894 0.04545 0.07346
0 0.11545000000000005 0.5665579999999999 0.0465 0.069254
0 0.05919999999999992 0.585086 0.0465 0.069598
0 0.2984500000000001 0.5843400000000001 0.045 0.065736
0 0.2472000000000001 0.602104 0.047 0.06998
0 0.193824 0.6191199999999999 0.04625 0.068068
0 0.14157599999999992 0.635392 0.04625 0.069254
0 0.08682600000000007 0.6524099999999999 0.04475 0.074226
0 0.34620000000000006 0.7134039999999999 0.042 0.06849
0 0.2704500000000001 0.6652 0.045 0.066156
0 0.294824 0.7273419999999999 0.04425 0.070364
0 0.24334999999999996 0.74455 0.0443 0.068068
0 0.21857400000000005 0.6812819999999999 0.04225 0.06543
0 0.16720000000000002 0.6990639999999999 0.0455 0.06956
0 0.11432599999999993 0.7176100000000001 0.04825 0.073078
0 0.6851499999999999 0.05277200000000004 0.0382 0.06501
0 0.5021260000000001 0.09606200000000009 0.04065 0.066692
0 0.2219120000000001 0.08164400000000005 0.044074 0.072276
0 0.16716200000000003 0.0942639999999999 0.044074 0.072276
0 0.19641200000000003 0.16826000000000008 0.044074 0.073422
0 0.11368800000000001 0.10554400000000008 0.045624 0.073422
0 0.05493799999999993 0.11776199999999992 0.046626 0.072696
0 0.13991200000000004 0.179886 0.044074 0.072276
0 0.08568799999999999 0.19214200000000003 0.046124 0.072314
0 0.027811999999999948 0.20516200000000007 0.048376 0.072276
0 0.1126879999999999 0.264416 0.045624 0.071472
0 0.3265 0.2119120000000001 0.0425 0.069484
0 0.27449999999999997 0.22504799999999991 0.0441 0.07304
0 0.22350000000000003 0.23808800000000008 0.0441 0.072276
0 0.16860000000000008 0.25143399999999994 0.0441 0.072276
0 0.19619999999999993 0.32118599999999997 0.0441 0.072276
0 0.24839999999999995 0.30678800000000006 0.0441 0.070172
0 0.29972599999999994 0.29386200000000007 0.04355 0.07002
0 0.14042599999999994 0.33491399999999993 0.04715 0.072276
0 0.3515999999999999 0.28030599999999994 0.0483 0.072276
0 0.402474 0.26734199999999997 0.04505 0.071052
0 0.660876 0.12904399999999994 0.03925 0.066196
0 0.7053 0.11695999999999995 0.03925 0.066196
0 0.6795 0.19405399999999995 0.03925 0.066196
0 0.635362 0.20644400000000007 0.039774 0.066196
0 0.591038 0.21837400000000007 0.039926 0.066196
0 0.655038 0.27114799999999994 0.041924 0.066196
0 0.6123879999999999 0.2826200000000001 0.041226 0.066196
0 0.674112 0.33202599999999993 0.036274 0.064054
0 0.630838 0.3443780000000001 0.037324 0.06306
0 0.5654619999999999 0.296616 0.041574 0.067572
0 0.5200119999999999 0.3064819999999999 0.042476 0.066196
0 0.5868 0.35925399999999996 0.03925 0.066196
0 0.6507000000000001 0.40835599999999994 0.03925 0.066196
0 0.6069 0.42185399999999995 0.03925 0.06566
0 0.5411999999999999 0.371186 0.03925 0.066196
0 0.5628 0.436806 0.03925 0.066196
0 0.373988 0.346406 0.042024 0.068948
0 0.39912400000000003 0.411262 0.04425 0.069254
0 0.42091199999999995 0.47653999999999996 0.041676 0.069484
0 0.34928800000000004 0.426674 0.042426 0.06979
0 0.325488 0.36101399999999995 0.044026 0.068796
0 0.2737879999999999 0.374436 0.044424 0.071778
0 0.2971379999999999 0.439292 0.043726 0.072084
0 0.37253800000000004 0.49302200000000007 0.040926 0.069408
0 0.3459380000000001 0.5706500000000001 0.041126 0.068642
0 0.2206379999999999 0.388892 0.043726 0.070402
0 0.24533800000000006 0.4554499999999999 0.046324 0.071128
0 0.27237599999999995 0.519714 0.04275 0.06956
0 0.057700000000000085 0.27879600000000004 0.0465 0.071166
0 0.11444999999999994 0.4168259999999999 0.043 0.072658
0 0.16832599999999998 0.4024859999999999 0.04625 0.06998
0 0.19520000000000004 0.471128 0.0465 0.070364
0 0.41870000000000007 0.617208 0.0425 0.068068
0 0.37070000000000003 0.63348 0.042 0.067724
0 0.3942000000000001 0.6952400000000001 0.0435 0.066578
0 0.3223259999999999 0.649732 0.04575 0.065812
