0 0.176406 0.07979599999999998 0.070782 0.087512
0 0.095782 0.2064459999999999 0.073282 0.098578
0 0.339414 0.07979599999999998 0.065546 0.08528
0 0.514492 0.08822400000000008 0.070704 0.095228
0 0.262656 0.2042139999999999 0.074218 0.094112
0 0.426524 0.203654 0.063828 0.08406
0 0.17379 0.34543199999999996 0.068984 0.085178
0 0.093164 0.4681219999999999 0.07336 0.090964
0 0.263046 0.46868 0.064688 0.084974
0 0.338554 0.344314 0.06211 0.085178
0 0.764648 0.19583799999999996 0.055234 0.07736
0 0.92461 0.20030400000000004 0.06125 0.079594
0 0.673632 0.3376140000000001 0.06289 0.089644
0 0.601602 0.47939 0.07586 0.101928
0 0.842656 0.3471059999999999 0.069844 0.090762
0 0.758984 0.46868 0.064688 0.096548
0 0.92332 0.4681219999999999 0.063828 0.083858
0 0.842226 0.6093900000000001 0.070704 0.093096
0 0.512774 0.33873 0.063828 0.076244
0 0.598164 0.20533 0.058672 0.07401
0 0.429532 0.4687300000000001 0.057812 0.08731
0 0.670156 0.07192799999999999 0.06125 0.08071
0 0.839648 0.074214 0.058672 0.08061
0 0.921172 0.7293400000000001 0.059532 0.092994
0 0.753828 0.7214719999999999 0.075 0.090862
0 0.670156 0.600914 0.066406 0.089746
0 0.506758 0.605432 0.070704 0.096548
0 0.595586 0.7365980000000001 0.072422 0.098578
0 0.340704 0.6065480000000001 0.066406 0.098782
0 0.43125 0.7310160000000001 0.071562 0.100812
0 0.260508 0.7376640000000001 0.07336 0.096244
0 0.175976 0.6038079999999999 0.07164 0.097564
0 0.094922 0.7293400000000001 0.069844 0.099696
