0 0.04865800000000009 0.0195 0.06755 0.035474
0 0.13479200000000002 0.016332 0.064184 0.031662
0 0.21839999999999993 0.014432 0.065866 0.027862
0 0.2982 0.008482 0.0667 0.016962
0 0.10016599999999998 0.068268 0.065866 0.049412
0 0.18292599999999992 0.0613 0.059116 0.046876
0 0.26315 0.05465 0.067566 0.050024
0 0.3497079999999999 0.0461 0.06165 0.051924
0 0.3121339999999999 0.106906 0.0625 0.048138
0 0.22937600000000002 0.112918 0.062484 0.050038
0 0.1478839999999999 0.121788 0.061634 0.048774
0 0.2762420000000001 0.166756 0.06165 0.050038
0 0.195592 0.174038 0.064184 0.0532
0 0.11536600000000008 0.180688 0.0608 0.050024
0 0.321426 0.218056 0.057416 0.046238
0 0.24161600000000005 0.225968 0.058266 0.044338
0 0.160126 0.233256 0.062484 0.044962
0 0.06385799999999997 0.127176 0.059116 0.0456
0 0.03049999999999997 0.187338 0.058266 0.046876
0 0.07820800000000006 0.240856 0.059116 0.046238
0 0.044434000000000085 0.298806 0.057434 0.044338
0 0.12592599999999998 0.291524 0.056584 0.0475
0 0.20910000000000006 0.285194 0.0608 0.048762
0 0.28890799999999994 0.278856 0.05995 0.050038
0 0.09341599999999994 0.350744 0.057434 0.048138
0 0.17364200000000007 0.343782 0.057416 0.044338
0 0.25428399999999995 0.337756 0.059966 0.046238
0 0.22177599999999997 0.396974 0.05575 0.0456
0 0.13901600000000003 0.402994 0.055734 0.046238
0 0.058791999999999955 0.409012 0.057416 0.043074
0 0.10524200000000006 0.463482 0.059116 0.048138
0 0.1846159999999999 0.454932 0.0591 0.048762
0 0.264842 0.448594 0.05575 0.046238
0 0.233174 0.5037 0.056584 0.044974
0 0.15464199999999995 0.513838 0.056584 0.0437
0 0.07145800000000002 0.5189 0.059116 0.041174
0 0.03768400000000005 0.575268 0.055734 0.041162
0 0.11959199999999992 0.568618 0.059116 0.044338
0 0.19855 0.5626 0.056566 0.044976
0 0.2754000000000001 0.555618 0.059966 0.043738
0 0.24330800000000008 0.609468 0.056584 0.044962
0 0.16181599999999996 0.617068 0.055734 0.046238
0 0.0866579999999999 0.62435 0.059116 0.0456
0 0.051191999999999904 0.680406 0.055716 0.044962
0 0.13057600000000003 0.674388 0.05405 0.046876
0 0.20910800000000007 0.6652 0.059116 0.0437
0 0.28595799999999993 0.660456 0.059116 0.046862
0 0.25132599999999994 0.715556 0.05405 0.048138
0 0.17785800000000007 0.721888 0.057416 0.0418
0 0.09889999999999999 0.726956 0.058266 0.044338
0 0.06723400000000002 0.782374 0.055734 0.044976
0 0.1440840000000001 0.775724 0.057434 0.040524
0 0.21924199999999994 0.770024 0.05575 0.043076
0 0.297358 0.762744 0.056584 0.046238
0 0.264416 0.815626 0.059966 0.0418
0 0.18630799999999992 0.821962 0.05405 0.0418
0 0.10945800000000006 0.828612 0.050684 0.044976
0 0.035565999999999987 0.833044 0.0549 0.041162
0 0.08032400000000006 0.88055 0.051516 0.0437
0 0.15548399999999996 0.875794 0.0549 0.043062
0 0.23148400000000002 0.867874 0.058266 0.0475
0 0.30706600000000006 0.863762 0.0591 0.046876
0 0.2732920000000001 0.914432 0.059116 0.043062
0 0.200658 0.917594 0.059116 0.040538
0 0.3176159999999999 0.9613 0.058266 0.043076
0 0.24077400000000004 0.966688 0.054884 0.0437
0 0.12169999999999992 0.92615 0.0532 0.041174
0 0.16604200000000002 0.971118 0.05405 0.038638
0 0.04907400000000006 0.930894 0.056584 0.036738
0 0.09214999999999995 0.9784 0.0549 0.043076
