0 0.0774999999999999 0.0939 0.106466 0.079824
0 0.3116000000000001 0.0711 0.106466 0.079824
0 0.551766 0.060838 0.106466 0.079824
0 0.8406 0.063126 0.106466 0.079826
0 0.21431599999999995 0.228438 0.106466 0.079826
0 0.44993400000000006 0.217038 0.106466 0.079826
0 0.744834 0.223874 0.106466 0.079826
0 0.11246599999999995 0.390324 0.106466 0.079826
0 0.3526339999999999 0.3755 0.106466 0.079824
0 0.656666 0.38235 0.106466 0.079826
0 0.8786 0.362962 0.106466 0.079826
0 0.788916 0.522576 0.106466 0.079826
0 0.551766 0.540812 0.106466 0.079824
0 0.2507999999999999 0.535112 0.106466 0.079824
0 0.1519839999999999 0.695862 0.106466 0.079826
0 0.4483999999999999 0.700424 0.106466 0.079826
0 0.684016 0.682188 0.106466 0.079824
0 0.9226840000000001 0.665088 0.106466 0.079826
0 0.8253999999999999 0.826974 0.106466 0.079826
0 0.5837000000000001 0.845212 0.106466 0.079826
0 0.34656599999999993 0.8589 0.106466 0.079824
