0 0.6495839999999999 0.882638 0.026754 0.034376
0 0.48729 0.923138 0.026754 0.034376
0 0.5106759999999999 0.922638 0.026754 0.034376
0 0.5359020000000001 0.923138 0.026772 0.034376
0 0.558206 0.924112 0.026754 0.034376
0 0.5819620000000001 0.924112 0.026754 0.034376
0 0.6042559999999999 0.925112 0.026754 0.034376
0 0.629472 0.925612 0.026754 0.034376
0 0.6495839999999999 0.925612 0.026754 0.034376
0 0.6744319999999999 0.925112 0.026754 0.034376
0 0.6956340000000001 0.925112 0.026754 0.034376
0 0.38494000000000006 0.966112 0.026754 0.034376
0 0.41528199999999993 0.966112 0.026754 0.034376
0 0.43539400000000006 0.966112 0.026754 0.034376
0 0.4627939999999999 0.966112 0.026754 0.034376
0 0.48545799999999995 0.965112 0.026754 0.034376
0 0.5114160000000001 0.964112 0.026754 0.034376
0 0.536262 0.965112 0.026754 0.034376
0 0.560028 0.966112 0.026772 0.034376
0 0.5826819999999999 0.965112 0.026754 0.034376
0 0.607178 0.964612 0.026754 0.034376
0 0.630212 0.963638 0.026754 0.034376
0 0.652136 0.965112 0.026754 0.034376
0 0.6748019999999999 0.965112 0.026754 0.034376
0 0.6956340000000001 0.964612 0.026754 0.034376
0 0.193284 0.557712 0.026754 0.034376
0 0.22048200000000007 0.560688 0.026754 0.034376
0 0.248548 0.562462 0.026754 0.034376
0 0.276624 0.565426 0.026772 0.0344
0 0.3042560000000001 0.567788 0.026754 0.034376
0 0.33013800000000004 0.568988 0.026754 0.034376
0 0.10775200000000007 0.595062 0.026754 0.034376
0 0.13802000000000003 0.597438 0.026754 0.034376
0 0.166976 0.600388 0.026754 0.034376
0 0.19548600000000005 0.602762 0.026754 0.034376
0 0.22399600000000008 0.604538 0.026754 0.034376
0 0.2525059999999999 0.608088 0.026754 0.034376
0 0.27881599999999995 0.609288 0.026754 0.034376
0 0.30601199999999995 0.611662 0.026754 0.034376
0 0.33321 0.612838 0.026754 0.034376
0 0.08013000000000003 0.641288 0.026754 0.034376
0 0.10995400000000011 0.643662 0.026754 0.034374
0 0.13977799999999996 0.643662 0.026754 0.034374
0 0.1678440000000001 0.646612 0.026754 0.034374
0 0.19680000000000009 0.649588 0.026754 0.034374
0 0.224866 0.650762 0.026754 0.034376
0 0.25293199999999993 0.651362 0.026754 0.034376
0 0.28013 0.653738 0.026754 0.034376
0 0.307326 0.654912 0.026754 0.034374
0 0.33452400000000004 0.656688 0.026754 0.034376
0 0.05030599999999996 0.685138 0.026754 0.034376
0 0.08099999999999996 0.687512 0.026754 0.034376
0 0.11082400000000003 0.689288 0.026754 0.034376
0 0.14022200000000007 0.691062 0.026754 0.034376
0 0.16960200000000003 0.692262 0.026754 0.034376
0 0.19766799999999995 0.692862 0.026754 0.034376
0 0.23013799999999995 0.694638 0.026754 0.034376
0 0.25381999999999993 0.696988 0.026754 0.034376
0 0.024421999999999944 0.875988 0.026754 0.034376
0 0.055560000000000054 0.874212 0.026754 0.034376
0 0.08582800000000002 0.875388 0.026754 0.034376
0 0.11609599999999998 0.875388 0.026754 0.034376
0 0.14592000000000005 0.876588 0.026754 0.034376
0 0.17443199999999992 0.877188 0.026754 0.034376
0 0.20294199999999996 0.877188 0.026754 0.034376
0 0.2310080000000001 0.877762 0.026754 0.034376
0 0.259074 0.877188 0.026754 0.034376
0 0.2862720000000001 0.878362 0.026754 0.034376
0 0.31434800000000007 0.879538 0.026772 0.034376
0 0.339788 0.878962 0.026772 0.034376
0 0.026613999999999916 0.922812 0.026772 0.034376
0 0.05687400000000009 0.922212 0.026754 0.034376
0 0.08714200000000005 0.922212 0.026754 0.034376
0 0.11741000000000001 0.922212 0.026754 0.034376
0 0.14767799999999998 0.922212 0.026754 0.034376
0 0.17443199999999992 0.922812 0.026754 0.034376
0 0.2047000000000001 0.923412 0.026754 0.034376
0 0.23363599999999995 0.923988 0.026754 0.034376
0 0.26171199999999994 0.923412 0.026772 0.034376
0 0.28803 0.923988 0.026754 0.034376
0 0.315226 0.922812 0.026754 0.034376
0 0.34153600000000006 0.922812 0.026754 0.034376
0 0.02573599999999998 0.970812 0.026754 0.034376
0 0.05818600000000007 0.970212 0.026754 0.034376
0 0.08758599999999994 0.969638 0.026754 0.034376
0 0.11784400000000006 0.969638 0.026772 0.034376
0 0.14635599999999993 0.969638 0.026772 0.034376
0 0.1757439999999999 0.969038 0.026754 0.034376
0 0.2047000000000001 0.969638 0.026754 0.034376
0 0.2310080000000001 0.968438 0.026754 0.034376
0 0.26083199999999995 0.967262 0.026754 0.034376
0 0.2875859999999999 0.969638 0.026754 0.034376
0 0.315226 0.967262 0.026754 0.034376
0 0.34153600000000006 0.967262 0.026754 0.034376
0 0.371054 0.531962 0.026772 0.034376
0 0.3988339999999999 0.533438 0.026754 0.034376
0 0.4204079999999999 0.535912 0.026754 0.034376
0 0.44891799999999993 0.537888 0.026754 0.034376
0 0.47267400000000004 0.539862 0.026754 0.034376
0 0.49751999999999996 0.542838 0.026754 0.034376
0 0.521646 0.544812 0.026754 0.034376
0 0.375078 0.572962 0.026754 0.034376
0 0.400296 0.575426 0.026754 0.0344
0 0.42551399999999995 0.578388 0.026754 0.034376
0 0.45110000000000006 0.579862 0.026754 0.034376
0 0.4755959999999999 0.582838 0.026754 0.034376
0 0.5004440000000001 0.584812 0.026754 0.034376
0 0.5238480000000001 0.587288 0.026754 0.034376
0 0.5486960000000001 0.588262 0.026754 0.034376
0 0.3757999999999999 0.615438 0.026754 0.034376
0 0.4013880000000001 0.618388 0.026754 0.034376
0 0.4262539999999999 0.621362 0.026754 0.034376
0 0.45184 0.621862 0.026754 0.034376
0 0.476688 0.623838 0.026754 0.034376
0 0.5004440000000001 0.627788 0.026754 0.034376
0 0.5253099999999999 0.629262 0.026754 0.034374
0 0.5486960000000001 0.630238 0.026754 0.034376
0 0.3827560000000001 0.835212 0.026754 0.034376
0 0.4072340000000001 0.834712 0.026754 0.034376
0 0.43172999999999995 0.835212 0.026754 0.034376
0 0.4591479999999999 0.835712 0.026754 0.034376
0 0.4839960000000001 0.836688 0.026754 0.034376
0 0.507752 0.837188 0.026754 0.034376
0 0.531156 0.837688 0.026754 0.034376
0 0.5560039999999999 0.838662 0.026754 0.034376
0 0.5779380000000001 0.840638 0.026772 0.034376
0 0.601332 0.840162 0.026754 0.034376
0 0.62618 0.840638 0.026754 0.034376
0 0.6473819999999999 0.841138 0.026754 0.034376
0 0.6700459999999999 0.842612 0.026754 0.034376
0 0.6916180000000001 0.842612 0.026754 0.034376
0 0.532978 0.880662 0.026772 0.034376
0 0.5563739999999999 0.881638 0.026754 0.034376
0 0.5793980000000001 0.880162 0.026772 0.034376
0 0.603164 0.880662 0.026754 0.034376
0 0.6269199999999999 0.882638 0.026754 0.034376
0 0.5980380000000001 0.715688 0.026754 0.034376
0 0.6207039999999999 0.718162 0.026754 0.034376
0 0.379464 0.746312 0.026754 0.034376
0 0.40430999999999995 0.748788 0.026754 0.034376
0 0.4302680000000001 0.749762 0.026754 0.034376
0 0.45585600000000004 0.750262 0.026754 0.034376
0 0.481074 0.751738 0.026754 0.034376
0 0.505938 0.752738 0.026754 0.034376
0 0.5285839999999999 0.754212 0.026754 0.034376
0 0.55308 0.756188 0.026754 0.034376
0 0.576114 0.756688 0.026754 0.034376
0 0.598408 0.758162 0.026754 0.034376
0 0.624358 0.759162 0.026772 0.034376
0 0.644828 0.760138 0.026754 0.034376
0 0.3801939999999999 0.790762 0.026772 0.034376
0 0.40797400000000006 0.792738 0.026754 0.034376
0 0.43135999999999997 0.792738 0.026754 0.034376
0 0.4584079999999999 0.793738 0.026754 0.034376
0 0.481444 0.794212 0.026754 0.034376
0 0.5062899999999999 0.795712 0.026754 0.034376
0 0.5318780000000001 0.795712 0.026754 0.034376
0 0.55345 0.796188 0.026754 0.034376
0 0.5779380000000001 0.799162 0.026772 0.034376
0 0.6002400000000001 0.798662 0.026754 0.034376
0 0.6247180000000001 0.799662 0.026754 0.034376
0 0.6451979999999999 0.801138 0.026754 0.034376
0 0.669316 0.800138 0.026772 0.034376
0 0.3827560000000001 0.878688 0.026754 0.034376
0 0.40870399999999996 0.879162 0.026772 0.034376
0 0.433192 0.879662 0.026754 0.034376
0 0.4613320000000001 0.879162 0.026754 0.034376
0 0.48473600000000006 0.880662 0.026754 0.034376
0 0.509214 0.88115 0.026754 0.0344
0 0.6726000000000001 0.882638 0.026754 0.034376
0 0.694542 0.88115 0.026754 0.0344
0 0.383478 0.921162 0.026754 0.034376
0 0.40834400000000004 0.922138 0.026754 0.034376
0 0.4368540000000001 0.922138 0.026754 0.034376
0 0.46170200000000006 0.922638 0.026754 0.034376
0 0.163238 0.510338 0.026754 0.034376
0 0.19065599999999994 0.513262 0.026754 0.034376
0 0.22003799999999996 0.515038 0.026754 0.034376
0 0.24723399999999995 0.518612 0.026754 0.034376
0 0.2748759999999999 0.520388 0.026754 0.034376
0 0.30338599999999993 0.523338 0.026754 0.034376
0 0.32969399999999993 0.525112 0.026754 0.034376
0 0.1349499999999999 0.552388 0.026754 0.034376
0 0.1643380000000001 0.555338 0.026772 0.034376
0 0.281018 0.696988 0.026754 0.034376
0 0.308206 0.699962 0.026772 0.034376
0 0.33364400000000005 0.700562 0.026772 0.034376
0 0.052054000000000045 0.732562 0.026772 0.034376
0 0.08275600000000005 0.734338 0.026754 0.034376
0 0.11213600000000001 0.736112 0.026754 0.034376
0 0.14284999999999992 0.737888 0.026754 0.034376
0 0.17004599999999992 0.739088 0.026754 0.034376
0 0.2003060000000001 0.739662 0.026772 0.034376
0 0.22749400000000009 0.742038 0.026754 0.034376
0 0.25513399999999997 0.74145 0.026754 0.0344
0 0.2818879999999999 0.743812 0.026754 0.034376
0 0.309528 0.744412 0.026754 0.034376
0 0.33670599999999995 0.745588 0.026754 0.034376
0 0.02134999999999998 0.731362 0.026754 0.034376
0 0.02179400000000009 0.779988 0.026754 0.034376
0 0.053801999999999905 0.779988 0.026754 0.034376
0 0.08582800000000002 0.781162 0.026754 0.034376
0 0.11389399999999994 0.782938 0.026754 0.034376
0 0.143718 0.782938 0.026754 0.034376
0 0.17135999999999996 0.783538 0.026754 0.034376
0 0.2003060000000001 0.785312 0.026772 0.034376
0 0.22924999999999995 0.785912 0.026754 0.034376
0 0.25731799999999994 0.787688 0.026754 0.034376
0 0.2840879999999999 0.788262 0.026754 0.034376
0 0.3112680000000001 0.789462 0.026754 0.034376
0 0.3384640000000001 0.789462 0.026754 0.034376
0 0.023978000000000055 0.827988 0.026754 0.034376
0 0.054689999999999905 0.827388 0.026754 0.034376
0 0.08407000000000009 0.829762 0.026754 0.034376
0 0.11433800000000005 0.829762 0.026754 0.034376
0 0.14547599999999994 0.830362 0.026754 0.034376
0 0.17398800000000003 0.829162 0.026754 0.034376
0 0.20294199999999996 0.830938 0.026754 0.034376
0 0.231452 0.830938 0.026754 0.034376
0 0.25820599999999994 0.832138 0.026754 0.034376
0 0.28540199999999993 0.833312 0.026754 0.034376
0 0.31302399999999997 0.833912 0.026754 0.034376
0 0.3406659999999999 0.835088 0.026754 0.034376
0 0.572452 0.631738 0.026754 0.034376
0 0.3765400000000001 0.659888 0.026754 0.034376
0 0.40284999999999993 0.663338 0.026754 0.034376
0 0.42843600000000004 0.663838 0.026754 0.034376
0 0.453654 0.664338 0.026754 0.034376
0 0.4777800000000001 0.666788 0.026754 0.034376
0 0.503368 0.668762 0.026754 0.034376
0 0.5253099999999999 0.670738 0.026754 0.034376
0 0.5508980000000001 0.671238 0.026754 0.034376
0 0.574284 0.674688 0.026754 0.034376
0 0.596948 0.675688 0.026754 0.034376
0 0.37800199999999995 0.703338 0.026754 0.034376
0 0.4035899999999999 0.705312 0.026754 0.034376
0 0.4280759999999999 0.706312 0.026772 0.034376
0 0.45548600000000006 0.708288 0.026754 0.034376
0 0.4796119999999999 0.711238 0.026754 0.034376
0 0.503368 0.711738 0.026754 0.034376
0 0.5278640000000001 0.712738 0.026754 0.034376
0 0.551248 0.714212 0.026754 0.034376
0 0.574654 0.714712 0.026754 0.034376
