0 0.717625 0.282237 0.020500 0.035564
0 0.743500 0.279943 0.020500 0.035564
0 0.768500 0.276119 0.020500 0.035564
0 0.792500 0.272103 0.020500 0.035564
0 0.804375 0.310344 0.020500 0.035564
0 0.779875 0.315124 0.020500 0.035564
0 0.756125 0.317610 0.020500 0.035564
0 0.726688 0.553002 0.020325 0.033346
0 0.774056 0.543059 0.020313 0.033346
0 0.797681 0.536941 0.020313 0.033346
0 0.819813 0.531969 0.020325 0.033346
0 0.785013 0.576482 0.019725 0.032122
0 0.808094 0.570096 0.018312 0.031893
0 0.762556 0.581377 0.019738 0.032658
0 0.738594 0.587017 0.020563 0.032849
0 0.713531 0.593614 0.020187 0.033040
0 0.748750 0.621338 0.021000 0.034570
0 0.725056 0.627572 0.020988 0.034570
0 0.773212 0.615182 0.019325 0.033499
0 0.715650 0.518394 0.022050 0.034570
0 0.689938 0.523748 0.021000 0.034570
0 0.701275 0.558757 0.020800 0.034149
0 0.677188 0.564857 0.021000 0.034570
0 0.689063 0.600038 0.021000 0.034570
0 0.664650 0.528719 0.021450 0.034570
0 0.638344 0.534685 0.022313 0.035411
0 0.624594 0.497686 0.022313 0.035220
0 0.651088 0.570057 0.022075 0.035029
0 0.625050 0.576845 0.021000 0.035220
0 0.625481 0.417686 0.022037 0.036138
0 0.597956 0.421893 0.022037 0.036138
0 0.611956 0.460325 0.022037 0.036138
0 0.583906 0.381740 0.023688 0.038815
0 0.598081 0.339675 0.022037 0.036138
0 0.541156 0.432218 0.023937 0.038815
0 0.511719 0.436424 0.024813 0.039579
0 0.482094 0.441874 0.025063 0.038623
0 0.498656 0.480966 0.022687 0.038069
0 0.747350 0.694541 0.019625 0.033098
0 0.757550 0.725057 0.019625 0.033098
0 0.767750 0.755803 0.019625 0.033098
0 0.791750 0.747772 0.019625 0.033098
0 0.778400 0.786549 0.019625 0.033098
0 0.755881 0.792744 0.020487 0.034015
0 0.745244 0.762533 0.020512 0.033250
0 0.734219 0.730774 0.021562 0.034436
0 0.736719 0.660258 0.020563 0.034742
0 0.711950 0.666549 0.019625 0.033098
0 0.724406 0.698901 0.021437 0.033098
0 0.721469 0.771023 0.020063 0.032333
0 0.732800 0.801463 0.019625 0.033098
0 0.697700 0.777600 0.019625 0.033098
0 0.720031 0.840010 0.020187 0.033098
0 0.662156 0.753489 0.021437 0.034895
0 0.500037 0.645220 0.025125 0.036520
0 0.470662 0.650870 0.025375 0.037075
0 0.542538 0.673337 0.023125 0.036119
0 0.515850 0.681367 0.024750 0.037686
0 0.485288 0.688537 0.025375 0.037839
0 0.500912 0.723709 0.024375 0.036329
0 0.529487 0.716539 0.023725 0.034990
0 0.570662 0.742734 0.022625 0.036902
0 0.542725 0.750392 0.024000 0.035774
0 0.515537 0.758126 0.024625 0.036711
0 0.486725 0.765488 0.025000 0.036138
0 0.610975 0.768738 0.022500 0.033461
0 0.584488 0.777447 0.022725 0.036730
0 0.557725 0.783279 0.023250 0.034627
0 0.529600 0.792543 0.023250 0.034799
0 0.649225 0.792170 0.022500 0.032868
0 0.623600 0.801052 0.023500 0.034990
0 0.596912 0.809560 0.023125 0.034034
0 0.570788 0.817696 0.023125 0.034627
0 0.543413 0.826205 0.022375 0.037113
0 0.501787 0.800765 0.023375 0.034034
0 0.692037 0.286004 0.020500 0.035564
0 0.673100 0.856702 0.021000 0.034245
0 0.635225 0.832600 0.022500 0.033078
0 0.647412 0.863671 0.022125 0.035182
0 0.621675 0.872275 0.022150 0.034034
0 0.609287 0.840641 0.021125 0.032715
0 0.583600 0.849532 0.022750 0.034780
0 0.557163 0.858805 0.024125 0.036539
0 0.665913 0.288967 0.022425 0.036558
0 0.624919 0.252161 0.021437 0.037055
0 0.652406 0.249159 0.021938 0.036061
0 0.679250 0.246157 0.021600 0.037055
0 0.705031 0.243652 0.020463 0.036558
0 0.731881 0.240889 0.021113 0.035545
0 0.554675 0.303241 0.023575 0.037572
0 0.583162 0.299990 0.023250 0.038069
0 0.611319 0.296855 0.022913 0.037304
0 0.638737 0.293107 0.022100 0.036310
0 0.730375 0.321816 0.020500 0.035564
0 0.704875 0.325258 0.020500 0.035564
0 0.679125 0.328126 0.020500 0.035564
0 0.652625 0.333480 0.020500 0.035564
0 0.625875 0.335860 0.022500 0.037266
0 0.665563 0.370191 0.020875 0.035564
0 0.691625 0.367706 0.020875 0.035564
0 0.717000 0.362543 0.020875 0.035564
0 0.742375 0.360249 0.020875 0.035564
0 0.611594 0.379359 0.021812 0.037839
0 0.639281 0.375344 0.021938 0.036310
0 0.838306 0.344398 0.020863 0.035564
0 0.814681 0.348011 0.020863 0.033996
0 0.791556 0.350975 0.020863 0.034570
0 0.767556 0.354723 0.020862 0.035564
0 0.824313 0.384532 0.019375 0.032849
0 0.847431 0.380344 0.019387 0.032849
0 0.802056 0.386463 0.019387 0.032849
0 0.777306 0.392199 0.019387 0.032849
0 0.753931 0.395727 0.020138 0.034551
0 0.728556 0.399857 0.020138 0.034551
0 0.835556 0.418920 0.020138 0.034818
0 0.812556 0.423795 0.020637 0.035774
0 0.789056 0.426243 0.020137 0.034551
0 0.765431 0.432361 0.020138 0.034551
0 0.740681 0.436950 0.020138 0.034551
0 0.716869 0.441099 0.021262 0.036730
0 0.690931 0.446128 0.021262 0.036730
0 0.704556 0.404130 0.021262 0.034570
0 0.679000 0.409006 0.020500 0.035526
0 0.652431 0.413786 0.021262 0.035908
0 0.665181 0.450688 0.021262 0.035908
0 0.639212 0.455086 0.022075 0.037438
0 0.678181 0.487113 0.021262 0.035335
0 0.651931 0.492562 0.021262 0.035526
0 0.702681 0.482428 0.021262 0.035908
0 0.727806 0.478126 0.021262 0.036099
0 0.752712 0.473537 0.020325 0.034570
0 0.776056 0.468145 0.020313 0.034646
0 0.799681 0.462772 0.020313 0.033537
0 0.822931 0.459426 0.020313 0.032964
0 0.845075 0.454455 0.019600 0.034111
0 0.855062 0.488394 0.018875 0.032390
0 0.833306 0.492887 0.020313 0.033346
0 0.810556 0.497935 0.020313 0.033346
0 0.842575 0.526386 0.019100 0.032505
0 0.763450 0.507878 0.019600 0.033346
0 0.786431 0.502524 0.020313 0.033346
0 0.740681 0.513231 0.020313 0.033346
0 0.751063 0.548031 0.020325 0.033346
0 0.569094 0.342543 0.023562 0.036902
0 0.540031 0.346367 0.023938 0.038815
0 0.554906 0.387275 0.023188 0.039981
0 0.525844 0.391386 0.025063 0.040554
0 0.496031 0.396272 0.025438 0.039197
0 0.570031 0.427141 0.023188 0.037495
0 0.527781 0.476195 0.024187 0.038432
0 0.555406 0.471511 0.023188 0.037859
0 0.583781 0.465966 0.024187 0.039006
0 0.598081 0.503901 0.022037 0.036138
0 0.570719 0.509742 0.023813 0.037495
0 0.543156 0.515201 0.024688 0.037667
0 0.512344 0.520746 0.024813 0.038815
0 0.482031 0.524465 0.025438 0.040172
0 0.610956 0.540822 0.022037 0.036138
0 0.583581 0.547132 0.022037 0.036138
0 0.598206 0.584130 0.022037 0.036711
0 0.556844 0.552772 0.022812 0.036711
0 0.527469 0.558881 0.023313 0.036348
0 0.498219 0.564426 0.025063 0.038642
0 0.468469 0.569302 0.024812 0.040746
0 0.569956 0.589943 0.022037 0.036138
0 0.542844 0.596071 0.023062 0.036157
0 0.513906 0.602581 0.024188 0.036138
0 0.556344 0.632208 0.022812 0.035736
0 0.484281 0.608403 0.023687 0.036730
0 0.663250 0.605956 0.021250 0.034742
0 0.637250 0.612524 0.022050 0.036520
0 0.611750 0.619044 0.022050 0.036138
0 0.584300 0.625717 0.022050 0.036138
0 0.598100 0.660593 0.022050 0.036138
0 0.624200 0.653394 0.022050 0.035086
0 0.649863 0.646931 0.021775 0.035010
0 0.570213 0.667457 0.023575 0.036138
0 0.675800 0.640153 0.024150 0.036138
0 0.701237 0.633671 0.022525 0.035526
0 0.830438 0.564522 0.019625 0.033098
0 0.852650 0.558480 0.019625 0.033098
0 0.839750 0.597027 0.019625 0.033098
0 0.817681 0.603222 0.019887 0.033098
0 0.795519 0.609187 0.019963 0.033098
0 0.827519 0.635574 0.020962 0.033098
0 0.806194 0.641310 0.020613 0.033098
0 0.837056 0.666013 0.018137 0.032027
0 0.815419 0.672189 0.018662 0.031530
0 0.782731 0.648308 0.020787 0.033786
0 0.760006 0.653241 0.021238 0.033098
0 0.793400 0.679627 0.019625 0.033098
0 0.825350 0.704178 0.019625 0.033098
0 0.803450 0.710927 0.019625 0.032830
0 0.770600 0.685593 0.019625 0.033098
0 0.781400 0.718403 0.019625 0.033098
0 0.686994 0.673203 0.021012 0.034474
0 0.699562 0.705631 0.022125 0.034627
0 0.710456 0.738270 0.020838 0.034742
0 0.674644 0.713337 0.021213 0.034895
0 0.662744 0.680507 0.022013 0.034398
0 0.636894 0.687218 0.022212 0.035889
0 0.648569 0.719646 0.021863 0.036042
0 0.686269 0.746511 0.020463 0.034704
0 0.672969 0.785325 0.020563 0.034321
0 0.610319 0.694446 0.021863 0.035201
0 0.622669 0.727725 0.023162 0.035564
0 0.636188 0.759857 0.021375 0.034780
0 0.528850 0.639398 0.023250 0.035583
0 0.557225 0.708413 0.021500 0.036329
0 0.584163 0.701243 0.023125 0.034990
0 0.597600 0.735564 0.023250 0.035182
0 0.709350 0.808604 0.021250 0.034034
0 0.685350 0.816740 0.021000 0.033862
0 0.697100 0.847620 0.021750 0.033289
0 0.661163 0.824866 0.022875 0.032906
