0 0.6728320000000001 0.0927340000000001 0.046876 0.051302
0 0.06093799999999994 0.7202599999999999 0.040782 0.037188
0 0.03726600000000002 0.6757299999999999 0.037032 0.043124
0 0.03187399999999996 0.7627600000000001 0.039374 0.035312
0 0.06386800000000004 0.6283859999999999 0.038204 0.037812
0 0.09046799999999999 0.675416 0.038438 0.038124
0 0.0415620000000001 0.37540400000000007 0.044454 0.046484
0 0.07292999999999994 0.317682 0.045274 0.048386
0 0.06997000000000009 0.42790400000000006 0.042754 0.046484
0 0.100908 0.37315199999999993 0.044434 0.04427
0 0.039217999999999975 0.4786840000000001 0.042852 0.045442
0 0.03854399999999991 0.5810679999999999 0.040176 0.044114
0 0.0667279999999999 0.5288679999999999 0.043886 0.044088
0 0.09727599999999992 0.4795959999999999 0.043536 0.045442
0 0.09356399999999998 0.5810679999999999 0.042872 0.045
0 0.11955000000000005 0.630118 0.042852 0.040494
0 0.044121999999999995 0.2631380000000001 0.043204 0.048152
0 0.10688399999999998 0.2649079999999999 0.04455 0.04987
0 0.1328720000000001 0.3216399999999999 0.043204 0.049062
0 0.1281540000000001 0.42941399999999996 0.041856 0.044088
0 0.12545000000000006 0.5338020000000001 0.043204 0.045
0 0.16781200000000007 0.2642580000000001 0.04625 0.05039
0 0.1958200000000001 0.32254000000000005 0.045546 0.046328
0 0.16190400000000005 0.3763160000000001 0.043886 0.045912
0 0.18823199999999995 0.43076800000000004 0.04455 0.045912
0 0.2223139999999999 0.37833399999999995 0.043886 0.046354
0 0.23194399999999993 0.264934 0.043536 0.049036
0 0.2580960000000001 0.32142000000000004 0.041856 0.045912
0 0.29336000000000007 0.26606799999999997 0.04625 0.048594
0 0.3190139999999999 0.324114 0.048262 0.046822
0 0.28306600000000004 0.37721399999999994 0.046562 0.04948
0 0.24780200000000008 0.43368399999999996 0.045566 0.048152
0 0.15413999999999994 0.482734 0.043868 0.04276
0 0.1813180000000001 0.5333600000000001 0.04084 0.044114
0 0.2125300000000001 0.48522200000000004 0.043184 0.045912
0 0.2393559999999999 0.5338160000000001 0.041524 0.04138
0 0.2722659999999999 0.48544199999999993 0.043204 0.046354
0 0.30837800000000004 0.4336979999999999 0.044532 0.046354
0 0.343642 0.37945399999999996 0.043536 0.045
0 0.35697200000000007 0.26872399999999996 0.043868 0.04849
0 0.38128000000000006 0.326368 0.046582 0.047682
0 0.4040520000000001 0.3794660000000001 0.045566 0.045912
0 0.36895600000000006 0.43301999999999996 0.045566 0.047708
0 0.332168 0.48522200000000004 0.044882 0.045912
0 0.296562 0.534934 0.043868 0.042734
0 0.1507719999999999 0.5833200000000001 0.041856 0.043204
0 0.175068 0.630118 0.041856 0.04138
0 0.2072940000000001 0.583764 0.041504 0.042318
0 0.23091799999999996 0.6305719999999999 0.042188 0.041406
0 0.14603600000000005 0.675794 0.041172 0.03914
0 0.11465799999999993 0.720782 0.039824 0.037344
0 0.2631540000000001 0.584206 0.04252 0.043204
0 0.2881339999999999 0.631472 0.041856 0.040494
0 0.200372 0.675794 0.041172 0.03914
0 0.25471599999999994 0.6762360000000001 0.04252 0.040964
0 0.16966799999999993 0.7209639999999999 0.040508 0.038802
0 0.08630800000000005 0.764934 0.036446 0.03836
0 0.13793999999999995 0.764662 0.03916 0.039584
0 0.19312400000000007 0.763984 0.039492 0.040052
0 0.22569400000000006 0.7203379999999999 0.041856 0.040938
0 0.24712800000000001 0.765118 0.03746 0.037786
0 0.3028120000000001 0.7657940000000001 0.040156 0.038256
0 0.2785059999999999 0.7210160000000001 0.038808 0.038698
0 0.30854399999999993 0.677136 0.036114 0.037344
0 0.331836 0.722812 0.038828 0.037812
0 0.3201959999999999 0.5848960000000001 0.043204 0.04276
0 0.3569819999999999 0.5347139999999999 0.041856 0.043178
0 0.3434759999999999 0.6319140000000001 0.041172 0.03961
0 0.3794139999999999 0.5848960000000001 0.042188 0.04276
0 0.399502 0.632136 0.040488 0.040052
0 0.36473599999999995 0.6780459999999999 0.039824 0.036458
0 0.3910739999999999 0.4872399999999999 0.041172 0.045468
0 0.41924800000000007 0.26899800000000007 0.045566 0.048152
0 0.4837100000000001 0.26673199999999997 0.046914 0.05086
0 0.5478419999999999 0.2689839999999999 0.050292 0.049062
0 0.44303800000000004 0.32479199999999997 0.046582 0.04724
0 0.4666699999999999 0.3805860000000001 0.043886 0.045442
0 0.430048 0.432566 0.043536 0.044088
0 0.506826 0.3265880000000001 0.046582 0.04724
0 0.530624 0.38173199999999996 0.041524 0.045912
0 0.49082000000000003 0.43251400000000007 0.042188 0.044192
0 0.6084179999999999 0.27259199999999995 0.045234 0.05263
0 0.6713579999999999 0.273946 0.042872 0.05086
0 0.567402 0.3286199999999999 0.044882 0.045886
0 0.628506 0.33041600000000004 0.043536 0.048594
0 0.58833 0.38148399999999993 0.043536 0.046354
0 0.6497660000000001 0.38239599999999996 0.047578 0.04724
0 0.5490139999999999 0.43346400000000007 0.04252 0.044114
0 0.60791 0.4350400000000001 0.041524 0.042734
0 0.450126 0.48747399999999996 0.040488 0.045
0 0.4157040000000001 0.535156 0.043204 0.042292
0 0.5075099999999999 0.48747399999999996 0.04252 0.045
0 0.5687599999999999 0.48813799999999996 0.040176 0.047266
0 0.474434 0.5367440000000001 0.041172 0.04276
0 0.5301180000000001 0.5373699999999999 0.043204 0.04401
0 0.4373039999999999 0.5855600000000001 0.03914 0.044088
0 0.4940040000000001 0.5864720000000001 0.043868 0.043204
0 0.45856399999999997 0.6319140000000001 0.039824 0.04138
0 0.4207620000000001 0.677656 0.038476 0.038124
0 0.385332 0.72526 0.03914 0.042708
0 0.11043000000000003 0.14546799999999993 0.04707 0.052604
0 0.1449020000000001 0.08400999999999992 0.047266 0.051562
0 0.21004 0.08596399999999993 0.04746 0.052344
0 0.17410199999999998 0.14872400000000008 0.04629 0.052864
0 0.23709000000000002 0.1485939999999999 0.04375 0.051042
0 0.27507799999999993 0.0871360000000001 0.045898 0.051042
0 0.30457 0.15015599999999996 0.043946 0.054166
0 0.344708 0.08700599999999992 0.045704 0.054428
0 0.36921800000000005 0.1513279999999999 0.04746 0.04974
0 0.41062599999999994 0.08856799999999998 0.04707 0.053386
0 0.43425800000000003 0.15288999999999997 0.04668 0.04974
0 0.47459000000000007 0.08973999999999993 0.048046 0.053126
0 0.49890600000000007 0.15301999999999993 0.045898 0.05
0 0.541582 0.09000000000000008 0.048046 0.051562
0 0.5632619999999999 0.15301999999999993 0.046484 0.051042
0 0.6083780000000001 0.09026 0.048438 0.055208
0 0.628204 0.1532039999999999 0.048242 0.052448
0 0.692266 0.15528600000000004 0.045508 0.052968
0 0.07950199999999996 0.08303400000000005 0.047286 0.05461
0 0.04431600000000002 0.14533799999999997 0.046876 0.051822
