0 0.968166 0.518284 0.035356 0.056234
0 0.926212 0.51075 0.036956 0.060166
0 0.944944 0.4767159999999999 0.0322 0.057034
0 0.963944 0.4407000000000001 0.035356 0.053066
0 0.900344 0.46920000000000006 0.0338 0.053066
0 0.919878 0.43236600000000003 0.0306 0.057
0 0.941778 0.40270000000000006 0.034312 0.0562
0 0.963156 0.36666599999999994 0.033778 0.050666
0 0.880288 0.426434 0.033778 0.0578
0 0.8985 0.39161599999999996 0.033266 0.060966
0 0.919344 0.35834999999999995 0.032734 0.059366
0 0.9394 0.324716 0.033778 0.053834
0 0.960256 0.28671599999999997 0.036422 0.053834
0 0.858122 0.3872500000000001 0.031666 0.052234
0 0.878966 0.352816 0.033266 0.054634
0 0.894278 0.3175840000000001 0.036422 0.057034
0 0.915656 0.2823500000000001 0.032734 0.054634
0 0.980834 0.2510840000000001 0.033266 0.053834
0 0.938134 0.24553399999999992 0.035378 0.0546
0 0.957666 0.20873399999999998 0.034312 0.057
0 0.978522 0.16953400000000007 0.035888 0.0562
0 0.842078 0.42011599999999993 0.033266 0.055434
0 0.820434 0.3801159999999999 0.033266 0.054634
0 0.8397 0.34331599999999995 0.034822 0.053834
0 0.857388 0.3104499999999999 0.0322 0.054634
0 0.873478 0.274834 0.0306 0.053066
0 0.894856 0.24 0.029044 0.0578
0 0.914122 0.20318400000000003 0.032734 0.055434
0 0.936022 0.166366 0.035378 0.0562
0 0.955822 0.12756600000000007 0.032712 0.0578
0 0.977722 0.09075000000000011 0.036422 0.058566
0 0.799588 0.34014999999999995 0.034822 0.053834
0 0.816744 0.3053159999999999 0.035356 0.055434
0 0.834944 0.27166599999999996 0.034822 0.0562
0 0.855 0.23641599999999996 0.034844 0.053834
0 0.871634 0.20041599999999993 0.031134 0.0483
0 0.892534 0.16161599999999998 0.034934 0.053034
0 0.912012 0.12558399999999992 0.035888 0.061766
0 0.932856 0.0887659999999999 0.036422 0.062534
0 0.955288 0.04838399999999998 0.038 0.060966
0 0.776888 0.299766 0.029556 0.050666
0 0.796678 0.2657339999999999 0.0322 0.0586
0 0.815156 0.23166599999999993 0.032178 0.057
0 0.834422 0.19645 0.030622 0.056234
0 0.851844 0.15766600000000008 0.033778 0.0578
0 0.8719 0.12440000000000007 0.0306 0.0546
0 0.890366 0.08323400000000003 0.039044 0.060934
0 0.910944 0.0456160000000001 0.031666 0.061766
0 0.777678 0.2277340000000001 0.0322 0.057
0 0.794312 0.18813400000000002 0.032712 0.061734
0 0.812256 0.15606600000000004 0.0306 0.0562
0 0.832044 0.12083400000000011 0.033244 0.0554
0 0.852366 0.08123400000000003 0.034822 0.0522
0 0.868734 0.04641600000000001 0.033778 0.058566
0 0.757356 0.18853399999999998 0.030622 0.053066
0 0.771878 0.1525160000000001 0.033266 0.053834
0 0.794312 0.11608400000000008 0.039066 0.055434
0 0.810134 0.07888399999999995 0.033778 0.055434
0 0.8294 0.04206599999999994 0.033244 0.0562
0 0.738888 0.15053399999999995 0.030622 0.053066
0 0.756044 0.11371599999999993 0.034312 0.053834
0 0.7724 0.07611600000000007 0.029022 0.053034
0 0.788766 0.03970000000000007 0.031134 0.0578
0 0.737044 0.07413399999999992 0.030088 0.0586
0 0.753134 0.03849999999999998 0.032712 0.053866
