0 0.381319 0.410407 0.023736 0.011722
0 0.413813 0.410407 0.024637 0.012321
0 0.444352 0.409988 0.021978 0.011005
0 0.476000 0.409450 0.023297 0.011603
0 0.476923 0.425873 0.023516 0.012321
0 0.445110 0.425766 0.024286 0.011627
0 0.413956 0.425993 0.024176 0.012081
0 0.382088 0.425873 0.023736 0.012321
0 0.351209 0.426770 0.025275 0.011244
0 0.318571 0.427189 0.023736 0.011603
0 0.287154 0.427428 0.022440 0.012321
0 0.257143 0.444653 0.023516 0.011364
0 0.288132 0.444294 0.023956 0.012081
0 0.320341 0.443995 0.022879 0.011962
0 0.351879 0.443517 0.021341 0.011483
0 0.383187 0.443158 0.024176 0.011483
0 0.414176 0.443577 0.023297 0.012321
0 0.445824 0.442799 0.020659 0.011483
0 0.477538 0.442871 0.021626 0.011388
0 0.166374 0.495251 0.023956 0.012081
0 0.197692 0.494952 0.024176 0.012440
0 0.228187 0.494605 0.022747 0.011746
0 0.195396 0.478744 0.023934 0.012081
0 0.226703 0.478325 0.023736 0.012919
0 0.226264 0.461998 0.022857 0.012081
0 0.257143 0.461938 0.022637 0.011722
0 0.259253 0.478086 0.021978 0.011244
0 0.259780 0.494593 0.022637 0.011722
0 0.289297 0.460873 0.023604 0.012943
0 0.289780 0.476950 0.021978 0.012081
0 0.290000 0.493995 0.023297 0.013158
0 0.321835 0.460263 0.023538 0.013230
0 0.322220 0.476902 0.025055 0.011364
0 0.322231 0.493541 0.025824 0.013636
0 0.353011 0.460407 0.023736 0.012919
0 0.353780 0.476256 0.024396 0.013038
0 0.354440 0.493780 0.023516 0.013158
0 0.383780 0.460526 0.023736 0.013158
0 0.384769 0.475897 0.023077 0.012560
0 0.384769 0.493481 0.023077 0.013038
0 0.414769 0.459689 0.022857 0.012440
0 0.415319 0.475778 0.023956 0.012560
0 0.416308 0.492823 0.024615 0.012679
0 0.446967 0.459390 0.024396 0.013278
0 0.447275 0.475718 0.027648 0.013876
0 0.447978 0.492069 0.027473 0.013995
0 0.479297 0.459773 0.024176 0.013038
0 0.479956 0.475981 0.024176 0.012679
0 0.480066 0.492129 0.025714 0.014354
0 0.524198 0.408977 0.024615 0.013026
0 0.555736 0.408858 0.023516 0.012811
0 0.586725 0.407955 0.025275 0.013158
0 0.619033 0.407835 0.023956 0.012919
0 0.523868 0.425843 0.023956 0.012811
0 0.554637 0.425179 0.025275 0.013876
0 0.587495 0.425185 0.025934 0.013385
0 0.618374 0.424169 0.025714 0.014007
0 0.650462 0.424103 0.025714 0.013876
0 0.681890 0.423571 0.023077 0.012811
0 0.712879 0.422907 0.023516 0.013158
0 0.525516 0.442105 0.024615 0.012560
0 0.525297 0.458917 0.024615 0.012691
0 0.525077 0.475359 0.023297 0.013517
0 0.525736 0.491447 0.025055 0.013876
0 0.556066 0.442470 0.023297 0.014007
0 0.555846 0.458254 0.025055 0.013278
0 0.557055 0.474641 0.025275 0.013756
0 0.557385 0.491268 0.025495 0.014234
0 0.587385 0.441328 0.026154 0.013158
0 0.588593 0.457010 0.025495 0.014354
0 0.588374 0.473744 0.025495 0.013876
0 0.587385 0.490909 0.024835 0.013756
0 0.619033 0.441328 0.025714 0.013876
0 0.619253 0.457237 0.025275 0.013876
0 0.619692 0.473445 0.027912 0.014474
0 0.620352 0.491633 0.025714 0.012069
0 0.651121 0.441274 0.023516 0.013289
0 0.649692 0.456764 0.024176 0.012907
0 0.651121 0.473870 0.024396 0.013888
0 0.651011 0.491334 0.026813 0.013888
0 0.681560 0.440616 0.024615 0.012213
0 0.682330 0.457488 0.023077 0.014354
0 0.682440 0.473086 0.024176 0.012321
0 0.683209 0.490616 0.025714 0.013648
0 0.713538 0.440257 0.025275 0.012452
0 0.712220 0.457488 0.023956 0.013158
0 0.713099 0.472913 0.023516 0.012213
0 0.713758 0.489898 0.023077 0.012189
0 0.744857 0.440670 0.024176 0.012560
0 0.744967 0.456525 0.025714 0.013409
0 0.745187 0.472847 0.024396 0.012560
0 0.745077 0.489480 0.022418 0.011615
0 0.776835 0.456106 0.021319 0.011854
0 0.776505 0.472667 0.024615 0.011962
0 0.776945 0.488463 0.022418 0.012213
0 0.807495 0.471417 0.024176 0.011615
0 0.806615 0.488337 0.023736 0.011244
0 0.839692 0.487560 0.022198 0.011364
0 0.169121 0.519844 0.026901 0.012057
0 0.136374 0.536382 0.028484 0.014127
0 0.167857 0.535778 0.026264 0.013612
0 0.139220 0.552141 0.025956 0.012919
0 0.140956 0.568672 0.025648 0.012919
0 0.141275 0.584785 0.023121 0.012057
0 0.170714 0.552745 0.024374 0.012739
0 0.170231 0.568331 0.024066 0.011878
0 0.172286 0.584264 0.023736 0.012739
0 0.200143 0.535694 0.023099 0.013086
0 0.202044 0.552057 0.026901 0.012057
0 0.202824 0.568505 0.024681 0.011196
0 0.203945 0.584348 0.023099 0.011543
0 0.229099 0.518983 0.024044 0.012392
0 0.231154 0.535520 0.025648 0.012739
0 0.233495 0.551621 0.024000 0.012572
0 0.233363 0.567901 0.023736 0.013433
0 0.235429 0.583493 0.024044 0.012919
0 0.261066 0.518553 0.024066 0.012919
0 0.262802 0.534916 0.024374 0.012919
0 0.263429 0.550849 0.026901 0.013780
0 0.263912 0.567129 0.024044 0.011890
0 0.264703 0.584007 0.024352 0.012919
0 0.290813 0.518038 0.025934 0.013612
0 0.293341 0.533971 0.025319 0.013086
0 0.295242 0.550939 0.027231 0.013266
0 0.296176 0.567303 0.026549 0.012572
0 0.296352 0.582972 0.026901 0.013959
0 0.322780 0.518212 0.024681 0.012572
0 0.324363 0.534396 0.024066 0.013266
0 0.324989 0.550072 0.025319 0.012919
0 0.325780 0.565748 0.025011 0.012237
0 0.328165 0.583487 0.024681 0.013266
0 0.354747 0.517949 0.024044 0.012739
0 0.355374 0.533708 0.024066 0.012225
0 0.356484 0.549815 0.026286 0.011017
0 0.357275 0.567213 0.026593 0.011722
0 0.358703 0.582458 0.025011 0.013266
0 0.384967 0.517518 0.026286 0.012572
0 0.388451 0.533798 0.025648 0.012404
0 0.387341 0.550072 0.025319 0.012919
0 0.387813 0.567039 0.023099 0.012739
0 0.391143 0.582805 0.026593 0.012237
0 0.417879 0.517004 0.025648 0.012237
0 0.419934 0.533026 0.026593 0.011196
0 0.418670 0.549557 0.025956 0.012584
0 0.418352 0.565407 0.027209 0.011890
0 0.420407 0.581764 0.023099 0.012572
0 0.448418 0.516483 0.023429 0.012225
0 0.449527 0.532679 0.023099 0.011890
0 0.450330 0.549217 0.025319 0.013266
0 0.451121 0.565144 0.026901 0.013086
0 0.451901 0.581250 0.024681 0.013266
0 0.480538 0.516142 0.024374 0.012572
0 0.481495 0.532165 0.025626 0.012919
0 0.480385 0.548176 0.024066 0.012572
0 0.482121 0.564803 0.024374 0.012739
0 0.482758 0.581250 0.024374 0.011543
0 0.527802 0.516286 0.025319 0.013648
0 0.528198 0.531794 0.024527 0.013062
0 0.527934 0.548511 0.024527 0.012907
0 0.529648 0.564803 0.023736 0.013361
0 0.529385 0.581382 0.022681 0.011471
0 0.558132 0.515640 0.022681 0.010897
0 0.557736 0.531142 0.023473 0.011758
0 0.559451 0.547937 0.022154 0.011184
0 0.559055 0.564450 0.025055 0.011196
0 0.560242 0.580449 0.024264 0.011328
0 0.589648 0.515353 0.020308 0.010323
0 0.590308 0.531681 0.024308 0.011160
0 0.591440 0.548008 0.022791 0.010754
0 0.591440 0.564127 0.025824 0.011986
0 0.591637 0.580353 0.023934 0.010538
0 0.621264 0.515042 0.022396 0.011782
0 0.621451 0.531059 0.024308 0.011567
0 0.622022 0.546974 0.023165 0.011172
0 0.622396 0.564025 0.023165 0.012189
0 0.623165 0.580359 0.020879 0.011364
0 0.652022 0.515036 0.020132 0.010957
0 0.652593 0.531160 0.022022 0.010550
0 0.652209 0.546663 0.023538 0.012608
0 0.652220 0.562990 0.024308 0.012608
0 0.652967 0.578594 0.024308 0.012404
0 0.683923 0.514940 0.023187 0.011986
0 0.683549 0.530126 0.023934 0.013026
0 0.683736 0.545628 0.021275 0.012189
0 0.684297 0.562165 0.023934 0.010957
0 0.683934 0.578906 0.023165 0.013026
0 0.714110 0.513283 0.021275 0.011998
0 0.714308 0.528888 0.023912 0.012201
0 0.714692 0.545939 0.026967 0.012404
0 0.715066 0.561447 0.023187 0.011986
0 0.714121 0.578702 0.025077 0.011782
0 0.746209 0.512972 0.022396 0.011782
0 0.745253 0.529199 0.024308 0.012823
0 0.744681 0.545215 0.023165 0.010957
0 0.746011 0.561136 0.022791 0.011364
0 0.745451 0.577775 0.023912 0.011986
0 0.776209 0.512661 0.022396 0.011567
0 0.777154 0.527955 0.023538 0.011986
0 0.775637 0.544809 0.025824 0.012608
0 0.776593 0.560718 0.023912 0.012608
0 0.776780 0.577667 0.023538 0.013014
0 0.806593 0.528888 0.022418 0.011364
0 0.807736 0.544085 0.020132 0.011160
0 0.808110 0.560724 0.024703 0.011782
0 0.808495 0.576842 0.022396 0.013445
0 0.839451 0.511633 0.024308 0.012404
0 0.839637 0.527440 0.027714 0.013445
0 0.839253 0.544701 0.023912 0.012392
0 0.839824 0.560203 0.025055 0.011579
0 0.838681 0.575604 0.025055 0.013026
0 0.869824 0.527440 0.021275 0.010957
0 0.870011 0.542632 0.023934 0.011579
0 0.870956 0.559378 0.025824 0.011986
0 0.870396 0.575293 0.024703 0.012404
0 0.143495 0.608301 0.023209 0.011627
0 0.145077 0.624737 0.021099 0.010335
0 0.145473 0.640167 0.022945 0.011627
0 0.148231 0.656029 0.021077 0.010909
0 0.174747 0.608086 0.021890 0.012344
0 0.177121 0.624306 0.022945 0.010335
0 0.178176 0.639737 0.022418 0.010766
0 0.178692 0.655526 0.021341 0.010766
0 0.179758 0.671459 0.021363 0.011627
0 0.205341 0.608086 0.020308 0.010622
0 0.207571 0.624163 0.021077 0.010335
0 0.208637 0.639306 0.021626 0.010766
0 0.208495 0.655455 0.022923 0.011770
0 0.236989 0.608014 0.020835 0.011340
0 0.238440 0.623445 0.021626 0.011770
0 0.238560 0.638660 0.021341 0.012057
0 0.241209 0.654522 0.021890 0.011340
0 0.242659 0.671029 0.023209 0.012488
0 0.267187 0.607225 0.022681 0.012344
0 0.269429 0.622871 0.021890 0.011196
0 0.270615 0.638373 0.021626 0.011770
0 0.272066 0.654306 0.022418 0.012632
0 0.272582 0.670670 0.023451 0.013493
0 0.298440 0.607368 0.022418 0.012057
0 0.299495 0.622943 0.024000 0.013349
0 0.300286 0.638014 0.024527 0.013062
0 0.301725 0.654450 0.025824 0.013206
0 0.303582 0.669450 0.023209 0.012488
0 0.329560 0.607225 0.020308 0.011770
0 0.329956 0.622656 0.022681 0.012488
0 0.331659 0.638373 0.023451 0.012632
0 0.332066 0.653660 0.022154 0.012201
0 0.333385 0.669952 0.023209 0.012632
0 0.360418 0.606435 0.022418 0.011627
0 0.361341 0.622225 0.024264 0.012488
0 0.361736 0.638301 0.024527 0.012488
0 0.362132 0.654019 0.022154 0.012632
0 0.363967 0.669163 0.021604 0.012201
0 0.391670 0.606579 0.022154 0.011627
0 0.391011 0.622010 0.022418 0.012344
0 0.392066 0.637727 0.022418 0.011914
0 0.394703 0.654019 0.022418 0.012057
0 0.394308 0.669163 0.022681 0.012201
0 0.422527 0.606435 0.022154 0.011627
0 0.423044 0.622440 0.021604 0.010335
0 0.423846 0.637368 0.021626 0.012057
0 0.424374 0.653301 0.023209 0.012344
0 0.425824 0.669378 0.024527 0.012344
0 0.452857 0.605215 0.022154 0.011196
0 0.452593 0.621148 0.021626 0.010622
0 0.454560 0.636866 0.023451 0.012775
0 0.455495 0.652153 0.022681 0.012344
0 0.456022 0.668445 0.023209 0.011340
0 0.483978 0.604785 0.022681 0.012344
0 0.484637 0.621077 0.022418 0.011053
0 0.485956 0.637727 0.021890 0.012201
0 0.486615 0.652584 0.022154 0.011483
0 0.487275 0.668445 0.021363 0.010766
0 0.530857 0.605610 0.024791 0.012057
0 0.530857 0.621256 0.020571 0.010622
0 0.531385 0.637476 0.022681 0.012057
0 0.532044 0.653194 0.020308 0.011627
0 0.532308 0.667333 0.022945 0.012057
0 0.561319 0.604605 0.021363 0.012344
0 0.562242 0.620395 0.020044 0.011196
0 0.562242 0.635682 0.023736 0.012201
0 0.563560 0.652261 0.022154 0.011196
0 0.562901 0.668050 0.021363 0.011770
0 0.592703 0.603600 0.022945 0.012057
0 0.593758 0.620323 0.022945 0.011627
0 0.593363 0.635610 0.021099 0.010909
0 0.593231 0.651256 0.023473 0.012057
0 0.594418 0.667476 0.022154 0.010909
0 0.623033 0.603098 0.021363 0.011627
0 0.623956 0.620036 0.022154 0.011340
0 0.623560 0.634964 0.023473 0.011053
0 0.625143 0.650467 0.024527 0.011340
0 0.624484 0.666615 0.023209 0.012344
0 0.654286 0.603744 0.022154 0.012344
0 0.653890 0.618744 0.024000 0.011627
0 0.654022 0.634462 0.023209 0.012057
0 0.654945 0.650467 0.022945 0.011340
0 0.654945 0.665538 0.022945 0.012775
0 0.685934 0.603026 0.026374 0.012632
0 0.685011 0.618026 0.024527 0.011627
0 0.686066 0.634246 0.023473 0.010766
0 0.685407 0.650467 0.023736 0.011627
0 0.686330 0.665036 0.022418 0.012919
0 0.715473 0.602309 0.022681 0.010909
0 0.715736 0.618313 0.021626 0.010766
0 0.716396 0.633672 0.021890 0.011914
0 0.715341 0.649462 0.023473 0.011914
0 0.716923 0.665108 0.022418 0.012201
0 0.746066 0.602022 0.021099 0.011770
0 0.746725 0.618170 0.022945 0.010766
0 0.747253 0.634677 0.025055 0.013349
0 0.747516 0.649246 0.026110 0.014641
0 0.746989 0.663816 0.022945 0.012775
0 0.777319 0.601447 0.020308 0.010909
0 0.777187 0.617811 0.023209 0.011770
0 0.777319 0.632452 0.022945 0.012344
0 0.778901 0.648600 0.025582 0.013062
0 0.778374 0.664175 0.024527 0.014067
0 0.808967 0.601160 0.022945 0.011483
0 0.808308 0.616950 0.021626 0.010622
0 0.808044 0.632237 0.023736 0.011627
0 0.808835 0.647811 0.022154 0.010909
0 0.838505 0.600801 0.022418 0.011053
0 0.838374 0.617022 0.022154 0.011914
0 0.837055 0.631447 0.023736 0.011770
0 0.838505 0.648457 0.024000 0.012201
0 0.838374 0.663026 0.024264 0.012344
0 0.869626 0.599868 0.024000 0.010909
0 0.869890 0.616376 0.023473 0.011483
0 0.868176 0.631376 0.022154 0.011340
0 0.868967 0.647524 0.024264 0.012632
0 0.182209 0.695179 0.022879 0.013086
0 0.212989 0.694306 0.022857 0.012919
0 0.213538 0.710156 0.021319 0.011842
0 0.243538 0.694306 0.021978 0.012201
0 0.245297 0.709438 0.021538 0.011364
0 0.244967 0.725467 0.022198 0.013038
0 0.273868 0.693947 0.020659 0.011005
0 0.275407 0.709079 0.023736 0.012799
0 0.277165 0.724809 0.025055 0.012679
0 0.277055 0.739821 0.025275 0.012799
0 0.304527 0.694187 0.021319 0.010766
0 0.305736 0.708660 0.021099 0.010766
0 0.306176 0.724151 0.021099 0.011364
0 0.308484 0.739821 0.022637 0.012321
0 0.308044 0.755251 0.023956 0.011603
0 0.335077 0.693888 0.020879 0.010885
0 0.335626 0.708840 0.023297 0.012081
0 0.337714 0.724151 0.021319 0.012081
0 0.338374 0.739677 0.022198 0.012512
0 0.338923 0.755191 0.022418 0.012201
0 0.365407 0.693170 0.019121 0.010885
0 0.366505 0.708600 0.021319 0.010885
0 0.367165 0.724091 0.020440 0.011244
0 0.368044 0.739641 0.020879 0.011483
0 0.369802 0.755311 0.020879 0.011483
0 0.396396 0.692931 0.020440 0.011124
0 0.396835 0.708959 0.023077 0.011603
0 0.397604 0.723911 0.022418 0.011124
0 0.397714 0.738923 0.020879 0.011005
0 0.399033 0.754414 0.023516 0.012081
0 0.427165 0.692093 0.020440 0.011603
0 0.458582 0.692129 0.019978 0.011914
0 0.488703 0.691615 0.020000 0.010646
0 0.428154 0.708002 0.022418 0.011842
0 0.457275 0.707045 0.021758 0.011124
0 0.487495 0.707165 0.021099 0.011364
0 0.427714 0.723134 0.019780 0.009569
0 0.459022 0.723050 0.022176 0.011316
0 0.489033 0.722177 0.021978 0.011722
0 0.429363 0.738445 0.022198 0.011722
0 0.459582 0.738385 0.021099 0.011603
0 0.490022 0.737189 0.023516 0.012560
0 0.429253 0.754115 0.022418 0.010766
0 0.461341 0.753038 0.023297 0.012201
0 0.492110 0.753098 0.023736 0.012799
0 0.399692 0.770622 0.022198 0.012201
0 0.430571 0.768828 0.024615 0.012201
0 0.461341 0.769725 0.022418 0.012081
0 0.490571 0.768469 0.022857 0.011244
0 0.533868 0.691376 0.021978 0.010885
0 0.534967 0.707225 0.021978 0.010526
0 0.564088 0.691435 0.022198 0.011244
0 0.594967 0.690299 0.021978 0.011124
0 0.625077 0.690179 0.021099 0.011842
0 0.565516 0.706627 0.020220 0.010526
0 0.596176 0.706328 0.020879 0.011364
0 0.625407 0.705311 0.022198 0.012201
0 0.534527 0.722057 0.020220 0.010048
0 0.566066 0.722297 0.020440 0.010287
0 0.596396 0.721818 0.023077 0.012440
0 0.626286 0.721280 0.020440 0.011124
0 0.535736 0.737608 0.020000 0.011483
0 0.565846 0.737309 0.021758 0.011124
0 0.595626 0.736411 0.019780 0.010287
0 0.627165 0.736770 0.019560 0.010766
0 0.536275 0.753086 0.021077 0.010048
0 0.536264 0.768038 0.019341 0.010048
0 0.566484 0.752608 0.020440 0.010048
0 0.566264 0.767500 0.020879 0.010167
0 0.597802 0.752010 0.021538 0.011244
0 0.596934 0.767380 0.021516 0.011124
0 0.627473 0.751770 0.021538 0.011005
0 0.627802 0.767500 0.020440 0.011603
0 0.656505 0.689928 0.021978 0.011962
0 0.655725 0.705179 0.022615 0.011124
0 0.686604 0.689270 0.020637 0.010646
0 0.717154 0.689151 0.022879 0.013038
0 0.685945 0.704880 0.022440 0.011483
0 0.716264 0.704043 0.023736 0.012919
0 0.657363 0.720132 0.021978 0.010885
0 0.688022 0.719839 0.022637 0.012213
0 0.718802 0.719240 0.023495 0.012213
0 0.657912 0.736041 0.023077 0.011364
0 0.688374 0.734785 0.024176 0.011722
0 0.657582 0.750634 0.022857 0.010646
0 0.687824 0.750754 0.023077 0.012799
0 0.718473 0.734844 0.022440 0.011842
0 0.717692 0.750395 0.022198 0.011603
0 0.746934 0.688194 0.022615 0.011842
0 0.747484 0.703206 0.021516 0.012201
0 0.747813 0.719055 0.021780 0.011842
0 0.748473 0.734306 0.023495 0.012440
0 0.778912 0.687476 0.020637 0.010885
0 0.777912 0.702667 0.022198 0.012560
0 0.777484 0.718995 0.022176 0.012919
0 0.809341 0.687536 0.020879 0.011722
0 0.808681 0.702488 0.023956 0.012919
0 0.838681 0.687243 0.023297 0.011615
