0 0.452954 0.06174999999999997 0.009828 0.021166
0 0.558276 0.5106660000000001 0.011128 0.023778
0 0.572852 0.5101119999999999 0.011128 0.023778
0 0.60953 0.568722 0.011128 0.023778
0 0.62254 0.598722 0.011128 0.023778
0 0.637742 0.597888 0.011128 0.023778
0 0.653416 0.597888 0.011128 0.023778
0 0.669248 0.5965 0.011128 0.023778
0 0.499812 0.6328879999999999 0.011128 0.023778
0 0.514232 0.632056 0.011128 0.023778
0 0.528026 0.631222 0.011128 0.023778
0 0.542916 0.6315 0.011128 0.023778
0 0.568934 0.661584 0.011128 0.023778
0 0.5842 0.662472 0.011128 0.023778
0 0.598966 0.662472 0.011128 0.023778
0 0.614388 0.662166 0.011128 0.023778
0 0.630156 0.662166 0.011128 0.023778
0 0.64525 0.661888 0.011128 0.023778
0 0.676426 0.660112 0.011128 0.023778
0 0.661004 0.661584 0.011128 0.023778
0 0.69185 0.659834 0.011128 0.023778
0 0.521834 0.691862 0.011128 0.023778
0 0.536254 0.691584 0.011128 0.023778
0 0.550532 0.691862 0.011128 0.023778
0 0.579718 0.6909719999999999 0.011128 0.023778
0 0.594984 0.6906939999999999 0.011128 0.023778
0 0.609248 0.690388 0.011128 0.023778
0 0.625502 0.690388 0.011128 0.023778
0 0.640924 0.690388 0.011128 0.023778
0 0.65652 0.690388 0.011128 0.023778
0 0.672116 0.6909719999999999 0.011128 0.023778
0 0.687712 0.6909719999999999 0.011128 0.023778
0 0.703966 0.6912780000000001 0.011128 0.023778
0 0.532116 0.72125 0.011128 0.023778
0 0.739138 0.611612 0.011128 0.023778
0 0.770486 0.516362 0.011128 0.023778
0 0.675768 0.489916 0.011128 0.023778
0 0.690862 0.489916 0.011128 0.023778
0 0.707288 0.48784800000000006 0.011128 0.023806
0 0.723872 0.48697199999999996 0.011128 0.023778
0 0.740956 0.48608399999999996 0.011128 0.023778
0 0.757382 0.483722 0.011128 0.023778
0 0.775956 0.48313800000000007 0.011128 0.023778
0 0.733166 0.420528 0.011128 0.023778
0 0.750078 0.41788800000000004 0.011128 0.023778
0 0.767336 0.4155279999999999 0.011128 0.023778
0 0.78409 0.414056 0.011128 0.023778
0 0.80199 0.41230600000000006 0.011128 0.023778
0 0.639106 0.397 0.011128 0.023778
0 0.654858 0.3955280000000001 0.011128 0.023778
0 0.670956 0.39494399999999996 0.011128 0.023778
0 0.687712 0.39347200000000004 0.011128 0.023778
0 0.703794 0.3905559999999999 0.011128 0.023778
0 0.720878 0.387888 0.011128 0.023778
0 0.737304 0.386722 0.011128 0.023778
0 0.755048 0.38494399999999995 0.011128 0.023778
0 0.770972 0.38202800000000003 0.011128 0.023778
0 0.789232 0.379972 0.011128 0.023778
0 0.795032 0.3458619999999999 0.011128 0.023778
0 0.777618 0.34822200000000003 0.011128 0.023778
0 0.760032 0.3505560000000001 0.011128 0.023778
0 0.742446 0.3526119999999999 0.011128 0.023778
0 0.725204 0.3546659999999999 0.011128 0.023778
0 0.708448 0.356722 0.011128 0.023778
0 0.692352 0.35880599999999996 0.011128 0.023778
0 0.675596 0.3605560000000001 0.011128 0.023778
0 0.659342 0.360862 0.011128 0.023778
0 0.774138 0.24649999999999994 0.011128 0.023778
0 0.75721 0.2503059999999999 0.011128 0.023778
0 0.739952 0.25266600000000006 0.011128 0.023778
0 0.72254 0.25502800000000003 0.011128 0.023778
0 0.706112 0.2582500000000001 0.011128 0.023778
0 0.689374 0.26061200000000007 0.011128 0.023778
0 0.672618 0.26325 0.011128 0.023778
0 0.656018 0.26561199999999996 0.011128 0.023778
0 0.639436 0.2682500000000001 0.011128 0.023778
0 0.625 0.269722 0.011128 0.023778
0 0.608746 0.27119399999999994 0.011128 0.023778
0 0.59315 0.274138 0.011128 0.023778
0 0.778606 0.21211200000000008 0.011128 0.023778
0 0.760532 0.21533399999999991 0.011128 0.023778
0 0.744106 0.2188619999999999 0.011128 0.023778
0 0.72768 0.2209159999999999 0.011128 0.023778
0 0.710596 0.22475 0.011128 0.023778
0 0.694342 0.22827799999999998 0.011128 0.023778
0 0.6771 0.23033400000000004 0.011128 0.023778
0 0.659844 0.23208399999999996 0.011128 0.023778
0 0.702806 0.15830600000000006 0.011128 0.023778
0 0.685878 0.1615279999999999 0.011128 0.023778
0 0.668794 0.1647780000000001 0.011128 0.023778
0 0.653214 0.16830600000000007 0.011128 0.023778
0 0.637288 0.1712499999999999 0.011128 0.023778
0 0.621018 0.17416600000000004 0.011128 0.023778
0 0.605094 0.17769400000000002 0.011128 0.023778
0 0.589342 0.17975000000000008 0.011128 0.023778
0 0.574248 0.1824159999999999 0.011128 0.023778
0 0.558652 0.18474999999999997 0.011128 0.023778
0 0.578888 0.14919400000000005 0.011128 0.023778
0 0.593496 0.1468339999999999 0.011128 0.023778
0 0.609248 0.14450000000000007 0.011128 0.023778
0 0.624844 0.14155600000000002 0.011128 0.023778
0 0.640596 0.13713799999999998 0.011128 0.023778
0 0.657352 0.13450000000000006 0.011128 0.023778
0 0.673934 0.1312500000000001 0.011128 0.023778
0 0.690032 0.1274439999999999 0.011128 0.023778
0 0.707446 0.12450000000000006 0.011128 0.023778
0 0.7237 0.12186199999999991 0.011128 0.023778
0 0.740454 0.1177220000000001 0.011128 0.023778
0 0.502742 0.03788799999999992 0.010344 0.023056
0 0.517712 0.03455600000000003 0.010502 0.023056
0 0.533386 0.031500000000000083 0.011128 0.0225
0 0.547648 0.026499999999999968 0.010502 0.0225
0 0.56301 0.02302800000000005 0.010816 0.023334
0 0.578448 0.018721999999999905 0.011598 0.021388
0 0.594436 0.015125999999999973 0.011286 0.021416
0 0.51348 0.065666 0.011128 0.021944
0 0.528918 0.06427800000000006 0.010344 0.021944
0 0.544044 0.060805999999999916 0.010188 0.021666
0 0.559012 0.056221999999999994 0.011286 0.0225
0 0.573668 0.052194000000000074 0.010188 0.023334
0 0.523996 0.09424999999999994 0.010344 0.0225
0 0.539436 0.09077800000000003 0.011128 0.023334
0 0.555156 0.09041600000000005 0.010188 0.0225
0 0.53674 0.12319400000000003 0.011598 0.021944
0 0.31341 0.036221999999999976 0.011364 0.023166
0 0.346426 0.20508400000000004 0.010344 0.022222
0 0.326128 0.03255600000000003 0.010188 0.023334
0 0.339162 0.030208000000000013 0.01058 0.021306
0 0.352492 0.026888000000000023 0.010972 0.021944
0 0.364952 0.02327799999999991 0.010188 0.021388
0 0.378824 0.01938799999999996 0.011598 0.021388
0 0.39152 0.015362000000000098 0.010344 0.021666
0 0.309858 0.06532000000000004 0.010972 0.022694
0 0.323652 0.06341599999999992 0.010972 0.022222
0 0.336584 0.06091599999999997 0.010502 0.021112
0 0.348888 0.05800000000000005 0.010972 0.021944
0 0.36221 0.05341599999999991 0.010972 0.022222
0 0.375142 0.05063799999999996 0.010502 0.022778
0 0.387438 0.04683400000000004 0.010236 0.022834
0 0.401192 0.044944000000000095 0.01094 0.022834
0 0.414952 0.04048600000000002 0.010626 0.022806
0 0.429326 0.037401999999999935 0.010816 0.022806
0 0.443064 0.03373599999999999 0.010956 0.022806
0 0.456638 0.03106999999999993 0.010486 0.021972
0 0.30601 0.09641600000000006 0.010266 0.022278
0 0.319554 0.09233399999999992 0.010454 0.021
0 0.33283 0.09108399999999994 0.009922 0.023334
0 0.345808 0.08822200000000002 0.009922 0.023334
0 0.35862 0.0829439999999999 0.011004 0.021722
0 0.37228 0.08240200000000009 0.010172 0.022806
0 0.385626 0.07938800000000001 0.01069 0.021834
0 0.398778 0.07508399999999993 0.01047 0.022334
0 0.412288 0.07190199999999991 0.010314 0.022362
0 0.425706 0.07030599999999998 0.011286 0.023222
0 0.44036 0.06624999999999992 0.011128 0.021444
0 0.595188 0.44316599999999995 0.010188 0.021666
0 0.467068 0.059334 0.010784 0.023334
0 0.316646 0.12233399999999994 0.01047 0.021666
0 0.33022 0.12008400000000008 0.010626 0.021666
0 0.343026 0.11838799999999994 0.010502 0.022222
0 0.356238 0.11530599999999991 0.011254 0.021666
0 0.368386 0.11261199999999993 0.010502 0.023056
0 0.38163 0.10913799999999996 0.011286 0.023334
0 0.395032 0.10580600000000007 0.010188 0.023334
0 0.407806 0.10288800000000009 0.010972 0.023056
0 0.42246 0.10024999999999995 0.010816 0.023334
0 0.435862 0.09775 0.011286 0.022778
0 0.449264 0.09413800000000005 0.010502 0.022222
0 0.463888 0.08952800000000005 0.011598 0.022778
0 0.477836 0.08800000000000008 0.010344 0.0225
0 0.32674 0.15202800000000005 0.010344 0.023334
0 0.3392 0.1491119999999999 0.011128 0.021944
0 0.35221 0.14605599999999996 0.010502 0.023056
0 0.366316 0.143416 0.010816 0.022222
0 0.379326 0.14077800000000007 0.010816 0.023056
0 0.392602 0.13826399999999994 0.010658 0.023306
0 0.405532 0.134652 0.010188 0.022806
0 0.419012 0.13187400000000005 0.010188 0.022806
0 0.433018 0.12908399999999998 0.011082 0.0235
0 0.4471 0.1260699999999999 0.010846 0.023362
0 0.46054 0.1219300000000001 0.01036 0.022194
0 0.474906 0.119556 0.01069 0.023388
0 0.488684 0.11659799999999998 0.011192 0.022194
0 0.336786 0.17934800000000006 0.01069 0.021028
0 0.349146 0.1766939999999999 0.01036 0.021612
0 0.361912 0.17416600000000004 0.010188 0.023112
0 0.37511 0.17225000000000001 0.010188 0.021612
0 0.388722 0.16900000000000004 0.011018 0.021612
0 0.40217 0.16587400000000008 0.010862 0.021916
0 0.41587 0.163362 0.010518 0.021
0 0.429146 0.15951399999999993 0.011018 0.022194
0 0.443424 0.157292 0.010518 0.021306
0 0.597932 0.11355599999999999 0.011128 0.023778
0 0.457374 0.1544859999999999 0.01036 0.021028
0 0.612978 0.11077800000000004 0.011128 0.023778
0 0.629436 0.10661199999999993 0.011128 0.023778
0 0.64511 0.10355599999999998 0.011128 0.023778
0 0.660784 0.10133400000000004 0.011128 0.023778
0 0.678338 0.09716600000000009 0.011128 0.023778
0 0.694012 0.09438799999999992 0.011128 0.023778
0 0.711098 0.08911200000000008 0.011128 0.023778
0 0.728026 0.08605599999999991 0.011128 0.023778
0 0.73304 0.05105599999999999 0.011128 0.023778
0 0.715642 0.055778000000000105 0.011128 0.023778
0 0.698872 0.05883400000000005 0.011128 0.023778
0 0.683198 0.06272199999999994 0.011128 0.023778
0 0.6658 0.06605599999999989 0.011128 0.023778
0 0.648872 0.07050000000000001 0.011128 0.023778
0 0.633354 0.07216599999999995 0.011128 0.023778
0 0.61721 0.0766119999999999 0.011128 0.023778
0 0.6379 0.04049999999999998 0.011128 0.023778
0 0.653888 0.03550000000000009 0.011128 0.023778
0 0.670032 0.030777999999999972 0.011128 0.023778
0 0.68649 0.027166000000000023 0.011128 0.023778
0 0.703416 0.02327799999999991 0.011128 0.023778
0 0.720502 0.01938799999999996 0.011128 0.023778
0 0.37301 0.201222 0.010658 0.021112
0 0.385862 0.19997200000000004 0.010972 0.021388
0 0.399498 0.1970559999999999 0.011286 0.021112
0 0.412508 0.19524999999999992 0.010658 0.020834
0 0.426536 0.190388 0.011442 0.021112
0 0.440494 0.18913800000000003 0.010518 0.020834
0 0.454278 0.1853880000000001 0.010816 0.021666
0 0.467916 0.18219399999999997 0.011442 0.020834
0 0.481866 0.18025000000000002 0.011128 0.0225
0 0.499968 0.1458060000000001 0.010658 0.021944
0 0.496364 0.17691600000000007 0.010344 0.021388
0 0.511018 0.17372199999999993 0.011128 0.021666
0 0.355862 0.23352799999999996 0.011474 0.0235
0 0.369404 0.231638 0.010972 0.021388
0 0.382962 0.2278880000000001 0.010816 0.021112
0 0.396678 0.22705599999999992 0.010972 0.022222
0 0.409452 0.22413799999999995 0.010502 0.021944
0 0.422932 0.22094400000000003 0.010502 0.021112
0 0.436568 0.21997200000000006 0.010816 0.021944
0 0.44942 0.2180280000000001 0.010502 0.021944
0 0.463526 0.213862 0.011128 0.020834
0 0.478104 0.211916 0.010816 0.021388
0 0.492288 0.20997200000000005 0.010344 0.0225
0 0.366112 0.26038800000000006 0.010658 0.021666
0 0.378966 0.2587219999999999 0.010344 0.021112
0 0.392132 0.25649999999999995 0.010344 0.021666
0 0.405784 0.25325 0.01069 0.021834
0 0.419248 0.253166 0.010658 0.022778
0 0.432962 0.2495559999999999 0.010816 0.021112
0 0.447304 0.24774999999999991 0.011286 0.023056
0 0.460626 0.24580599999999997 0.010344 0.021944
0 0.474498 0.24261200000000005 0.011442 0.021666
0 0.363134 0.2896939999999999 0.010658 0.021944
0 0.376772 0.2894159999999999 0.010344 0.023056
0 0.390016 0.287334 0.010502 0.021666
0 0.403182 0.285666 0.010502 0.023334
0 0.416662 0.284416 0.010816 0.021944
0 0.429906 0.28191600000000006 0.010344 0.021944
0 0.443236 0.27886199999999994 0.0113 0.023056
0 0.456866 0.27747199999999994 0.010972 0.021944
0 0.373402 0.3206659999999999 0.010502 0.023334
0 0.38681 0.318306 0.0113 0.0225
0 0.400048 0.31552800000000003 0.010502 0.0225
0 0.413056 0.3133060000000001 0.010816 0.021944
0 0.426536 0.3112220000000001 0.010502 0.021112
0 0.439702 0.30983399999999994 0.011442 0.021666
0 0.382258 0.34650000000000003 0.010972 0.022222
0 0.395894 0.34497200000000006 0.011286 0.0225
0 0.409608 0.3435839999999999 0.011442 0.0225
0 0.42348 0.3426119999999999 0.011286 0.022778
0 0.393308 0.3741380000000001 0.011442 0.0225
0 0.40663 0.3727499999999999 0.011128 0.0225
0 0.53196 0.232194 0.01094 0.021944
0 0.513056 0.26622199999999996 0.011442 0.022222
0 0.528338 0.264694 0.011286 0.021388
0 0.54362 0.26302800000000004 0.011442 0.0225
0 0.495894 0.2991379999999999 0.011286 0.021388
0 0.511254 0.29802799999999996 0.010658 0.021388
0 0.525282 0.29663799999999996 0.010188 0.021944
0 0.539702 0.29386200000000007 0.010502 0.023056
0 0.55467 0.2909440000000001 0.010972 0.022778
0 0.47772 0.3331660000000001 0.0113 0.021666
0 0.492132 0.3316380000000001 0.011598 0.023056
0 0.506786 0.32913799999999993 0.010816 0.021388
0 0.521756 0.32775 0.010972 0.020834
0 0.535862 0.32580600000000004 0.011286 0.021388
0 0.550282 0.32372200000000007 0.010658 0.021666
0 0.565956 0.3221940000000001 0.010972 0.0225
0 0.461332 0.3651120000000001 0.011442 0.022222
0 0.47591 0.3646940000000001 0.010502 0.023056
0 0.489388 0.36177799999999993 0.011442 0.022222
0 0.502946 0.35969399999999996 0.010344 0.021388
0 0.517836 0.35866599999999993 0.011598 0.022666
0 0.533354 0.357194 0.011598 0.023056
0 0.547226 0.3545560000000001 0.011128 0.022778
0 0.56196 0.3519159999999999 0.011442 0.021388
0 0.5763 0.35024999999999995 0.010658 0.021388
0 0.44409 0.397888 0.010816 0.022222
0 0.45757 0.3962220000000001 0.011128 0.021666
0 0.471912 0.3953880000000001 0.010658 0.022778
0 0.485784 0.3939999999999999 0.010188 0.022778
0 0.499342 0.391362 0.010658 0.0225
0 0.513448 0.389694 0.010344 0.021944
0 0.528026 0.389 0.010972 0.022778
0 0.542994 0.387888 0.011128 0.022222
0 0.55804 0.38538800000000006 0.011442 0.021112
0 0.573402 0.3844160000000001 0.011128 0.0225
0 0.587664 0.3816379999999999 0.010816 0.021944
0 0.427634 0.429972 0.011128 0.021388
0 0.440956 0.42927800000000005 0.011128 0.022222
0 0.454358 0.4274720000000001 0.010344 0.021388
0 0.46862 0.4267780000000001 0.010972 0.021666
0 0.48203 0.42511199999999993 0.010518 0.021666
0 0.496128 0.42330599999999996 0.010188 0.021388
0 0.509764 0.422056 0.010188 0.021666
0 0.523714 0.41983400000000004 0.011442 0.021666
0 0.539546 0.41900000000000004 0.010502 0.022778
0 0.55475 0.4167780000000001 0.010816 0.022222
0 0.569718 0.4148339999999999 0.011598 0.022778
0 0.584764 0.41386199999999995 0.010972 0.023056
0 0.599656 0.411778 0.010972 0.021666
0 0.421756 0.4578880000000001 0.011286 0.021666
0 0.437272 0.4587220000000001 0.010658 0.022222
0 0.450682 0.45797200000000005 0.010518 0.021834
0 0.465564 0.4562219999999999 0.010816 0.021666
0 0.479278 0.45469399999999993 0.010972 0.021388
0 0.493072 0.45275 0.010344 0.020834
0 0.506786 0.45108400000000004 0.011128 0.021388
0 0.521912 0.451028 0.010972 0.021278
0 0.53641 0.450388 0.011128 0.023334
0 0.550518 0.4488620000000001 0.010816 0.021944
0 0.565564 0.44816600000000006 0.011442 0.023334
0 0.580062 0.4452499999999999 0.010972 0.020834
0 0.61188 0.442472 0.010972 0.023056
0 0.433746 0.48761199999999993 0.010188 0.022778
0 0.448244 0.48733399999999993 0.011286 0.022778
0 0.46188 0.48636199999999996 0.010344 0.023056
0 0.476066 0.48594399999999993 0.010816 0.022778
0 0.490016 0.484556 0.010502 0.022222
0 0.504122 0.48366599999999993 0.011128 0.023778
0 0.518778 0.482888 0.011128 0.023778
0 0.53163 0.48205600000000004 0.011128 0.023778
0 0.54605 0.48150000000000004 0.011128 0.023778
0 0.561568 0.4798340000000001 0.011128 0.023778
0 0.576772 0.4795560000000001 0.011128 0.023778
0 0.592446 0.4787220000000001 0.011128 0.023778
0 0.607492 0.4770559999999999 0.011128 0.023778
0 0.622852 0.474556 0.011128 0.023778
0 0.444326 0.5187219999999999 0.011128 0.023778
0 0.457962 0.517612 0.011128 0.023778
0 0.472068 0.5165 0.011128 0.023778
0 0.485392 0.516222 0.011128 0.023778
0 0.499656 0.515666 0.011128 0.023778
0 0.514388 0.5126120000000001 0.011128 0.023778
0 0.529592 0.5126120000000001 0.011128 0.023778
0 0.54417 0.5115000000000001 0.011128 0.023778
0 0.587742 0.5084439999999999 0.011128 0.023778
0 0.60326 0.507334 0.011128 0.023778
0 0.61862 0.5065 0.011128 0.023778
0 0.634138 0.505944 0.011128 0.023778
0 0.45467 0.5465 0.011128 0.023778
0 0.468934 0.545388 0.011128 0.023778
0 0.4821 0.545388 0.011128 0.023778
0 0.49605 0.544834 0.011128 0.023778
0 0.510784 0.544278 0.011128 0.023778
0 0.52442 0.543722 0.011128 0.023778
0 0.540408 0.542888 0.011128 0.023778
0 0.554514 0.5423340000000001 0.011128 0.023778
0 0.56862 0.5409440000000001 0.011128 0.023778
0 0.584294 0.5401119999999999 0.011128 0.023778
0 0.599028 0.5398339999999999 0.011128 0.023778
0 0.615172 0.5392779999999999 0.011128 0.023778
0 0.629906 0.5365 0.011128 0.023778
0 0.64558 0.534278 0.011128 0.023778
0 0.478652 0.5745560000000001 0.011128 0.023778
0 0.492758 0.5740000000000001 0.011128 0.023778
0 0.506708 0.5737220000000001 0.011128 0.023778
0 0.520658 0.5723339999999999 0.011128 0.023778
0 0.534764 0.5723339999999999 0.011128 0.023778
0 0.550596 0.570112 0.011128 0.023778
0 0.565172 0.5703879999999999 0.011128 0.023778
0 0.580062 0.5706659999999999 0.011128 0.023778
0 0.59511 0.569834 0.011128 0.023778
0 0.62583 0.567612 0.011128 0.023778
0 0.641818 0.567612 0.011128 0.023778
0 0.657492 0.566778 0.011128 0.023778
0 0.489154 0.6040000000000001 0.011128 0.023778
0 0.503574 0.6028880000000001 0.011128 0.023778
0 0.51768 0.6017779999999999 0.011128 0.023778
0 0.531944 0.6012219999999999 0.011128 0.023778
0 0.546206 0.6012219999999999 0.011128 0.023778
0 0.561098 0.6009439999999999 0.011128 0.023778
0 0.575674 0.600112 0.011128 0.023778
0 0.590722 0.599278 0.011128 0.023778
0 0.605924 0.599278 0.011128 0.023778
0 0.558746 0.631222 0.011128 0.023778
0 0.573166 0.630666 0.011128 0.023778
0 0.58743 0.630944 0.011128 0.023778
0 0.602946 0.630944 0.011128 0.023778
0 0.617994 0.630388 0.011128 0.023778
0 0.633354 0.628444 0.011128 0.023778
0 0.649342 0.628444 0.011128 0.023778
0 0.664858 0.628166 0.011128 0.023778
0 0.681004 0.627888 0.011128 0.023778
0 0.510784 0.6648339999999999 0.011128 0.023778
0 0.52442 0.6637219999999999 0.011128 0.023778
0 0.53931 0.6628879999999999 0.011128 0.023778
0 0.5542 0.6634439999999999 0.011128 0.023778
0 0.565126 0.6906939999999999 0.011128 0.023778
0 0.54638 0.7215560000000001 0.011128 0.023778
0 0.560972 0.720666 0.011128 0.023778
0 0.576238 0.72125 0.011128 0.023778
0 0.590344 0.720972 0.011128 0.023778
0 0.605266 0.72125 0.011128 0.023778
0 0.621018 0.7215560000000001 0.011128 0.023778
0 0.636786 0.721862 0.011128 0.023778
0 0.652382 0.721862 0.011128 0.023778
0 0.668464 0.720972 0.011128 0.023778
0 0.684388 0.720388 0.011128 0.023778
0 0.586692 0.75125 0.011128 0.023778
0 0.602116 0.7518339999999999 0.011128 0.023778
0 0.734326 0.6448339999999999 0.011128 0.023778
0 0.72221 0.6121939999999999 0.011128 0.023778
0 0.756222 0.611612 0.011128 0.023778
0 0.709938 0.5819160000000001 0.011128 0.023778
0 0.727194 0.581612 0.011128 0.023778
0 0.744436 0.5807500000000001 0.011128 0.023778
0 0.761034 0.5798620000000001 0.011128 0.023778
0 0.697664 0.5507500000000001 0.011128 0.023778
0 0.71442 0.551056 0.011128 0.023778
0 0.731662 0.549874 0.011128 0.023806
0 0.747916 0.5492779999999999 0.011128 0.023778
0 0.76467 0.5481119999999999 0.011128 0.023778
0 0.687054 0.5198879999999999 0.011128 0.023778
0 0.703308 0.519584 0.011128 0.023778
0 0.71906 0.519306 0.011128 0.023778
0 0.736144 0.518416 0.011128 0.023778
0 0.75257 0.518138 0.011128 0.023778
0 0.66315 0.459638 0.011128 0.023778
0 0.67909 0.4584440000000001 0.011128 0.023778
0 0.694844 0.456388 0.011128 0.023778
0 0.711098 0.455222 0.011128 0.023778
0 0.72884 0.4537500000000001 0.011128 0.023778
0 0.745596 0.45197200000000004 0.011128 0.023778
0 0.762194 0.4502219999999999 0.011128 0.023778
0 0.779278 0.44844400000000006 0.011128 0.023778
0 0.79652 0.445222 0.011128 0.023778
0 0.650048 0.42758399999999996 0.011128 0.023778
0 0.666646 0.4258200000000001 0.011128 0.023806
0 0.683888 0.4243619999999999 0.011128 0.023778
0 0.699984 0.42316599999999993 0.011128 0.023778
0 0.71641 0.421416 0.011128 0.023778
0 0.64326 0.36233399999999993 0.011128 0.023778
0 0.627164 0.3652500000000001 0.011128 0.023778
0 0.615548 0.3358620000000001 0.011128 0.023778
0 0.631974 0.332916 0.011128 0.023778
0 0.6479 0.33204199999999995 0.011128 0.023806
0 0.664326 0.33116600000000007 0.011128 0.023778
0 0.679576 0.329388 0.011128 0.023778
0 0.696176 0.32644399999999996 0.011128 0.023778
0 0.71326 0.32352800000000004 0.011128 0.023778
0 0.729184 0.32175 0.011128 0.023778
0 0.746098 0.32000000000000006 0.011128 0.023778
0 0.764514 0.3167500000000001 0.011128 0.023778
0 0.782258 0.31380600000000003 0.011128 0.023778
0 0.800172 0.31174999999999997 0.011128 0.023778
0 0.604764 0.30499999999999994 0.011128 0.023778
0 0.62036 0.303528 0.011128 0.023778
0 0.635956 0.30088800000000004 0.011128 0.023778
0 0.651708 0.30000000000000004 0.011128 0.023778
0 0.667806 0.297056 0.011128 0.023778
0 0.683888 0.294416 0.011128 0.023778
0 0.700486 0.29088800000000004 0.011128 0.023778
0 0.7179 0.28972200000000004 0.011128 0.023778
0 0.734154 0.28763800000000006 0.011128 0.023778
0 0.75141 0.2847219999999999 0.011128 0.023778
0 0.768996 0.282362 0.011128 0.023778
0 0.786238 0.28 0.011128 0.023778
0 0.803996 0.27619400000000005 0.011128 0.023778
0 0.79138 0.2444440000000001 0.011128 0.023778
0 0.64359 0.23561199999999993 0.011128 0.023778
0 0.628322 0.23797200000000007 0.011128 0.023778
0 0.612068 0.2411939999999999 0.011128 0.023778
0 0.596144 0.24208399999999997 0.011128 0.023778
0 0.582038 0.24386200000000002 0.011128 0.023778
0 0.569938 0.213584 0.011128 0.023778
0 0.585532 0.21211200000000008 0.011128 0.023778
0 0.600454 0.21005600000000002 0.011128 0.023778
0 0.616222 0.20769400000000005 0.011128 0.023778
0 0.632806 0.205638 0.011128 0.023778
0 0.648228 0.20327800000000007 0.011128 0.023778
0 0.664812 0.1994720000000001 0.011128 0.023778
0 0.680408 0.1962219999999999 0.011128 0.023778
0 0.697664 0.19269399999999992 0.011128 0.023778
0 0.714248 0.18975000000000009 0.011128 0.023778
0 0.731504 0.18769400000000003 0.011128 0.023778
0 0.748746 0.18416600000000005 0.011128 0.023778
0 0.766176 0.18211200000000005 0.011128 0.023778
0 0.753228 0.14977799999999997 0.011128 0.023778
0 0.736474 0.1521380000000001 0.011128 0.023778
0 0.719388 0.15477800000000008 0.011128 0.023778
0 0.360094 0.202944 0.010344 0.0225
0 0.471716 0.151972 0.011238 0.023444
0 0.484616 0.14805599999999997 0.011018 0.021888
