0 0.496946 0.023084000000000104 0.025328 0.039374
0 0.469976 0.03881200000000007 0.022796 0.0405
0 0.44407 0.05257200000000006 0.025734 0.038812
0 0.420282 0.06690599999999991 0.02275 0.03827
0 0.395204 0.07812400000000008 0.020688 0.034876
0 0.370766 0.09077000000000002 0.020688 0.037708
0 0.349906 0.10453200000000007 0.019438 0.03152
0 0.356016 0.15930200000000005 0.024062 0.035438
0 0.378344 0.14722999999999997 0.022376 0.036
0 0.40257 0.1368339999999999 0.022796 0.034334
0 0.424266 0.12559399999999998 0.022374 0.037688
0 0.448914 0.11239599999999994 0.022796 0.037126
0 0.47546 0.10032200000000002 0.022796 0.041062
0 0.50118 0.08600000000000008 0.02361 0.041624
0 0.529594 0.07195799999999997 0.024062 0.04275
0 0.559726 0.057614000000000054 0.026172 0.043312
0 0.589844 0.04244800000000004 0.02575 0.041062
0 0.621446 0.026999999999999913 0.025734 0.041624
0 0.343796 0.05200999999999989 0.024906 0.041062
0 0.368446 0.03600000000000003 0.02364 0.041624
0 0.388664 0.02336399999999994 0.025328 0.042188
0 0.84657 0.360552 0.032328 0.049146
0 0.886242 0.347448 0.033734 0.04727
0 0.928546 0.3397300000000001 0.032688 0.04775
0 0.974016 0.32918800000000004 0.031626 0.051042
0 0.846914 0.424218 0.03514 0.050104
0 0.88554 0.415084 0.030922 0.049624
0 0.925734 0.4085319999999999 0.032688 0.050562
0 0.971554 0.398698 0.032328 0.044938
0 0.968578 0.4696260000000001 0.029876 0.048208
0 0.925914 0.475468 0.030234 0.046812
0 0.884656 0.47923000000000004 0.028468 0.045874
0 0.845164 0.4876560000000001 0.034454 0.048688
0 0.967524 0.5363340000000001 0.031984 0.04775
0 0.923102 0.5405519999999999 0.028828 0.046812
0 0.88343 0.5466359999999999 0.028828 0.05148
0 0.84446 0.5510839999999999 0.027422 0.045416
0 0.965234 0.6016360000000001 0.030938 0.04448
0 0.922054 0.6023339999999999 0.030922 0.045874
0 0.883086 0.6086659999999999 0.027422 0.041666
0 0.84411 0.61077 0.028812 0.04025
0 0.961906 0.664364 0.027782 0.04448
0 0.921532 0.667178 0.028468 0.04073
0 0.883782 0.667178 0.030218 0.04073
0 0.962078 0.726396 0.028812 0.041208
0 0.36246 0.21284400000000003 0.023204 0.034854
0 0.382874 0.20048 0.020218 0.037124
0 0.405836 0.192334 0.022328 0.037708
0 0.429218 0.1802600000000001 0.024438 0.034896
0 0.45471 0.1701459999999999 0.025704 0.03825
0 0.480204 0.15834400000000004 0.021062 0.037146
0 0.50654 0.14767799999999998 0.024016 0.03377
0 0.534336 0.133062 0.022328 0.041626
0 0.562148 0.11986399999999997 0.025704 0.039938
0 0.592266 0.10582200000000008 0.027812 0.042188
0 0.623454 0.09234399999999998 0.026126 0.041062
0 0.657368 0.0763339999999999 0.028234 0.041626
0 0.690648 0.061166000000000054 0.028234 0.041626
0 0.368336 0.26592799999999994 0.022328 0.036562
0 0.390242 0.2569380000000001 0.02064 0.033208
0 0.411312 0.24654200000000004 0.019812 0.032624
0 0.43407 0.23531199999999997 0.02486 0.03825
0 0.458508 0.22687600000000008 0.024016 0.03825
0 0.483984 0.21761399999999997 0.025282 0.037688
0 0.509476 0.20610400000000006 0.02486 0.039374
0 0.536656 0.19148999999999994 0.026124 0.039396
0 0.565726 0.18193799999999993 0.02611 0.03825
0 0.59543 0.17155199999999993 0.026546 0.041062
0 0.625976 0.15666599999999997 0.026954 0.039374
0 0.659468 0.1445939999999999 0.027374 0.043312
0 0.692546 0.13081199999999993 0.027812 0.043876
0 0.727734 0.046281999999999934 0.030782 0.043312
0 0.764164 0.028019999999999934 0.031172 0.048376
0 0.93839 0.03700999999999999 0.034968 0.05173
0 0.89414 0.05891599999999997 0.035812 0.0495
0 0.846304 0.07347999999999999 0.03114 0.050542
0 0.768172 0.10160400000000003 0.033282 0.04725
0 0.73025 0.11453200000000008 0.031594 0.05173
0 0.98157 0.10019800000000001 0.033704 0.05002
0 0.933328 0.11958399999999991 0.033282 0.050624
0 0.889094 0.13362399999999997 0.032438 0.050624
0 0.847374 0.14739600000000008 0.034126 0.050042
0 0.978828 0.17998000000000003 0.032438 0.052292
0 0.932062 0.1934579999999999 0.034968 0.052292
0 0.88804 0.20806199999999997 0.03286 0.050042
0 0.84654 0.22126 0.029078 0.052854
0 0.97693 0.2527299999999999 0.034546 0.04725
0 0.930164 0.26592799999999994 0.036234 0.048938
0 0.887196 0.28109399999999996 0.032016 0.044438
0 0.843586 0.2906359999999999 0.033296 0.047812
0 0.765882 0.16930200000000006 0.032922 0.046688
0 0.729632 0.18483399999999994 0.028672 0.042126
0 0.69511 0.19712400000000008 0.02575 0.04175
0 0.661898 0.21078200000000002 0.027796 0.04252
0 0.628836 0.22033400000000003 0.026046 0.039
0 0.598118 0.23086399999999996 0.021954 0.035104
0 0.570618 0.2441359999999999 0.02311 0.035104
0 0.540336 0.25154199999999993 0.023984 0.042126
0 0.767226 0.23924999999999996 0.029546 0.043292
0 0.730516 0.25 0.028094 0.042958
0 0.697156 0.2612920000000001 0.026906 0.039
0 0.664968 0.2710619999999999 0.0275 0.0375
0 0.631914 0.28276999999999997 0.023984 0.039042
0 0.601774 0.29346800000000006 0.022234 0.037062
0 0.57339 0.3040099999999999 0.023406 0.037062
0 0.543992 0.3083020000000001 0.026046 0.038604
0 0.76957 0.30595799999999995 0.02839 0.044084
0 0.731532 0.3143640000000001 0.028968 0.04373
0 0.698328 0.32526999999999995 0.0275 0.039
0 0.666726 0.33269799999999994 0.025172 0.040604
0 0.634984 0.342438 0.024876 0.039
0 0.606016 0.35082199999999997 0.024876 0.040188
0 0.57661 0.35842799999999997 0.023406 0.037438
0 0.548812 0.3676140000000001 0.023406 0.038646
0 0.514734 0.26305200000000006 0.023688 0.03627
0 0.48796 0.273188 0.021078 0.037834
0 0.463532 0.282562 0.022532 0.0355
0 0.438516 0.292532 0.021656 0.03827
0 0.416422 0.29991600000000007 0.020782 0.037458
0 0.393454 0.3089059999999999 0.017562 0.035938
0 0.51868 0.32099999999999995 0.023984 0.039834
0 0.493812 0.3287819999999999 0.023406 0.037438
0 0.467484 0.3356140000000001 0.021656 0.040188
0 0.444656 0.3412599999999999 0.019312 0.03823
0 0.523516 0.37539600000000006 0.020188 0.037834
0 0.496296 0.38303200000000004 0.020188 0.035938
0 0.55189 0.41850999999999994 0.022532 0.037438
0 0.579688 0.4163859999999999 0.022532 0.037104
0 0.610078 0.408968 0.026094 0.039438
0 0.638492 0.4009480000000001 0.02311 0.03902
0 0.668336 0.3937299999999999 0.023704 0.037834
0 0.701546 0.38478199999999996 0.025156 0.038646
0 0.73446 0.3779380000000001 0.027796 0.042126
0 0.768554 0.36954200000000004 0.028672 0.046416
0 0.610852 0.4627920000000001 0.022234 0.0355
0 0.64025 0.4579059999999999 0.025468 0.037438
0 0.670828 0.4526460000000001 0.024 0.037834
0 0.702422 0.44523 0.025156 0.040166
0 0.735484 0.43917800000000007 0.025156 0.04448
0 0.770164 0.433562 0.027204 0.042542
0 0.673312 0.5088440000000001 0.023688 0.030854
0 0.70418 0.504718 0.025172 0.041354
0 0.737976 0.4994799999999999 0.027204 0.043334
0 0.770008 0.49107199999999995 0.028672 0.046812
0 0.737968 0.55701 0.022532 0.035938
0 0.77104 0.5535000000000001 0.027204 0.042958
