0 0.510426 0.03695000000000004 0.0323 0.0379
0 0.611418 0.037808000000000064 0.031012 0.037316
0 0.65815 0.0737000000000001 0.027124 0.0356
0 0.7141439999999999 0.03925000000000001 0.029712 0.0379
0 0.7061740000000001 0.11073400000000011 0.03015 0.037334
0 0.6508320000000001 0.144042 0.027988 0.038484
0 0.699282 0.1825159999999999 0.029288 0.039634
0 0.6043179999999999 0.109016 0.029712 0.037334
0 0.556732 0.0737000000000001 0.029288 0.0379
0 0.5052559999999999 0.10729199999999994 0.029712 0.036184
0 0.4570240000000001 0.070824 0.028 0.03675
0 0.409006 0.033792000000000044 0.027562 0.036184
0 0.35796800000000006 0.06737400000000004 0.027988 0.03445
0 0.31038199999999994 0.031207999999999902 0.029288 0.03445
0 0.40405 0.10499199999999997 0.027124 0.035016
0 0.451638 0.1423160000000001 0.0267 0.035034
0 0.354306 0.13973400000000002 0.030138 0.0379
0 0.306068 0.10413399999999995 0.024112 0.032166
0 0.25783200000000006 0.06508399999999992 0.025838 0.0333
0 0.015144000000000046 0.0280419999999999 0.028862 0.037316
0 0.21089399999999991 0.03034200000000009 0.027562 0.035016
0 0.11248199999999997 0.02833400000000008 0.027138 0.0356
0 0.06251800000000007 0.06307400000000007 0.029712 0.037316
0 0.014925999999999995 0.097526 0.024974 0.037316
0 0.06208799999999992 0.130266 0.026274 0.032734
0 0.11084399999999994 0.09976600000000002 0.027988 0.038466
0 0.16080000000000005 0.06616599999999995 0.027126 0.0379
0 0.20838800000000002 0.10120799999999996 0.028426 0.03905
0 0.015444000000000013 0.23643400000000003 0.027562 0.037334
0 0.06217600000000001 0.20140800000000003 0.030576 0.038484
0 0.10976800000000009 0.1683920000000001 0.027562 0.03905
0 0.15886200000000006 0.13680800000000004 0.028426 0.03905
0 0.25598199999999993 0.135942 0.026262 0.036184
0 0.206882 0.1704000000000001 0.028862 0.035034
0 0.15628200000000003 0.20341600000000004 0.031012 0.0379
0 0.1089 0.2358659999999999 0.0267 0.035034
0 0.06109399999999998 0.2697419999999999 0.027562 0.035016
0 0.014799999999999924 0.3007500000000001 0.02885 0.037334
0 0.06023200000000006 0.33520799999999995 0.027562 0.035016
0 0.015012000000000025 0.3648340000000001 0.028426 0.033334
0 0.1067499999999999 0.30362599999999995 0.0267 0.035016
0 0.1552 0.271466 0.027126 0.033866
0 0.2032179999999999 0.2381660000000001 0.025838 0.030434
0 0.2529680000000001 0.20657400000000004 0.027138 0.033884
0 0.3027120000000001 0.17211599999999994 0.0267 0.030434
0 0.29991199999999996 0.24160000000000004 0.027126 0.035034
0 0.2499499999999999 0.27347600000000005 0.027124 0.03215
0 0.201932 0.3059160000000001 0.030138 0.032734
0 0.1552 0.33721599999999996 0.029724 0.034466
0 0.248232 0.34008400000000005 0.025412 0.0333
0 0.29646799999999995 0.30678399999999995 0.027138 0.034466
0 0.345132 0.2772079999999999 0.026262 0.033884
0 0.34965599999999997 0.20801599999999998 0.024988 0.0333
0 0.4011180000000001 0.17470800000000009 0.027988 0.03215
0 0.39595 0.24246600000000007 0.02885 0.036766
0 0.3916440000000001 0.310516 0.027138 0.032734
0 0.447206 0.20915799999999996 0.027138 0.03215
0 0.44311199999999995 0.2783500000000001 0.028426 0.030434
0 0.4986679999999999 0.1767160000000001 0.027562 0.035034
0 0.550138 0.14139999999999997 0.02455 0.032166
0 0.5985879999999999 0.17815000000000003 0.027576 0.034466
0 0.6444559999999999 0.21318400000000004 0.027138 0.0356
0 0.689462 0.24820799999999998 0.02585 0.02755
0 0.546044 0.21232399999999996 0.027562 0.031584
0 0.49242600000000003 0.24562400000000006 0.027126 0.029284
0 0.539582 0.2806580000000001 0.025838 0.029284
0 0.5914820000000001 0.24619999999999997 0.026262 0.032734
0 0.637132 0.2826580000000001 0.027138 0.03445
0 0.683862 0.31826599999999994 0.02585 0.0287
0 0.676968 0.3851579999999999 0.028438 0.031584
0 0.6323939999999999 0.34985 0.029712 0.032166
0 0.585232 0.31682600000000005 0.027562 0.033884
0 0.669438 0.449484 0.02885 0.035034
0 0.625718 0.41617400000000004 0.027562 0.035016
0 0.662544 0.5181 0.028862 0.0379
0 0.656082 0.5789759999999999 0.027988 0.03215
0 0.647256 0.641276 0.031862 0.033884
0 0.05937400000000004 0.398366 0.028426 0.032734
0 0.10589399999999993 0.3693759999999999 0.027562 0.03445
0 0.153694 0.4044080000000001 0.027562 0.03445
0 0.1048119999999999 0.43483399999999994 0.03145 0.0356
0 0.05894400000000011 0.4646999999999999 0.027562 0.0333
0 0.05808199999999997 0.526716 0.025838 0.032166
0 0.05679400000000001 0.5893079999999999 0.029288 0.03215
0 0.05549399999999993 0.6501840000000001 0.029288 0.0333
0 0.10266200000000003 0.49455800000000005 0.026274 0.03215
0 0.103518 0.5600160000000001 0.027988 0.0356
0 0.1022320000000001 0.622042 0.029712 0.033316
0 0.2006380000000001 0.36995 0.028426 0.0333
0 0.19762400000000002 0.435416 0.0267 0.0333
0 0.1504620000000001 0.4658500000000001 0.027126 0.031
0 0.1496059999999999 0.5269999999999999 0.029712 0.030434
0 0.14745000000000008 0.590166 0.02455 0.028134
0 0.14529999999999998 0.6510419999999999 0.02455 0.029284
0 0.246294 0.4044000000000001 0.025838 0.031
0 0.29216200000000003 0.373108 0.02455 0.029284
0 0.3414680000000001 0.34037399999999995 0.024112 0.033884
0 0.290006 0.43799199999999994 0.023688 0.031584
0 0.3391059999999999 0.406992 0.025412 0.031584
0 0.3877679999999999 0.375116 0.024538 0.031
0 0.4373 0.344684 0.02455 0.034466
0 0.4887680000000001 0.3142499999999999 0.027562 0.0356
0 0.533774 0.347842 0.02455 0.031584
0 0.5796380000000001 0.3823000000000001 0.02585 0.030434
0 0.48425000000000007 0.37970799999999993 0.02625 0.031016
0 0.433856 0.41015 0.025412 0.029866
0 0.527094 0.41158399999999995 0.027562 0.032734
0 0.572106 0.448326 0.023688 0.031584
0 0.6168880000000001 0.47819999999999996 0.026274 0.030434
0 0.6125879999999999 0.5428 0.028 0.027566
0 0.604838 0.6073999999999999 0.02455 0.027
0 0.598832 0.6682999999999999 0.026338 0.027066
0 0.555518 0.637542 0.025838 0.031016
0 0.5621940000000001 0.572084 0.027138 0.027566
0 0.5673619999999999 0.5115000000000001 0.0254 0.030434
0 0.5221439999999999 0.47762400000000005 0.027138 0.031584
0 0.5171939999999999 0.54165 0.027562 0.031
0 0.512238 0.6073999999999999 0.02455 0.032734
0 0.5074939999999999 0.6668339999999999 0.025412 0.032166
0 0.1952560000000001 0.49972400000000006 0.027138 0.033316
0 0.19331199999999993 0.562608 0.0267 0.031584
0 0.1901060000000001 0.6246339999999999 0.028038 0.032734
0 0.24219999999999997 0.4698659999999999 0.0254 0.032166
0 0.24048200000000008 0.5344739999999999 0.025412 0.031584
0 0.2370319999999999 0.5947659999999999 0.025412 0.028134
0 0.23509399999999991 0.6544840000000001 0.024112 0.025834
0 0.286562 0.49972400000000006 0.026274 0.03445
0 0.283976 0.563466 0.028 0.029866
0 0.28246799999999994 0.6252 0.024988 0.028134
0 0.3354440000000001 0.4710160000000001 0.025838 0.029866
0 0.38216800000000006 0.44000799999999995 0.025412 0.02985
0 0.4280379999999999 0.47445800000000005 0.024124 0.028716
0 0.47734999999999994 0.4414419999999999 0.02455 0.026984
0 0.4736880000000001 0.5057579999999999 0.024976 0.02585
0 0.4687380000000001 0.5706500000000001 0.02885 0.030434
0 0.42437400000000003 0.5356160000000001 0.02455 0.028134
0 0.380444 0.504326 0.025412 0.028716
0 0.331782 0.533034 0.025412 0.027566
0 0.3289820000000001 0.59735 0.024112 0.025266
0 0.324894 0.6570659999999999 0.021962 0.025266
0 0.373124 0.6309419999999999 0.027124 0.032716
0 0.3757060000000001 0.566058 0.023688 0.029284
0 0.420288 0.6002259999999999 0.0267 0.028716
0 0.4155500000000001 0.6616660000000001 0.024124 0.029866
0 0.4637880000000001 0.632666 0.0267 0.025834
