0 0.581037 0.101282 0.033300 0.041859
0 0.622975 0.103750 0.039050 0.040224
0 0.516369 0.150537 0.033288 0.041875
0 0.800013 0.188301 0.033300 0.050064
0 0.626175 0.192812 0.036500 0.042676
0 0.606012 0.240016 0.029450 0.048429
0 0.453306 0.288438 0.035213 0.043510
0 0.431213 0.243702 0.034575 0.045962
0 0.474756 0.241242 0.030738 0.050881
0 0.246500 0.242476 0.039050 0.045144
0 0.219606 0.295417 0.036487 0.050897
0 0.267950 0.291314 0.039700 0.045962
0 0.294513 0.148077 0.037775 0.045160
0 0.315006 0.289263 0.036488 0.050064
0 0.223125 0.194038 0.034575 0.040224
0 0.181194 0.195681 0.039062 0.043510
0 0.151419 0.243293 0.035862 0.043510
0 0.405925 0.289263 0.037775 0.048429
0 0.537181 0.102933 0.033937 0.050064
0 0.362069 0.103349 0.035862 0.041058
0 0.248738 0.150537 0.034575 0.045144
0 0.243612 0.441122 0.040975 0.058269
0 0.096031 0.440713 0.045463 0.065657
0 0.091875 0.547420 0.040975 0.060737
0 0.333250 0.536755 0.040975 0.047612
0 0.287475 0.542909 0.037775 0.054984
0 0.593525 0.586002 0.048025 0.047612
0 0.782081 0.580256 0.040987 0.052532
0 0.561831 0.149712 0.037137 0.048429
0 0.695325 0.237556 0.033925 0.051715
0 0.796488 0.430857 0.046750 0.055817
0 0.176706 0.297067 0.035212 0.050897
0 0.113644 0.599952 0.042262 0.052532
0 0.290675 0.243293 0.033925 0.045144
0 0.130606 0.291314 0.041612 0.052532
0 0.429294 0.148894 0.033287 0.048429
0 0.199756 0.244119 0.039062 0.046795
0 0.250562 0.940986 0.045350 0.056779
0 0.281225 0.877051 0.049050 0.056154
0 0.674519 0.286394 0.037138 0.044327
0 0.495881 0.193229 0.038413 0.036939
0 0.270831 0.194038 0.041612 0.040224
0 0.561506 0.243710 0.040337 0.041042
0 0.688919 0.144792 0.035213 0.045160
0 0.258344 0.707901 0.040987 0.053365
0 0.329731 0.874527 0.045463 0.059920
0 0.840031 0.795321 0.040337 0.050897
0 0.759675 0.629920 0.035850 0.048429
0 0.852187 0.627869 0.037775 0.057468
0 0.873644 0.581082 0.042263 0.057452
0 0.358550 0.288037 0.037775 0.054183
0 0.339656 0.441122 0.038412 0.053365
0 0.157825 0.707484 0.040975 0.059103
0 0.826581 0.577796 0.033937 0.047612
0 0.337738 0.148486 0.033300 0.052548
0 0.614331 0.434143 0.037137 0.049247
0 0.496844 0.389816 0.039062 0.047612
0 0.476350 0.437845 0.037775 0.051715
0 0.408162 0.387356 0.039700 0.044327
0 0.619775 0.635665 0.045450 0.054984
0 0.430256 0.540857 0.040337 0.050881
0 0.235937 0.540441 0.040975 0.053349
0 0.211925 0.597492 0.042900 0.047612
0 0.307000 0.702564 0.039700 0.049263
0 0.333894 0.753462 0.040987 0.050897
0 0.747506 0.434551 0.038413 0.055000
0 0.187175 0.544311 0.040550 0.049936
0 0.735675 0.583301 0.040550 0.045833
0 0.808238 0.634944 0.041625 0.046522
0 0.626725 0.747740 0.045350 0.053365
0 0.776119 0.855481 0.045362 0.055417
0 0.845794 0.526899 0.040337 0.055817
0 0.799369 0.529776 0.039688 0.050064
0 0.862113 0.741563 0.039700 0.051715
0 0.793606 0.796138 0.037138 0.050897
0 0.109475 0.710361 0.037775 0.056651
0 0.136056 0.653726 0.037138 0.053349
0 0.895731 0.527716 0.039062 0.055817
0 0.662669 0.532236 0.041612 0.054984
0 0.706531 0.528950 0.040987 0.050080
0 0.525331 0.537155 0.043537 0.051715
0 0.499400 0.590112 0.044175 0.052532
0 0.860513 0.377508 0.036500 0.049247
0 0.522456 0.437837 0.041613 0.056635
0 0.430894 0.338510 0.036487 0.048429
0 0.603131 0.148486 0.035212 0.052548
0 0.702688 0.432500 0.038425 0.045962
0 0.518294 0.338109 0.035862 0.045962
0 0.584881 0.194864 0.038412 0.040208
0 0.630019 0.289263 0.035213 0.043494
0 0.720294 0.285986 0.035213 0.045144
0 0.274350 0.106627 0.037125 0.041042
0 0.669719 0.102516 0.033937 0.042692
0 0.542944 0.386130 0.045463 0.045144
0 0.590006 0.384896 0.037138 0.045978
0 0.633862 0.383662 0.039050 0.046779
0 0.679319 0.385304 0.035212 0.041859
0 0.726056 0.384071 0.033937 0.042692
0 0.768956 0.381603 0.033937 0.044327
0 0.815375 0.379151 0.039700 0.044327
0 0.145338 0.447276 0.039050 0.057468
0 0.191119 0.444399 0.038412 0.059920
0 0.288119 0.444407 0.040337 0.055000
0 0.384150 0.440713 0.037775 0.045978
0 0.428656 0.438245 0.038413 0.047612
0 0.567594 0.436603 0.035862 0.044327
0 0.657231 0.434143 0.037137 0.045978
0 0.840344 0.429631 0.037138 0.050064
0 0.884844 0.432508 0.048013 0.055817
0 0.141288 0.547035 0.043750 0.049936
0 0.384594 0.538494 0.042687 0.051987
0 0.477163 0.537804 0.038950 0.049263
0 0.571362 0.530929 0.039525 0.050641
0 0.614025 0.532332 0.041625 0.054728
0 0.752744 0.530280 0.045887 0.046522
0 0.161031 0.599712 0.041612 0.049936
0 0.258944 0.596635 0.040012 0.051987
0 0.309094 0.594583 0.044288 0.053365
0 0.358719 0.590473 0.044288 0.050625
0 0.406737 0.592187 0.042150 0.048574
0 0.454487 0.590481 0.037350 0.047885
0 0.548663 0.587740 0.036825 0.046506
0 0.642837 0.585345 0.039475 0.048574
0 0.688719 0.585008 0.041612 0.046522
0 0.187444 0.653750 0.037888 0.052660
0 0.231994 0.650329 0.038413 0.047196
0 0.282419 0.648285 0.041088 0.054038
0 0.329906 0.649303 0.040013 0.053349
0 0.383794 0.645889 0.038938 0.053349
0 0.431013 0.643494 0.037350 0.048558
0 0.479300 0.643149 0.045350 0.049247
0 0.522781 0.642115 0.042688 0.049936
0 0.574544 0.639383 0.038413 0.052676
0 0.667113 0.638021 0.040025 0.051298
0 0.715400 0.635625 0.040550 0.049263
0 0.207187 0.705393 0.041075 0.050625
0 0.356850 0.702997 0.042675 0.049936
0 0.405131 0.696162 0.044288 0.044471
0 0.455294 0.697877 0.037888 0.045144
0 0.499844 0.694792 0.041612 0.048558
0 0.551325 0.693766 0.042150 0.047885
0 0.597481 0.691723 0.039487 0.045144
0 0.646037 0.688982 0.040550 0.046522
0 0.693525 0.687957 0.040550 0.048574
0 0.741006 0.689663 0.042687 0.051987
0 0.130619 0.767644 0.039488 0.050609
0 0.179444 0.763542 0.041088 0.050609
0 0.231194 0.758782 0.040013 0.050577
0 0.279213 0.759439 0.038950 0.054712
0 0.381125 0.756018 0.044275 0.049247
0 0.431550 0.750200 0.040550 0.048574
0 0.789725 0.686859 0.036275 0.050609
0 0.836413 0.684808 0.042150 0.050609
0 0.878294 0.685152 0.039487 0.052676
0 0.815306 0.742204 0.041662 0.049247
0 0.768644 0.743293 0.041088 0.052676
0 0.720631 0.742612 0.037887 0.049936
0 0.671806 0.744663 0.039488 0.055417
0 0.527475 0.748077 0.038950 0.041731
0 0.479456 0.751498 0.041088 0.047196
0 0.575763 0.743630 0.040550 0.045144
0 0.229744 0.878053 0.044262 0.056779
0 0.155594 0.824696 0.044287 0.058141
0 0.203881 0.819567 0.042688 0.051987
0 0.252962 0.819904 0.046950 0.055417
0 0.304456 0.817163 0.043213 0.049936
0 0.356744 0.813750 0.046412 0.052660
0 0.406100 0.808966 0.046950 0.052676
0 0.453050 0.805881 0.045875 0.050609
0 0.502669 0.803830 0.048012 0.050609
0 0.554156 0.801090 0.050688 0.051987
0 0.599244 0.799038 0.042688 0.047885
0 0.650200 0.801090 0.048550 0.043782
0 0.698219 0.800409 0.044287 0.050625
0 0.744906 0.801434 0.039488 0.051298
0 0.724631 0.856162 0.041613 0.048574
0 0.676606 0.857532 0.041612 0.055417
0 0.628325 0.856843 0.042150 0.051314
0 0.580037 0.859583 0.048025 0.052660
0 0.528012 0.865056 0.045350 0.055401
0 0.478931 0.864030 0.044288 0.053349
0 0.429575 0.865048 0.043750 0.049936
0 0.379150 0.870865 0.041075 0.056090
0 0.552556 0.925929 0.052812 0.063622
0 0.606444 0.922171 0.043212 0.068413
0 0.652600 0.919439 0.043750 0.061571
0 0.703012 0.918085 0.047475 0.056138
0 0.750244 0.913622 0.042687 0.059519
0 0.454650 0.926963 0.043750 0.057452
0 0.403162 0.931066 0.046425 0.058830
0 0.351938 0.933462 0.045350 0.059519
0 0.302856 0.936875 0.040013 0.058141
0 0.405925 0.101282 0.033925 0.041859
0 0.451387 0.102933 0.037775 0.041859
0 0.711975 0.102516 0.037775 0.039391
0 0.382875 0.150954 0.033925 0.041042
0 0.472513 0.149720 0.032650 0.046779
0 0.647625 0.147260 0.035850 0.040224
0 0.735337 0.146026 0.034575 0.045962
0 0.316287 0.194455 0.037775 0.044327
0 0.361106 0.196915 0.037788 0.042676
0 0.403363 0.194447 0.037775 0.041042
0 0.452344 0.195280 0.035863 0.041042
0 0.539737 0.196915 0.036500 0.042676
0 0.671637 0.193221 0.036500 0.041859
0 0.716775 0.190761 0.039700 0.038574
0 0.759994 0.193221 0.033938 0.043494
0 0.518931 0.241651 0.040988 0.048429
0 0.649225 0.240016 0.037775 0.041859
0 0.739506 0.238365 0.032662 0.041859
0 0.783681 0.236723 0.033937 0.045144
0 0.825937 0.235497 0.031375 0.045962
0 0.765113 0.285577 0.036500 0.044327
0 0.809294 0.283109 0.036487 0.044327
0 0.852831 0.286803 0.040337 0.051715
0 0.148219 0.343029 0.037138 0.045962
0 0.195919 0.345080 0.041612 0.043494
0 0.243938 0.340978 0.041625 0.043494
0 0.290675 0.337692 0.041625 0.048429
0 0.338056 0.338926 0.042888 0.052532
0 0.381275 0.339744 0.037125 0.054167
0 0.475713 0.338926 0.036500 0.050897
0 0.338056 0.241659 0.036488 0.043510
0 0.384800 0.242885 0.037775 0.044327
0 0.498762 0.289263 0.036500 0.040224
0 0.543581 0.288846 0.041612 0.044327
0 0.587763 0.288029 0.037775 0.045962
0 0.564075 0.336458 0.037775 0.052532
0 0.609531 0.335649 0.036488 0.041042
0 0.652425 0.337284 0.036500 0.044311
0 0.700769 0.333590 0.039688 0.046795
0 0.743663 0.332356 0.034575 0.045962
0 0.788162 0.333590 0.036500 0.048429
0 0.833944 0.331522 0.038413 0.045929
0 0.119725 0.394744 0.039050 0.045962
0 0.170625 0.392276 0.035850 0.044327
0 0.216725 0.391458 0.044825 0.044327
0 0.264106 0.391458 0.037137 0.045962
0 0.312769 0.390224 0.043537 0.046795
0 0.360144 0.391867 0.038413 0.043510
0 0.452987 0.388998 0.039700 0.045978
