0 0.318398 0.387063 0.019656 0.029604
0 0.319676 0.287807 0.021477 0.030094
0 0.285094 0.311099 0.022938 0.030115
0 0.252875 0.331005 0.021844 0.028156
0 0.219191 0.352115 0.021508 0.029604
0 0.185715 0.373234 0.021477 0.027177
0 0.152410 0.393859 0.022570 0.029615
0 0.155320 0.440693 0.021844 0.030094
0 0.188082 0.421281 0.020383 0.027188
0 0.220297 0.401625 0.023656 0.029604
0 0.252879 0.380271 0.020383 0.029604
0 0.285457 0.359396 0.022211 0.029604
0 0.318766 0.339500 0.021844 0.030583
0 0.352621 0.318385 0.022570 0.031062
0 0.385383 0.296542 0.019656 0.029125
0 0.383563 0.346297 0.019656 0.030573
0 0.351164 0.367167 0.019656 0.027667
0 0.286730 0.407448 0.020383 0.027667
0 0.253242 0.427833 0.019656 0.029604
0 0.221570 0.446036 0.021844 0.030094
0 0.188082 0.467635 0.024023 0.031542
0 0.157320 0.487536 0.020750 0.030573
0 0.382469 0.394344 0.019656 0.026688
0 0.349891 0.413755 0.020750 0.028635
0 0.317855 0.433661 0.021477 0.026698
0 0.287457 0.453802 0.021117 0.028146
0 0.254695 0.473458 0.021109 0.028646
0 0.222664 0.492875 0.021109 0.027667
0 0.190629 0.510828 0.020383 0.028635
0 0.159324 0.530729 0.021117 0.027667
0 0.161508 0.573443 0.021109 0.025719
0 0.192996 0.555000 0.019289 0.024750
0 0.224117 0.536797 0.021844 0.025240
0 0.255609 0.516896 0.020750 0.024271
0 0.286551 0.497969 0.020023 0.025229
0 0.318219 0.478797 0.022203 0.024760
0 0.349707 0.458656 0.021836 0.028146
0 0.381375 0.439479 0.019656 0.027667
0 0.380477 0.483406 0.020766 0.029125
0 0.348250 0.503068 0.019656 0.026698
0 0.317488 0.521755 0.020023 0.027177
0 0.286184 0.540922 0.021477 0.025719
0 0.255789 0.560339 0.018922 0.025719
0 0.225395 0.578292 0.021477 0.027667
0 0.194633 0.596740 0.019656 0.026688
0 0.400305 0.704245 0.018203 0.022323
0 0.398484 0.743323 0.017469 0.022812
0 0.424023 0.761786 0.017875 0.025281
0 0.426570 0.725870 0.017141 0.023344
0 0.428934 0.688500 0.018227 0.025292
0 0.430391 0.650885 0.018234 0.025771
0 0.432754 0.612297 0.018602 0.025281
0 0.435305 0.571771 0.019328 0.025771
0 0.437125 0.530995 0.019328 0.022865
0 0.441137 0.489500 0.020070 0.025292
0 0.452414 0.746010 0.016422 0.022854
0 0.455145 0.708396 0.017508 0.023354
0 0.457328 0.671995 0.018969 0.026260
0 0.458965 0.633896 0.018602 0.025771
0 0.463152 0.594094 0.018961 0.026750
0 0.465883 0.554297 0.019328 0.024802
0 0.469160 0.513755 0.019336 0.026240
0 0.470977 0.470818 0.021516 0.024802
0 0.499371 0.493870 0.020789 0.025281
0 0.495734 0.534880 0.019328 0.025781
0 0.492824 0.576625 0.018602 0.025771
0 0.489910 0.616177 0.018602 0.025292
0 0.486633 0.654063 0.018609 0.024375
0 0.484086 0.691651 0.017875 0.022865
0 0.480809 0.727568 0.017867 0.021885
0 0.477715 0.765182 0.018242 0.023344
0 0.505742 0.747464 0.018234 0.020906
0 0.509203 0.711062 0.019328 0.023833
0 0.512477 0.673693 0.017875 0.023823
0 0.516480 0.637047 0.020055 0.024323
0 0.519211 0.597250 0.018234 0.023354
0 0.522852 0.558177 0.020422 0.028687
0 0.526309 0.517406 0.020055 0.027708
0 0.529949 0.475182 0.018602 0.027719
0 0.556891 0.498964 0.019328 0.025781
0 0.553793 0.540708 0.019695 0.023833
0 0.549410 0.580260 0.018211 0.025292
0 0.587648 0.481005 0.020422 0.025781
0 0.423293 0.169646 0.022977 0.032083
0 0.420926 0.223281 0.021148 0.030625
0 0.418742 0.274969 0.021156 0.032083
0 0.416727 0.324948 0.020766 0.030104
0 0.415469 0.373500 0.021875 0.030146
0 0.412738 0.419604 0.020055 0.027229
0 0.411281 0.464505 0.020062 0.028698
0 0.442766 0.445089 0.021875 0.025781
0 0.445316 0.399953 0.021883 0.029656
0 0.447500 0.353354 0.021156 0.028688
0 0.450414 0.304333 0.024062 0.032563
0 0.452777 0.253615 0.022242 0.029167
0 0.455691 0.202411 0.022242 0.031594
0 0.474437 0.426885 0.020422 0.027229
0 0.476980 0.380302 0.020414 0.029188
0 0.480078 0.332240 0.021516 0.029167
0 0.483176 0.283953 0.019695 0.030635
0 0.486266 0.231776 0.021516 0.031115
0 0.490637 0.178870 0.024430 0.031115
0 0.502285 0.451156 0.020789 0.028208
0 0.506293 0.407229 0.018602 0.026750
0 0.509566 0.360146 0.020789 0.029667
0 0.512840 0.311615 0.020789 0.032562
0 0.517574 0.262594 0.023695 0.029646
0 0.520301 0.209448 0.021148 0.031104
0 0.533773 0.431255 0.020422 0.028198
0 0.538871 0.386859 0.018977 0.027740
0 0.541789 0.339036 0.021891 0.030135
0 0.546695 0.290260 0.021516 0.030625
0 0.550883 0.240750 0.021875 0.030625
0 0.555797 0.187365 0.022969 0.031604
0 0.561258 0.456734 0.019328 0.026740
0 0.566168 0.412573 0.019695 0.030625
0 0.570355 0.365979 0.020789 0.028688
0 0.575453 0.318896 0.021516 0.029646
0 0.580184 0.268901 0.021508 0.029656
0 0.586191 0.218667 0.022602 0.034021
0 0.593473 0.438297 0.018242 0.024802
0 0.598570 0.392427 0.020422 0.028208
0 0.603473 0.346823 0.021492 0.028229
0 0.609133 0.298516 0.021891 0.029656
0 0.614949 0.248521 0.021148 0.027708
0 0.621156 0.197057 0.021844 0.031615
0 0.425840 0.113833 0.023695 0.035000
0 0.427477 0.055104 0.025516 0.035958
0 0.458422 0.146839 0.022609 0.033052
0 0.787008 0.776646 0.015422 0.019583
0 0.793324 0.744625 0.015930 0.021604
0 0.800906 0.707214 0.016937 0.020927
0 0.807859 0.672349 0.018703 0.023240
0 0.814648 0.762526 0.016969 0.020594
0 0.822863 0.727302 0.018727 0.023625
0 0.830082 0.691740 0.017492 0.021271
0 0.837145 0.655698 0.016961 0.021313
0 0.815914 0.635453 0.020500 0.021948
0 0.859137 0.675734 0.016961 0.020927
0 0.851316 0.710781 0.017945 0.021604
0 0.842453 0.747354 0.016453 0.021271
0 0.834504 0.779865 0.015211 0.020896
0 0.862426 0.764521 0.015445 0.018625
0 0.871527 0.730500 0.019492 0.025312
0 0.880250 0.694609 0.017719 0.020927
0 0.888211 0.658880 0.018484 0.022948
0 0.866848 0.638490 0.018227 0.021271
0 0.882773 0.781734 0.016203 0.020594
0 0.890484 0.748870 0.014938 0.022281
0 0.899715 0.714323 0.018227 0.021937
0 0.908055 0.677417 0.016703 0.021604
0 0.916652 0.643026 0.016711 0.022302
0 0.909824 0.766568 0.016211 0.020594
0 0.929160 0.784432 0.015445 0.019240
0 0.919434 0.732359 0.018227 0.020927
0 0.937883 0.750729 0.016203 0.019917
0 0.957602 0.768594 0.017219 0.017896
0 0.967332 0.734380 0.016961 0.020927
0 0.948121 0.716349 0.017977 0.020594
0 0.928527 0.697474 0.019742 0.022615
0 0.975676 0.700167 0.017461 0.019250
0 0.956719 0.681125 0.017469 0.020937
0 0.937504 0.662083 0.016961 0.021271
0 0.986797 0.664943 0.017469 0.022281
0 0.966703 0.645901 0.017719 0.020594
0 0.946855 0.625677 0.018477 0.023292
0 0.976434 0.608318 0.017977 0.020927
0 0.896930 0.622313 0.017719 0.023292
0 0.630543 0.602276 0.018133 0.023031
0 0.685309 0.607188 0.017695 0.023312
0 0.739437 0.610984 0.018141 0.021906
0 0.792430 0.614630 0.017484 0.023031
0 0.871105 0.500740 0.018539 0.024437
0 0.848355 0.478271 0.019383 0.024437
0 0.825078 0.453130 0.019172 0.021906
0 0.966113 0.549750 0.016852 0.021354
0 0.945262 0.527557 0.018961 0.023594
0 0.924090 0.506073 0.018320 0.023312
0 0.902383 0.482922 0.017891 0.023552
0 0.879957 0.459026 0.018539 0.024156
0 0.856996 0.434026 0.019805 0.023031
0 0.976230 0.510708 0.018961 0.025271
0 0.955055 0.488516 0.017906 0.024156
0 0.933570 0.464365 0.018750 0.024708
0 0.911875 0.440766 0.020000 0.025281
0 0.889645 0.415776 0.018117 0.025281
0 0.865840 0.391198 0.019383 0.026688
0 0.986656 0.469562 0.018750 0.025000
0 0.964961 0.445969 0.018328 0.023875
0 0.944090 0.421391 0.020414 0.026969
0 0.921457 0.396672 0.020227 0.024719
0 0.898496 0.371391 0.019805 0.026406
0 0.875953 0.345833 0.021063 0.026958
0 0.975703 0.403130 0.018328 0.024719
0 0.954844 0.378276 0.019172 0.028365
0 0.931461 0.351734 0.018328 0.024719
0 0.833285 0.410010 0.020039 0.025563
0 0.844562 0.369146 0.024016 0.032021
0 0.850676 0.318589 0.020227 0.025281
0 0.908395 0.325469 0.019805 0.025563
0 0.884801 0.297943 0.019805 0.027240
0 0.860785 0.270417 0.021070 0.025562
0 0.986445 0.357208 0.020438 0.026688
0 0.964324 0.331786 0.020008 0.024156
0 0.941574 0.305948 0.020852 0.027521
0 0.918402 0.278703 0.018742 0.025844
0 0.975699 0.285302 0.021273 0.026125
0 0.987496 0.236010 0.021273 0.028083
0 0.952215 0.257635 0.020227 0.026958
0 0.963379 0.208625 0.021070 0.028375
0 0.895125 0.250615 0.020641 0.028646
0 0.928305 0.230109 0.019172 0.027531
0 0.939887 0.178427 0.022539 0.028083
0 0.904184 0.200620 0.021492 0.028094
0 0.870055 0.221401 0.019797 0.027531
0 0.844355 0.191490 0.019805 0.027250
0 0.879957 0.170563 0.020227 0.028083
0 0.889133 0.117599 0.021234 0.034073
0 0.952707 0.124510 0.023508 0.031042
0 0.987973 0.102266 0.021742 0.031719
0 0.925660 0.094849 0.021992 0.031719
0 0.900383 0.061990 0.022500 0.031375
0 0.874328 0.029635 0.023031 0.034062
0 0.963961 0.070411 0.022250 0.032052
0 0.938672 0.037083 0.023281 0.032708
0 0.974832 0.015078 0.021742 0.030156
0 0.809504 0.019182 0.022242 0.033406
0 0.534504 0.041995 0.024789 0.035969
0 0.560902 0.133729 0.022258 0.034021
0 0.566355 0.075974 0.022242 0.034031
0 0.570902 0.017615 0.024789 0.035229
0 0.590195 0.164323 0.021953 0.033021
0 0.596203 0.109224 0.021516 0.031594
0 0.602754 0.052188 0.024430 0.034021
0 0.639695 0.027922 0.024047 0.036927
0 0.633332 0.086167 0.023695 0.035958
0 0.626598 0.140766 0.024055 0.034510
0 0.611570 0.748839 0.016937 0.023281
0 0.615613 0.713781 0.017445 0.023292
0 0.620668 0.677385 0.017445 0.021938
0 0.625219 0.640646 0.016937 0.023958
0 0.634195 0.768052 0.017188 0.023958
0 0.640008 0.733339 0.016688 0.020594
0 0.644684 0.697437 0.017445 0.022958
0 0.649484 0.660703 0.018453 0.022281
0 0.655301 0.623958 0.017445 0.022958
0 0.663266 0.753219 0.016688 0.019917
0 0.668320 0.716984 0.016688 0.020260
0 0.673375 0.680755 0.016688 0.021948
0 0.679191 0.644182 0.017695 0.022281
0 0.685891 0.770750 0.015922 0.019250
0 0.690945 0.736536 0.016437 0.018906
0 0.697012 0.700641 0.017445 0.019927
0 0.702824 0.664234 0.017445 0.020594
0 0.708891 0.627161 0.018453 0.023281
0 0.713695 0.756089 0.015922 0.016885
0 0.720141 0.719516 0.016688 0.021260
0 0.726590 0.684630 0.017945 0.022948
0 0.732656 0.648057 0.017438 0.022615
0 0.736574 0.773443 0.014664 0.017219
0 0.742262 0.739906 0.015930 0.017563
0 0.748961 0.705021 0.016688 0.021271
0 0.755402 0.668620 0.017945 0.021948
0 0.762848 0.631880 0.018680 0.020594
0 0.764633 0.758469 0.016688 0.020979
0 0.771461 0.723896 0.017703 0.022625
0 0.778793 0.687828 0.017695 0.022615
0 0.785109 0.651427 0.018203 0.023292
0 0.769363 0.594130 0.018117 0.023031
0 0.714906 0.589922 0.018328 0.023594
0 0.660660 0.585281 0.018539 0.023875
0 0.635484 0.563516 0.016641 0.022469
0 0.640539 0.523349 0.016641 0.022469
0 0.666348 0.545677 0.018539 0.024438
0 0.690785 0.568849 0.018961 0.022469
0 0.745453 0.572505 0.019172 0.023031
0 0.721031 0.549745 0.017937 0.023010
0 0.696578 0.526859 0.018750 0.024990
0 0.672035 0.504807 0.019805 0.025844
0 0.646336 0.481214 0.018953 0.024719
0 0.823188 0.597786 0.017906 0.023031
0 0.800117 0.576578 0.018953 0.022740
0 0.776313 0.554385 0.018531 0.023312
0 0.752402 0.532760 0.018320 0.023312
0 0.727980 0.509307 0.019195 0.023594
0 0.703320 0.485432 0.019594 0.024719
0 0.677727 0.461979 0.019391 0.026688
0 0.652234 0.438526 0.019375 0.024719
0 0.658027 0.393302 0.019164 0.028083
0 0.683938 0.419703 0.019594 0.026406
0 0.709641 0.443557 0.019172 0.025802
0 0.735230 0.467875 0.018117 0.023875
0 0.760512 0.491609 0.020227 0.023031
0 0.784527 0.514781 0.020227 0.023875
0 0.791797 0.471964 0.018750 0.025802
0 0.767148 0.448917 0.019172 0.025271
0 0.742500 0.424339 0.019594 0.025552
0 0.717012 0.399901 0.020430 0.027240
0 0.690777 0.373219 0.020633 0.028375
0 0.807910 0.536547 0.017695 0.024156
0 0.831082 0.559297 0.017273 0.024156
0 0.845832 0.618849 0.018117 0.021906
0 0.875641 0.601714 0.018328 0.022469
0 0.853727 0.580651 0.018750 0.021906
0 0.815602 0.496661 0.017484 0.023031
0 0.840039 0.519417 0.018750 0.024146
0 0.862367 0.541750 0.018750 0.023312
0 0.884062 0.563516 0.019172 0.022469
0 0.905766 0.584437 0.017906 0.021625
0 0.926512 0.605646 0.018117 0.022479
0 0.986234 0.570536 0.017906 0.022469
0 0.955688 0.589219 0.017063 0.022187
0 0.935363 0.567026 0.017695 0.021635
0 0.915453 0.545536 0.018328 0.023594
0 0.893020 0.523068 0.018539 0.024156
0 0.914715 0.148094 0.020648 0.029771
0 0.975281 0.157224 0.020859 0.028365
0 0.835297 0.243031 0.021063 0.027521
0 0.818445 0.161859 0.021062 0.027531
0 0.800527 0.429719 0.020477 0.023292
0 0.775000 0.405620 0.020984 0.026323
0 0.664156 0.347979 0.020750 0.027667
0 0.749719 0.379495 0.020984 0.026656
0 0.724062 0.353375 0.019719 0.027000
0 0.697520 0.326745 0.020727 0.027677
0 0.670973 0.299443 0.019211 0.028344
0 0.808746 0.384708 0.020227 0.024958
0 0.784223 0.359104 0.020227 0.027667
0 0.758188 0.333151 0.019719 0.028344
0 0.731520 0.305849 0.018961 0.027677
0 0.705230 0.278542 0.020477 0.027000
0 0.817469 0.339208 0.019969 0.029042
0 0.791938 0.313604 0.019969 0.029021
0 0.827188 0.291859 0.019688 0.026656
0 0.766023 0.285120 0.020734 0.030031
0 0.801160 0.263714 0.020727 0.028344
0 0.740238 0.256469 0.021742 0.028000
0 0.677672 0.250401 0.019469 0.027344
0 0.712938 0.227484 0.021734 0.030031
0 0.685512 0.198661 0.020477 0.031719
0 0.774238 0.235568 0.020477 0.030031
0 0.808746 0.214000 0.020727 0.027333
0 0.747316 0.205578 0.020727 0.030031
0 0.720145 0.174901 0.021992 0.031385
0 0.692461 0.143724 0.021734 0.031719
0 0.783211 0.184339 0.019719 0.030698
0 0.756289 0.152151 0.022500 0.032385
0 0.727980 0.121984 0.021992 0.031385
0 0.791176 0.129906 0.021492 0.030375
0 0.827195 0.108839 0.021234 0.031385
0 0.764129 0.097708 0.021992 0.032083
0 0.700680 0.089625 0.022500 0.032729
0 0.735941 0.066036 0.022242 0.032052
0 0.707375 0.032156 0.020734 0.031042
0 0.800277 0.075974 0.020477 0.029698
0 0.772090 0.042443 0.023258 0.032052
0 0.529770 0.098781 0.021148 0.036938
0 0.852855 0.139177 0.023008 0.030708
0 0.836930 0.053391 0.022500 0.031719
0 0.863727 0.085411 0.022500 0.030365
0 0.212469 0.139286 0.023297 0.034948
0 0.248508 0.116719 0.023297 0.036396
0 0.284547 0.091724 0.024750 0.034948
0 0.320582 0.069156 0.022570 0.034458
0 0.356805 0.045859 0.022203 0.033490
0 0.393023 0.019161 0.023297 0.032510
0 0.285094 0.034208 0.024391 0.035438
0 0.247598 0.058474 0.023664 0.036406
0 0.211926 0.082990 0.022930 0.033000
0 0.175887 0.107010 0.023664 0.035437
0 0.211016 0.024500 0.023297 0.037375
0 0.174246 0.048771 0.022570 0.035437
0 0.137301 0.073036 0.025852 0.035427
0 0.177887 0.164286 0.022570 0.033490
0 0.143125 0.186854 0.024391 0.033979
0 0.146035 0.241458 0.023664 0.031542
0 0.179527 0.220344 0.022930 0.032042
0 0.213746 0.196563 0.023664 0.033979
0 0.248875 0.172536 0.025484 0.034469
0 0.284184 0.150453 0.024758 0.034948
0 0.319492 0.125943 0.024031 0.035427
0 0.355531 0.103854 0.024031 0.035917
0 0.391930 0.078620 0.023297 0.033969
0 0.390660 0.136859 0.022930 0.034948
0 0.355168 0.160385 0.024023 0.031521
0 0.320039 0.183453 0.022203 0.034948
0 0.284910 0.204568 0.024023 0.031552
0 0.249602 0.227625 0.023297 0.031062
0 0.216293 0.250438 0.022211 0.031063
0 0.182254 0.272766 0.022570 0.032031
0 0.148039 0.294359 0.021844 0.030573
0 0.141328 0.132979 0.026562 0.035917
0 0.149680 0.346052 0.024391 0.033979
0 0.182984 0.325427 0.023297 0.029604
0 0.217566 0.303339 0.022570 0.030094
0 0.251602 0.280771 0.022203 0.032521
0 0.285457 0.260385 0.021477 0.031542
0 0.320402 0.237089 0.022930 0.030573
0 0.354074 0.215490 0.021836 0.031062
0 0.388473 0.191708 0.021477 0.029125
0 0.387383 0.245823 0.020750 0.029604
0 0.352621 0.266453 0.020383 0.030094
0 0.163145 0.615427 0.020023 0.024271
0 0.164969 0.656453 0.020750 0.026656
0 0.195906 0.636781 0.020750 0.026208
0 0.226113 0.617370 0.020039 0.029115
0 0.256152 0.600625 0.020383 0.024750
0 0.286004 0.581693 0.021836 0.026698
0 0.316945 0.563490 0.019656 0.026208
0 0.347887 0.544562 0.021836 0.027188
0 0.378461 0.526120 0.019656 0.027177
0 0.408668 0.508406 0.019680 0.027667
0 0.408312 0.548932 0.020391 0.027177
0 0.377008 0.567615 0.019656 0.027667
0 0.346613 0.585823 0.020023 0.026208
0 0.316762 0.604505 0.019289 0.024760
0 0.286547 0.622948 0.020750 0.026688
0 0.257078 0.639958 0.017875 0.023833
0 0.225750 0.658854 0.019281 0.023750
0 0.196637 0.675609 0.018570 0.024260
0 0.167695 0.693328 0.017469 0.021844
0 0.168063 0.730214 0.018203 0.026698
0 0.198090 0.715646 0.019305 0.023792
0 0.199547 0.753026 0.018563 0.025719
0 0.227758 0.734583 0.019656 0.024750
0 0.227758 0.697693 0.018203 0.025719
0 0.257418 0.755208 0.016398 0.023292
0 0.255242 0.724635 0.019297 0.026208
0 0.256883 0.681193 0.019656 0.024760
0 0.286184 0.662021 0.017836 0.022333
0 0.285641 0.699635 0.018203 0.023792
0 0.285641 0.737250 0.019656 0.024271
0 0.314215 0.756422 0.017836 0.023781
0 0.315125 0.720990 0.018203 0.024750
0 0.316035 0.682651 0.018570 0.021844
0 0.316219 0.643094 0.019656 0.024271
0 0.345703 0.626349 0.019656 0.023781
0 0.344977 0.665177 0.018203 0.024750
0 0.343883 0.702063 0.017469 0.023792
0 0.342609 0.740406 0.018562 0.022812
0 0.370090 0.759333 0.016742 0.020875
0 0.371184 0.723172 0.016742 0.020385
0 0.372637 0.685318 0.018930 0.024260
0 0.374277 0.647219 0.018570 0.025729
0 0.375371 0.607901 0.019289 0.025719
0 0.405945 0.590187 0.019297 0.027188
0 0.403762 0.630229 0.020023 0.025729
0 0.401941 0.669057 0.017836 0.024760
0 0.545242 0.620062 0.019328 0.022375
0 0.540687 0.657672 0.018969 0.019948
0 0.538141 0.693839 0.018234 0.023344
0 0.534320 0.731432 0.016422 0.020885
0 0.531043 0.766146 0.017148 0.021458
0 0.558527 0.750135 0.016055 0.020438
0 0.562348 0.714708 0.018602 0.022375
0 0.566535 0.677578 0.018961 0.024802
0 0.570723 0.641417 0.017148 0.023354
0 0.574359 0.603318 0.016422 0.022865
0 0.579273 0.563276 0.018969 0.025281
0 0.583281 0.523474 0.018969 0.025281
0 0.461512 0.090057 0.025883 0.035948
0 0.464246 0.031563 0.021883 0.034500
0 0.493352 0.123052 0.025484 0.035000
0 0.497918 0.065781 0.023695 0.035000
0 0.524125 0.155812 0.022969 0.033542
