0 0.619242 0.059155999999999986 0.05995 0.042438
0 0.690174 0.05535000000000001 0.054884 0.041176
0 0.762384 0.05028199999999994 0.050666 0.038638
0 0.836692 0.04616799999999999 0.05405 0.041812
0 0.588842 0.11045600000000011 0.053216 0.041162
0 0.661892 0.10316799999999993 0.05235 0.036738
0 0.737042 0.0993679999999999 0.05405 0.036738
0 0.815158 0.09525600000000001 0.054884 0.042438
0 0.911426 0.038567999999999936 0.051516 0.041812
0 0.631916 0.15383799999999992 0.0532 0.039274
0 0.606576 0.199762 0.056584 0.0361
0 0.70665 0.14559999999999995 0.050666 0.038
0 0.677934 0.19469399999999992 0.054034 0.037362
0 0.750134 0.19152400000000003 0.058266 0.0399
0 0.785184 0.14496799999999999 0.055734 0.043062
0 0.8527 0.13958800000000005 0.050734 0.038624
0 0.822342 0.18835599999999997 0.047284 0.034838
0 0.881874 0.08923799999999993 0.049816 0.038
0 0.954924 0.08321800000000001 0.05235 0.041162
0 0.925366 0.133888 0.0473 0.0399
0 0.898342 0.18107600000000001 0.05235 0.0418
0 0.972234 0.1731560000000001 0.0532 0.034838
0 0.940058 0.22471200000000002 0.058284 0.050674
0 0.954408 0.318762 0.056584 0.0437
0 0.86955 0.23485 0.0608 0.0456
0 0.793542 0.2370620000000001 0.059116 0.042426
0 0.723876 0.24245000000000005 0.054884 0.0418
0 0.650824 0.24561199999999994 0.060816 0.0418
0 0.838716 0.28202400000000005 0.058266 0.0437
0 0.767792 0.286462 0.06165 0.044976
0 0.693892 0.2915319999999999 0.05405 0.042438
0 0.622958 0.294694 0.062484 0.041162
0 0.666024 0.3387180000000001 0.059116 0.040538
0 0.739492 0.335232 0.059116 0.048762
0 0.80705 0.33048199999999994 0.055734 0.043062
0 0.884316 0.32636200000000004 0.0684 0.0475
0 0.9219 0.3672120000000001 0.0625 0.0456
0 0.96835 0.40775000000000006 0.057434 0.0456
0 0.8497 0.3684879999999999 0.059966 0.0418
0 0.77665 0.376082 0.0625 0.048138
0 0.71205 0.38083200000000006 0.065034 0.048762
0 0.633516 0.3814679999999999 0.063334 0.042438
0 0.680384 0.425168 0.0625 0.039912
0 0.75385 0.42136799999999996 0.0608 0.041162
0 0.821408 0.4172499999999999 0.057416 0.0418
0 0.896566 0.413138 0.0591 0.0437
0 0.936684 0.45461799999999997 0.063334 0.046862
0 0.864484 0.4619 0.0608 0.0513
0 0.795234 0.4644379999999999 0.065866 0.046226
0 0.72345 0.46918799999999994 0.054034 0.043076
0 0.653784 0.47140000000000004 0.058266 0.0437
0 0.696008 0.516688 0.056584 0.043076
0 0.768634 0.5135259999999999 0.058266 0.0456
0 0.83745 0.5049680000000001 0.055734 0.044962
0 0.90755 0.5021260000000001 0.0608 0.0456
0 0.952724 0.540756 0.058284 0.041812
0 0.878834 0.5486759999999999 0.0591 0.041176
0 0.809166 0.5502560000000001 0.058266 0.045612
0 0.738226 0.555326 0.05995 0.046876
0 0.669826 0.5613440000000001 0.066716 0.042438
0 0.709092 0.604406 0.05235 0.038638
0 0.780458 0.6012439999999999 0.056584 0.042438
0 0.850126 0.596806 0.05405 0.044962
0 0.922324 0.5939559999999999 0.056584 0.044338
0 0.6787 0.646212 0.050666 0.0399
0 0.750466 0.643038 0.050666 0.0361
0 0.722608 0.689276 0.05405 0.0399
0 0.696434 0.7345619999999999 0.0608 0.044326
0 0.8231 0.635124 0.055734 0.039274
0 0.793966 0.686426 0.058266 0.0456
0 0.7623 0.725382 0.055734 0.042438
0 0.732742 0.768762 0.047284 0.038
0 0.7129 0.814362 0.058266 0.038
0 0.748358 0.8583879999999999 0.056584 0.0475
0 0.782558 0.812462 0.048984 0.038
0 0.808316 0.768762 0.059966 0.039276
0 0.8307 0.722526 0.050666 0.038
0 0.858566 0.681994 0.055734 0.039262
0 0.89065 0.631956 0.055734 0.044338
0 0.962016 0.630056 0.058266 0.043062
0 0.931192 0.678512 0.059116 0.0437
0 0.904592 0.7203120000000001 0.054884 0.041176
0 0.872924 0.764332 0.05405 0.043062
0 0.84675 0.807712 0.0456 0.0361
0 0.8231 0.8549 0.057434 0.046876
0 0.888542 0.8441320000000001 0.056584 0.040538
0 0.917258 0.8045439999999999 0.05995 0.042438
0 0.946808 0.7599 0.056584 0.0494
0 0.956524 0.8453999999999999 0.048984 0.032924
0 0.9295 0.877068 0.052366 0.035462
0 0.866166 0.881818 0.054034 0.031038
0 0.795566 0.885926 0.0608 0.036474
0 0.725642 0.8891180000000001 0.06445 0.044688
0 0.768208 0.9297059999999999 0.059584 0.038312
0 0.7445 0.969838 0.0535 0.04195
0 0.833876 0.9256 0.062016 0.0447
0 0.808342 0.9716560000000001 0.05715 0.041962
0 0.904408 0.9228620000000001 0.054716 0.042874
0 0.878266 0.9684680000000001 0.058366 0.044688
0 0.942716 0.961168 0.055934 0.041038
