0 0.7517579999999999 0.24868 0.07164 0.106498
0 0.664218 0.39335 0.077656 0.10873
0 0.5926180000000001 0.513808 0.067266 0.103148
0 0.7483200000000001 0.514366 0.076796 0.113198
0 0.8401559999999999 0.120964 0.070782 0.104264
0 0.9164840000000001 0.250406 0.071562 0.100812
0 0.831132 0.387716 0.088828 0.12
0 0.914766 0.521016 0.075 0.113096
0 0.832382 0.656092 0.072422 0.107512
0 0.914766 0.791776 0.076718 0.118782
0 0.745274 0.778324 0.07414 0.100812
0 0.658164 0.654974 0.068984 0.109746
0 0.508554 0.652234 0.083672 0.10873
0 0.58832 0.782234 0.070704 0.106396
0 0.4192579999999999 0.779442 0.070704 0.103046
0 0.33386800000000005 0.6533 0.07414 0.099898
0 0.2501960000000001 0.781116 0.07586 0.097462
0 0.16742199999999996 0.656092 0.0725 0.105482
0 0.08199200000000006 0.785584 0.063828 0.099696
0 0.16570400000000007 0.11198 0.08625 0.106598
0 0.082422 0.244214 0.064688 0.10873
0 0.1652340000000001 0.383248 0.066406 0.095228
0 0.0794140000000001 0.518782 0.065546 0.099898
0 0.34163999999999994 0.10802 0.0725 0.100914
0 0.2562500000000001 0.251522 0.070782 0.100812
0 0.339024 0.382588 0.067266 0.098782
0 0.24890600000000007 0.517664 0.071562 0.099898
0 0.5063679999999999 0.114822 0.067266 0.10538
0 0.41754 0.242538 0.058672 0.094214
0 0.5076560000000001 0.381472 0.068124 0.103248
0 0.41968800000000006 0.515482 0.068124 0.115432
0 0.6672260000000001 0.118122 0.07164 0.11665
0 0.5947659999999999 0.248122 0.073282 0.109644
