0 0.40405 0.08698199999999989 0.092366 0.067712
0 0.139416 0.08192599999999994 0.094434 0.0685
0 0.286258 0.22902599999999995 0.091316 0.076274
0 0.506792 0.21501799999999993 0.10065 0.076288
0 0.621984 0.0780320000000001 0.094434 0.068488
0 0.723166 0.19906200000000007 0.099634 0.0755
0 0.832658 0.06207600000000002 0.09445 0.067724
0 0.946292 0.182326 0.091316 0.074724
0 0.848226 0.33604999999999996 0.098584 0.070826
0 0.612642 0.3469439999999999 0.106884 0.078612
0 0.735108 0.5026120000000001 0.11105 0.0864
0 0.381216 0.366406 0.100666 0.078612
