0 0.18751600000000002 0.3767499999999999 0.106934 0.082026
0 0.311466 0.277412 0.102066 0.0729
0 0.4232499999999999 0.18901199999999996 0.102066 0.0638
0 0.519242 0.10881199999999991 0.094784 0.0638
0 0.6176740000000001 0.03681800000000002 0.087484 0.061962
0 0.7950839999999999 0.04866199999999998 0.0875 0.06015
0 0.7063740000000001 0.12707599999999997 0.089916 0.06385
0 0.6152500000000001 0.21088799999999996 0.102166 0.074724
0 0.5071000000000001 0.3056620000000001 0.099634 0.074726
0 0.39287399999999995 0.403176 0.10935 0.0802
0 0.6067340000000001 0.43416199999999994 0.109366 0.07655
0 0.7136659999999999 0.329356 0.109366 0.071088
0 0.809666 0.23548799999999992 0.1118 0.07655
0 0.8971499999999999 0.1479999999999999 0.106934 0.061976
0 0.8376079999999999 0.46332400000000007 0.119084 0.08385
0 0.9299580000000001 0.3567 0.10935 0.074724
0 0.4898 0.5458000000000001 0.119066 0.1
0 0.6014740000000001 0.724138 0.127584 0.098874
0 0.7250080000000001 0.5882000000000001 0.119484 0.08825
0 0.2640420000000001 0.519682 0.122484 0.089238
0 0.86375 0.874512 0.166166 0.1171
0 0.1279760000000001 0.052311999999999914 0.094784 0.05285
0 0.295666 0.07053799999999999 0.085066 0.0565
0 0.19237400000000004 0.14618200000000003 0.087484 0.065612
0 0.07329999999999992 0.23184399999999994 0.102066 0.065612
