0 0.182750 0.624057 0.017297 0.028115
0 0.007816 0.037865 0.015633 0.039687
0 0.044461 0.032927 0.018344 0.037917
0 0.087051 0.027391 0.024023 0.041990
0 0.133574 0.023318 0.023586 0.043156
0 0.114133 0.060885 0.020531 0.041417
0 0.095547 0.095245 0.021016 0.042573
0 0.079187 0.127865 0.019656 0.040250
0 0.055383 0.098448 0.017469 0.035000
0 0.015633 0.098448 0.020969 0.037333
0 0.040094 0.125240 0.018344 0.038500
0 0.025242 0.154948 0.017469 0.033833
0 0.012137 0.181740 0.018352 0.038500
0 0.048828 0.184646 0.019219 0.037333
0 0.034852 0.212021 0.016594 0.037333
0 0.020875 0.234156 0.018344 0.035000
0 0.009516 0.259203 0.017469 0.035010
0 0.186863 0.018953 0.024461 0.037906
0 0.163059 0.057099 0.025773 0.048990
0 0.142313 0.092630 0.021844 0.044323
0 0.121781 0.128156 0.020969 0.040833
0 0.103867 0.159026 0.019219 0.041990
0 0.086836 0.187854 0.020969 0.037917
0 0.444656 0.385708 0.025484 0.040854
0 0.485758 0.354964 0.027609 0.046510
0 0.531422 0.319578 0.029719 0.048531
0 0.582223 0.282974 0.031242 0.052177
0 0.337723 0.395411 0.021539 0.034385
0 0.369121 0.369932 0.023055 0.037615
0 0.404312 0.340000 0.024266 0.040042
0 0.443137 0.307849 0.026695 0.043677
0 0.485000 0.272255 0.027906 0.046115
0 0.531414 0.230594 0.032156 0.052583
0 0.584656 0.187922 0.033062 0.052177
0 0.333633 0.325443 0.024875 0.043281
0 0.366086 0.294703 0.025484 0.039240
0 0.400520 0.261536 0.027602 0.045698
0 0.441168 0.224328 0.028820 0.047323
0 0.484547 0.182661 0.031250 0.052990
0 0.533687 0.136354 0.032453 0.055000
0 0.328320 0.254458 0.023359 0.042063
0 0.362293 0.216437 0.025180 0.044500
0 0.398547 0.179833 0.027906 0.048937
0 0.438590 0.136349 0.030336 0.050156
0 0.483941 0.088224 0.031242 0.054198
0 0.534902 0.034427 0.034273 0.060667
0 0.437527 0.042109 0.028211 0.053385
0 0.394906 0.091453 0.026687 0.049344
0 0.357289 0.135141 0.025484 0.044490
0 0.324227 0.176193 0.025484 0.048135
0 0.318008 0.093880 0.026391 0.050156
0 0.353195 0.048984 0.026391 0.049344
0 0.587855 0.084333 0.039695 0.062146
0 0.649516 0.028135 0.038406 0.055438
0 0.712402 0.079719 0.040945 0.066333
0 0.644465 0.137589 0.037164 0.057948
0 0.778453 0.135490 0.045984 0.068854
0 0.860855 0.073427 0.049758 0.077250
0 0.939797 0.135911 0.059187 0.074719
0 0.846703 0.196297 0.046609 0.066344
0 0.704539 0.190849 0.039062 0.057115
0 0.638496 0.240750 0.035289 0.052917
0 0.769332 0.248714 0.042836 0.060469
0 0.920613 0.260042 0.047242 0.068021
0 0.836004 0.309943 0.047867 0.060469
0 0.697309 0.294427 0.038430 0.054604
0 0.635977 0.335099 0.034031 0.053760
0 0.907086 0.373682 0.050391 0.067177
0 0.651879 0.980526 0.029852 0.038948
0 0.702477 0.978281 0.033484 0.042229
0 0.965410 0.975026 0.044773 0.048052
0 0.150738 0.367646 0.022445 0.040083
0 0.170156 0.347224 0.021234 0.039677
0 0.191387 0.321536 0.022445 0.043323
0 0.212625 0.296458 0.021844 0.040896
0 0.237348 0.267948 0.023961 0.042104
0 0.264195 0.237005 0.024266 0.047365
0 0.158324 0.423865 0.022445 0.036042
0 0.176828 0.403849 0.022453 0.034010
0 0.198363 0.382005 0.020023 0.040490
0 0.220359 0.357943 0.022141 0.038469
0 0.244020 0.332859 0.021539 0.041698
0 0.269047 0.306776 0.023656 0.044531
0 0.113543 0.523083 0.016242 0.032333
0 0.130293 0.509036 0.017289 0.032885
0 0.146305 0.492750 0.017719 0.032333
0 0.164844 0.475875 0.017719 0.032375
0 0.184855 0.457500 0.019398 0.034854
0 0.135352 0.557479 0.014766 0.030375
0 0.153363 0.542745 0.016664 0.031198
0 0.170422 0.527438 0.019187 0.033729
0 0.190859 0.511703 0.018344 0.032052
0 0.210555 0.494854 0.019406 0.032604
0 0.232883 0.475891 0.018563 0.035698
0 0.126711 0.613380 0.016453 0.029802
0 0.142828 0.601870 0.017078 0.030927
0 0.158418 0.589927 0.018773 0.030083
0 0.176535 0.575885 0.018352 0.029521
0 0.195492 0.561281 0.017078 0.031771
0 0.148305 0.646245 0.015406 0.026990
0 0.165684 0.635719 0.015195 0.028958
0 0.201277 0.612125 0.015211 0.028958
0 0.221297 0.597234 0.017719 0.031760
0 0.242363 0.584031 0.019398 0.034583
0 0.266062 0.568870 0.022562 0.036823
0 0.152625 0.687677 0.015188 0.024458
0 0.169582 0.679391 0.016664 0.026990
0 0.188543 0.667734 0.015820 0.032323
0 0.205922 0.658469 0.017297 0.030083
0 0.226145 0.647229 0.016445 0.027833
0 0.247211 0.634594 0.018141 0.030083
0 0.159152 0.729672 0.013508 0.027552
0 0.175270 0.721385 0.016664 0.028958
0 0.132938 0.389344 0.017063 0.036229
0 0.031828 0.560099 0.016625 0.027281
0 0.043301 0.547339 0.014742 0.026969
0 0.054676 0.535115 0.013898 0.026688
0 0.066898 0.521906 0.014328 0.028396
0 0.080168 0.507729 0.015164 0.028646
0 0.093547 0.493266 0.016641 0.028927
0 0.107129 0.477115 0.016008 0.031458
0 0.123246 0.460542 0.016227 0.031458
0 0.038785 0.596677 0.014570 0.025771
0 0.050898 0.586615 0.012109 0.026708
0 0.061520 0.576198 0.012992 0.026000
0 0.073457 0.563792 0.014742 0.027417
0 0.086449 0.551625 0.015102 0.027875
0 0.098910 0.537927 0.016148 0.027646
0 0.044840 0.634948 0.012289 0.025063
0 0.057395 0.624885 0.013164 0.026479
0 0.068895 0.616693 0.012992 0.027885
0 0.080215 0.605339 0.014570 0.026240
0 0.093469 0.594219 0.015453 0.029750
0 0.106172 0.584021 0.014219 0.027208
0 0.121207 0.569760 0.014039 0.027646
0 0.062309 0.662219 0.015977 0.023896
0 0.074250 0.654495 0.015625 0.026240
0 0.086098 0.645365 0.014742 0.027167
0 0.099789 0.636240 0.014750 0.027646
0 0.057832 0.705172 0.014039 0.027406
0 0.068895 0.698266 0.012289 0.028115
0 0.080480 0.691714 0.012992 0.024365
0 0.092328 0.683167 0.011766 0.025542
0 0.104703 0.674271 0.014750 0.026000
0 0.118223 0.666661 0.015445 0.027177
0 0.133672 0.657182 0.015453 0.027406
0 0.112344 0.624536 0.014922 0.028115
0 0.064258 0.740979 0.012109 0.023667
0 0.075035 0.734547 0.013695 0.025302
0 0.086797 0.727521 0.013344 0.024833
0 0.098824 0.720734 0.013867 0.025302
0 0.111465 0.713245 0.013164 0.025302
0 0.124102 0.705984 0.014922 0.027177
0 0.138320 0.697214 0.015625 0.026469
0 0.080730 0.768578 0.011039 0.022781
0 0.091449 0.763453 0.013164 0.024135
0 0.103039 0.755026 0.012813 0.025531
0 0.116555 0.748703 0.013172 0.025073
0 0.130602 0.744375 0.014922 0.024375
0 0.274195 0.946844 0.019484 0.025771
0 0.255938 0.946021 0.014922 0.026479
0 0.320895 0.982536 0.017727 0.027885
0 0.300707 0.983005 0.016680 0.027885
0 0.525648 0.983099 0.022453 0.033573
0 0.564023 0.982094 0.023969 0.033979
0 0.565844 0.928703 0.025781 0.035594
0 0.525801 0.931328 0.023352 0.033573
0 0.488945 0.932948 0.022453 0.034375
0 0.455121 0.936589 0.022148 0.034385
0 0.424180 0.938609 0.020938 0.034385
0 0.395359 0.939016 0.019109 0.033573
0 0.367754 0.941849 0.020930 0.033573
0 0.365176 0.896547 0.018805 0.031135
0 0.392785 0.892708 0.020023 0.033167
0 0.421609 0.888661 0.022438 0.033969
0 0.454820 0.885828 0.019109 0.032365
0 0.487730 0.878750 0.022445 0.035187
0 0.525043 0.874505 0.026086 0.034781
0 0.565691 0.869448 0.026695 0.034375
0 0.567512 0.808375 0.026695 0.036000
0 0.527621 0.815250 0.026992 0.040042
0 0.488188 0.823135 0.022750 0.033167
0 0.452844 0.830620 0.021844 0.032760
0 0.420844 0.837089 0.022141 0.031948
0 0.390520 0.843766 0.021508 0.033969
0 0.362902 0.850031 0.022758 0.031958
0 0.359566 0.800281 0.020930 0.031146
0 0.388539 0.792599 0.021234 0.034385
0 0.419176 0.783906 0.022445 0.033167
0 0.451937 0.773385 0.024875 0.036396
0 0.488793 0.765703 0.022758 0.033969
0 0.527164 0.756193 0.024875 0.037615
0 0.568270 0.744266 0.025180 0.040448
0 0.570395 0.677938 0.026992 0.038021
0 0.526863 0.691885 0.027305 0.040042
0 0.487582 0.705234 0.024570 0.036802
0 0.450266 0.716964 0.023359 0.035990
0 0.417809 0.729500 0.022758 0.036000
0 0.386109 0.739208 0.020625 0.035187
0 0.357441 0.749932 0.018508 0.035594
0 0.353801 0.695932 0.021539 0.035198
0 0.384129 0.684813 0.022164 0.033167
0 0.414773 0.671057 0.023359 0.038010
0 0.448445 0.656495 0.025781 0.036406
0 0.486973 0.641130 0.025789 0.039635
0 0.527926 0.624948 0.025180 0.037208
0 0.572516 0.607760 0.029422 0.044083
0 0.574945 0.532526 0.027609 0.044094
0 0.529137 0.554974 0.027602 0.039635
0 0.486516 0.574385 0.025484 0.038021
0 0.448902 0.594615 0.022445 0.036396
0 0.413410 0.610182 0.024273 0.036802
0 0.382926 0.626771 0.020930 0.035188
0 0.351375 0.641125 0.022141 0.036396
0 0.576156 0.453859 0.030641 0.045302
0 0.529281 0.481568 0.027313 0.041656
0 0.487430 0.505630 0.024266 0.038010
0 0.448297 0.527875 0.024266 0.039646
0 0.411285 0.548703 0.023055 0.037615
0 0.378664 0.566500 0.022172 0.035187
0 0.347281 0.582885 0.023656 0.041250
0 0.344246 0.522615 0.024273 0.038021
0 0.376098 0.505026 0.024273 0.038427
0 0.409770 0.481562 0.025477 0.040042
0 0.445719 0.457094 0.025781 0.039646
0 0.485305 0.430396 0.026094 0.042875
0 0.530047 0.403703 0.030031 0.043677
0 0.579039 0.371146 0.032156 0.049750
0 0.341215 0.460734 0.023055 0.038823
0 0.372609 0.438490 0.022141 0.042062
0 0.407039 0.413208 0.024875 0.040854
0 0.758633 0.351458 0.039062 0.056271
0 0.690387 0.389198 0.039695 0.057958
0 0.630316 0.424005 0.032773 0.050406
0 0.824055 0.414359 0.049125 0.062990
0 0.748316 0.449734 0.040414 0.057385
0 0.682793 0.479432 0.036227 0.052490
0 0.626965 0.507396 0.033602 0.046896
0 0.622508 0.586021 0.033078 0.047604
0 0.677285 0.565755 0.034648 0.048990
0 0.741238 0.540594 0.038836 0.053188
0 0.810695 0.511589 0.045656 0.058073
0 0.890633 0.478740 0.046187 0.059479
0 0.962691 0.548276 0.050867 0.060177
0 0.876480 0.577635 0.044086 0.055979
0 0.798898 0.602443 0.040937 0.052490
0 0.732328 0.623760 0.035703 0.050396
0 0.672836 0.643682 0.034125 0.046906
0 0.619363 0.661505 0.029930 0.043406
0 0.617004 0.730344 0.034648 0.046896
0 0.667066 0.717422 0.034117 0.047594
0 0.725250 0.704490 0.035172 0.049687
0 0.297020 0.944271 0.017727 0.031854
0 0.318352 0.941578 0.017203 0.030219
0 0.312379 0.855438 0.020008 0.033021
0 0.315539 0.899208 0.017203 0.031625
0 0.293508 0.902016 0.017734 0.030219
0 0.272266 0.904474 0.016328 0.029990
0 0.252781 0.907870 0.016672 0.028823
0 0.234875 0.910448 0.016328 0.027875
0 0.217406 0.913021 0.015797 0.027875
0 0.261473 0.777844 0.017555 0.028583
0 0.239609 0.784542 0.017031 0.027833
0 0.221355 0.791891 0.016680 0.028573
0 0.208102 0.837531 0.015797 0.028583
0 0.225395 0.831911 0.016320 0.027177
0 0.244266 0.826297 0.015797 0.027635
0 0.264457 0.821380 0.016852 0.030448
0 0.285785 0.816354 0.018086 0.029750
0 0.289563 0.859536 0.017906 0.029510
0 0.269020 0.864568 0.016852 0.028344
0 0.248656 0.867375 0.015094 0.027875
0 0.230137 0.871802 0.015273 0.026521
0 0.214074 0.876271 0.016852 0.026938
0 0.196082 0.878964 0.015273 0.027177
0 0.180277 0.881068 0.014570 0.022031
0 0.202750 0.797276 0.014922 0.028115
0 0.197133 0.756781 0.014922 0.028583
0 0.181246 0.763448 0.015445 0.027875
0 0.186070 0.803125 0.015625 0.028583
0 0.192480 0.841979 0.015102 0.026708
0 0.164742 0.769771 0.014391 0.026000
0 0.170094 0.808276 0.014922 0.023906
0 0.176063 0.847130 0.014922 0.028115
0 0.160617 0.849589 0.013875 0.029281
0 0.155437 0.812839 0.014391 0.025073
0 0.146660 0.855318 0.014398 0.026240
0 0.142184 0.819161 0.015977 0.026469
0 0.128141 0.822672 0.015266 0.026010
0 0.116293 0.827120 0.013695 0.026469
0 0.149996 0.775969 0.014039 0.025771
0 0.136570 0.782177 0.013516 0.027875
0 0.123137 0.786391 0.013695 0.027885
0 0.110672 0.792708 0.011938 0.026937
0 0.098473 0.798328 0.013523 0.024594
0 0.086887 0.802188 0.013523 0.023896
0 0.145348 0.738292 0.015273 0.026708
0 0.116191 0.410547 0.016430 0.033135
0 0.100703 0.428380 0.017906 0.032865
0 0.086488 0.447484 0.016852 0.030052
0 0.071953 0.463214 0.014750 0.030052
0 0.060469 0.478521 0.015375 0.029771
0 0.047934 0.493125 0.015586 0.029771
0 0.036137 0.507307 0.015586 0.031177
0 0.025605 0.519531 0.015164 0.029208
0 0.017629 0.478505 0.016414 0.030094
0 0.029098 0.462755 0.016055 0.033531
0 0.041293 0.447953 0.016414 0.034990
0 0.053668 0.432641 0.014961 0.029615
0 0.064953 0.415896 0.017875 0.033000
0 0.079328 0.398448 0.016781 0.035000
0 0.094437 0.378766 0.016422 0.037365
0 0.109906 0.359130 0.016781 0.035969
0 0.126469 0.337292 0.017875 0.035000
0 0.143766 0.311813 0.020422 0.038396
0 0.163977 0.285844 0.020766 0.038875
0 0.183805 0.260583 0.021156 0.040771
0 0.207102 0.229536 0.023328 0.042760
0 0.192332 0.713099 0.016664 0.028677
0 0.211293 0.703969 0.016664 0.028958
0 0.230566 0.693995 0.017711 0.031490
0 0.252266 0.684307 0.017719 0.031198
0 0.274488 0.673354 0.019195 0.034021
0 0.297980 0.662396 0.019398 0.031208
0 0.216137 0.747224 0.015820 0.030073
0 0.235520 0.740063 0.017930 0.031479
0 0.256488 0.732359 0.018586 0.032844
0 0.277965 0.722224 0.020242 0.032885
0 0.301875 0.711974 0.020031 0.034302
0 0.281969 0.770396 0.018984 0.030917
0 0.305035 0.761406 0.019617 0.032042
0 0.309039 0.809859 0.019188 0.034010
0 0.050574 0.318844 0.018961 0.034021
0 0.064770 0.296036 0.017508 0.033052
0 0.078602 0.273688 0.020422 0.035917
0 0.094621 0.247500 0.019695 0.036938
0 0.111547 0.221531 0.019328 0.037417
0 0.130477 0.193354 0.020781 0.037375
0 0.149586 0.161109 0.020422 0.042760
0 0.170336 0.127370 0.021875 0.044219
0 0.011992 0.438255 0.013828 0.027240
0 0.021836 0.421250 0.016016 0.028125
0 0.033465 0.404974 0.016055 0.030573
0 0.045297 0.387042 0.015688 0.033542
0 0.058766 0.368099 0.014969 0.032552
0 0.072598 0.347724 0.018602 0.034510
0 0.086063 0.328286 0.017875 0.032510
0 0.103176 0.313266 0.017148 0.035490
0 0.118465 0.280750 0.020055 0.040333
0 0.138301 0.253057 0.019695 0.040281
0 0.157230 0.226630 0.021148 0.040823
0 0.178523 0.194573 0.022969 0.040771
0 0.199820 0.161589 0.023328 0.044698
0 0.225305 0.127130 0.024063 0.042760
0 0.258062 0.165229 0.025516 0.050042
0 0.231855 0.199937 0.022602 0.043729
0 0.790254 0.686667 0.040414 0.055979
0 0.863637 0.668844 0.044602 0.058083
0 0.944887 0.646479 0.048805 0.056688
0 0.928637 0.738036 0.046711 0.056677
0 0.850270 0.752016 0.044086 0.053885
0 0.070453 0.217266 0.019656 0.038490
0 0.058656 0.240854 0.017906 0.034417
0 0.042598 0.264766 0.018789 0.032135
0 0.030867 0.289839 0.015953 0.029698
0 0.017598 0.310396 0.015195 0.030375
0 0.007160 0.330286 0.014320 0.029698
0 0.013805 0.375958 0.018734 0.030708
0 0.026066 0.356406 0.016461 0.031375
0 0.037109 0.339406 0.017188 0.032354
0 0.215297 0.548771 0.019406 0.034021
0 0.782387 0.767042 0.038320 0.050396
0 0.719750 0.777875 0.037781 0.048292
0 0.662613 0.788359 0.035695 0.048302
0 0.613074 0.800240 0.030977 0.042708
0 0.611504 0.864187 0.027836 0.037812
0 0.659203 0.856156 0.030984 0.042708
0 0.712410 0.850214 0.035695 0.044802
0 0.773215 0.843922 0.037789 0.046198
0 0.840047 0.833438 0.042516 0.051792
0 0.915270 0.824349 0.048273 0.058781
0 0.900066 0.904729 0.047227 0.058771
0 0.888797 0.974010 0.043562 0.051979
0 0.829828 0.908573 0.039891 0.049688
0 0.764563 0.913813 0.035172 0.053187
0 0.818297 0.976016 0.039891 0.046198
0 0.757445 0.977854 0.035672 0.044292
0 0.707027 0.917125 0.031664 0.042229
0 0.655699 0.921495 0.030945 0.042219
0 0.609289 0.924891 0.028391 0.037365
0 0.604738 0.981438 0.026570 0.035917
0 0.269824 0.622901 0.020789 0.034469
0 0.294031 0.610036 0.022609 0.036885
0 0.289297 0.553224 0.021875 0.037906
0 0.236875 0.532380 0.020422 0.033010
0 0.261449 0.515151 0.020789 0.036406
0 0.284566 0.496224 0.022602 0.041260
0 0.255805 0.457151 0.020422 0.036885
0 0.280379 0.436276 0.021508 0.039802
0 0.204301 0.439193 0.020055 0.034948
0 0.225773 0.419047 0.021516 0.036406
0 0.250348 0.396479 0.021883 0.040771
0 0.276012 0.373422 0.022242 0.038344
0 0.251438 0.088031 0.025516 0.051937
0 0.192832 0.091432 0.022602 0.042219
0 0.218133 0.052115 0.021516 0.044167
0 0.371105 0.985990 0.019086 0.028021
0 0.396727 0.984979 0.018813 0.030042
0 0.423727 0.984120 0.021234 0.031552
0 0.455273 0.983510 0.021844 0.030333
0 0.487883 0.983969 0.022141 0.032062
