0 0.506760 0.408029 0.049686 0.077771
0 0.426969 0.409229 0.049686 0.081314
0 0.352613 0.609429 0.057840 0.096571
0 0.390244 0.511714 0.058537 0.086286
0 0.348084 0.408486 0.048780 0.080171
0 0.279094 0.611143 0.059930 0.096571
0 0.315157 0.511429 0.062369 0.094857
0 0.236585 0.513143 0.056446 0.091429
0 0.269686 0.409057 0.051498 0.081314
0 0.188293 0.410086 0.053798 0.080400
0 0.618449 0.513057 0.055157 0.093543
0 0.543850 0.512314 0.058432 0.092057
0 0.466864 0.513086 0.055610 0.082971
0 0.431742 0.608029 0.063833 0.094914
0 0.504007 0.610286 0.061533 0.094971
0 0.576498 0.615514 0.064286 0.098000
0 0.581533 0.409429 0.053659 0.084000
0 0.101254 0.411057 0.051150 0.080743
0 0.814843 0.404257 0.068990 0.093771
0 0.724077 0.612857 0.060279 0.084571
0 0.770767 0.514857 0.063763 0.094286
0 0.738362 0.408543 0.063763 0.091943
0 0.659251 0.408057 0.057456 0.089714
0 0.651045 0.612514 0.050174 0.085943
0 0.691620 0.511714 0.051045 0.089714
