0 0.189558 0.603988 0.059883 0.035463
0 0.823321 0.991044 0.048642 0.017913
0 0.908067 0.979234 0.047883 0.034206
0 0.983483 0.959569 0.033033 0.042750
0 0.976850 0.888881 0.042567 0.032488
0 0.892863 0.846988 0.053958 0.033063
0 0.968867 0.829316 0.046367 0.029644
0 0.900842 0.909406 0.044083 0.034775
0 0.822937 0.931069 0.043325 0.034775
0 0.743513 0.950450 0.045608 0.035913
0 0.661046 0.971541 0.050925 0.040469
0 0.430371 0.807653 0.050158 0.042181
0 0.049029 0.279647 0.027492 0.010769
0 0.114242 0.253763 0.025967 0.010762
0 0.184496 0.229937 0.024742 0.008012
0 0.254596 0.211953 0.026275 0.010081
0 0.330375 0.197075 0.029917 0.008725
0 0.406096 0.185150 0.023825 0.008250
0 0.564362 0.168969 0.020508 0.005963
0 0.643729 0.167247 0.022275 0.007556
0 0.723358 0.166781 0.021383 0.006625
0 0.802200 0.171291 0.024217 0.007156
0 0.884125 0.180369 0.026517 0.008087
0 0.962125 0.193253 0.028150 0.011219
0 0.961029 0.535509 0.071692 0.033981
0 0.782892 0.580869 0.073450 0.039587
0 0.044829 0.570806 0.071692 0.038600
0 0.578583 0.611712 0.080050 0.042550
0 0.372075 0.618475 0.057617 0.032325
