0 0.3864019999999999 0.05548799999999998 0.026754 0.034376
0 0.4116280000000001 0.054511999999999894 0.026772 0.034376
0 0.43721600000000005 0.053512000000000004 0.026772 0.034376
0 0.4639040000000001 0.052537999999999974 0.026754 0.034376
0 0.49094400000000005 0.05203800000000003 0.026772 0.034376
0 0.5128760000000001 0.05105000000000004 0.026754 0.0344
0 0.537002 0.04906199999999994 0.026754 0.034376
0 0.5607580000000001 0.05006200000000005 0.026754 0.034376
0 0.5837920000000001 0.048588000000000076 0.026754 0.034376
0 0.39095199999999997 0.23346200000000006 0.026754 0.034376
0 0.4183619999999999 0.2300120000000001 0.026772 0.034376
0 0.44394 0.22951199999999994 0.026754 0.034376
0 0.46952799999999995 0.22803799999999996 0.026754 0.034376
0 0.4932939999999999 0.2265379999999999 0.026772 0.034376
0 0.5181500000000001 0.22456199999999993 0.026754 0.034376
0 0.542276 0.22161199999999992 0.026754 0.034376
0 0.566762 0.21913800000000005 0.026772 0.034376
0 0.590878 0.21913800000000005 0.026754 0.034376
0 0.612452 0.21766200000000002 0.026754 0.034376
0 0.6358379999999999 0.2156880000000001 0.026754 0.034376
0 0.6585019999999999 0.214688 0.026754 0.034376
0 0.680434 0.2107380000000001 0.026772 0.034376
0 0.703098 0.21123800000000004 0.026772 0.034376
0 0.3935059999999999 0.27791199999999994 0.026754 0.034374
0 0.417632 0.27543800000000007 0.026754 0.034374
0 0.44321999999999995 0.2729619999999999 0.026754 0.034374
0 0.46734600000000004 0.2705120000000001 0.026754 0.034376
0 0.4929319999999999 0.26853799999999994 0.026754 0.034374
0 0.5177799999999999 0.26656199999999997 0.026754 0.034376
0 0.542646 0.26458800000000005 0.026754 0.034376
0 0.56494 0.26259999999999994 0.026754 0.0344
0 0.5879559999999999 0.260626 0.026754 0.0344
0 0.612452 0.258162 0.026754 0.034376
0 0.634746 0.25667400000000007 0.026754 0.0344
0 0.6570400000000001 0.2542120000000001 0.026754 0.034376
0 0.680434 0.25271200000000005 0.026772 0.034376
0 0.7027380000000001 0.2492620000000001 0.026754 0.034376
0 0.3935059999999999 0.322862 0.026754 0.034376
0 0.4190940000000001 0.31988799999999995 0.026754 0.034376
0 0.44394 0.317412 0.026754 0.034376
0 0.4706379999999999 0.31593800000000005 0.026754 0.034376
0 0.494394 0.3124880000000001 0.026754 0.034376
0 0.5185200000000001 0.311488 0.026754 0.034376
0 0.541536 0.3090379999999999 0.026754 0.034376
0 0.5660320000000001 0.306562 0.026754 0.034376
0 0.590158 0.30311200000000005 0.026754 0.034376
0 0.6585019999999999 0.2947120000000001 0.026754 0.034376
0 0.6811659999999999 0.292238 0.026754 0.034376
0 0.700906 0.2897620000000001 0.026754 0.034376
0 0.394598 0.3638380000000001 0.026754 0.034376
0 0.4190940000000001 0.3608880000000001 0.026754 0.034376
0 0.4454199999999999 0.3589119999999999 0.026754 0.034376
0 0.47099 0.35595 0.026754 0.0344
0 0.494394 0.35446200000000005 0.026754 0.034376
0 0.5199819999999999 0.3510120000000001 0.026754 0.034376
0 0.543738 0.34803800000000007 0.026754 0.034376
0 0.5656620000000001 0.345588 0.026754 0.034376
0 0.590158 0.34361200000000003 0.026754 0.034376
0 0.612822 0.3416380000000001 0.026754 0.034376
0 0.6380380000000001 0.337688 0.026754 0.034376
0 0.660334 0.3347119999999999 0.026754 0.034376
0 0.680796 0.3332379999999999 0.026754 0.034376
0 0.7045600000000001 0.329288 0.026772 0.034376
0 0.3960600000000001 0.4073119999999999 0.026754 0.034376
0 0.419824 0.40386199999999994 0.026772 0.034376
0 0.44614200000000004 0.401888 0.026754 0.034376
0 0.4724520000000001 0.3994120000000001 0.026754 0.034376
0 0.4958560000000001 0.3944620000000001 0.026754 0.034376
0 0.519612 0.392012 0.026754 0.034376
0 0.544108 0.3900380000000001 0.026754 0.034376
0 0.5674939999999999 0.387062 0.026754 0.034376
0 0.5923400000000001 0.384112 0.026754 0.034376
0 0.614284 0.3801380000000001 0.026754 0.034376
0 0.63876 0.377688 0.026754 0.034376
0 0.659602 0.374212 0.026772 0.034376
0 0.682628 0.37223800000000007 0.026754 0.034376
0 0.5462899999999999 0.4305380000000001 0.026754 0.034376
0 0.39826000000000006 0.539688 0.026754 0.034376
0 0.423478 0.5347379999999999 0.026754 0.034376
0 0.44943599999999995 0.532262 0.026754 0.034376
0 0.47392199999999995 0.5273380000000001 0.026772 0.034376
0 0.49987000000000004 0.524362 0.026754 0.034376
0 0.523266 0.5189379999999999 0.026772 0.034376
0 0.547752 0.5169619999999999 0.026754 0.034376
0 0.5740799999999999 0.680938 0.026754 0.034376
0 0.4041079999999999 0.759962 0.026754 0.034376
0 0.428604 0.753538 0.026754 0.034376
0 0.4541900000000001 0.748588 0.026754 0.034376
0 0.4786680000000001 0.744162 0.026754 0.034376
0 0.504626 0.738712 0.026754 0.034376
0 0.5280119999999999 0.7323 0.026754 0.0344
0 0.5525059999999999 0.7283379999999999 0.026754 0.034376
0 0.023978000000000055 0.017638000000000043 0.026754 0.034376
0 0.05818600000000007 0.017638000000000043 0.026754 0.034376
0 0.09065600000000007 0.017638000000000043 0.026754 0.034376
0 0.2389079999999999 0.15158800000000006 0.026754 0.034376
0 0.26477400000000006 0.14981200000000006 0.026754 0.034376
0 0.29241399999999995 0.1492119999999999 0.026754 0.034376
0 0.32004600000000005 0.14683800000000002 0.026772 0.034376
0 0.3472440000000001 0.14506200000000002 0.026772 0.034376
0 0.033636 0.20966200000000002 0.026754 0.034376
0 0.06301599999999996 0.20728799999999992 0.026754 0.034376
0 0.091526 0.20551199999999992 0.026754 0.034376
0 0.26873199999999997 0.3317619999999999 0.026754 0.034376
0 0.2954859999999999 0.32998799999999995 0.026754 0.034376
0 0.3226819999999999 0.32583800000000007 0.026754 0.034376
0 0.3494360000000001 0.3234619999999999 0.026754 0.034376
0 0.03495000000000004 0.40168800000000005 0.026754 0.034376
0 0.06696600000000008 0.39933799999999997 0.026772 0.034376
0 0.095912 0.39458799999999994 0.026754 0.034376
0 0.12617999999999996 0.39161200000000007 0.026754 0.034376
0 0.15555999999999992 0.389262 0.026754 0.034376
0 0.18364399999999992 0.38568800000000003 0.026754 0.034376
0 0.2117119999999999 0.3821380000000001 0.026754 0.034376
0 0.24198000000000008 0.380962 0.026754 0.034376
0 0.26785400000000004 0.377988 0.026772 0.034376
0 0.29679999999999995 0.375038 0.026754 0.034376
0 0.32531 0.37028799999999995 0.026754 0.034376
0 0.35162800000000005 0.366738 0.026772 0.034376
0 0.036262000000000016 0.450288 0.026754 0.034376
0 0.06608600000000009 0.4467380000000001 0.026754 0.034376
0 0.0989819999999999 0.4443619999999999 0.026754 0.034376
0 0.12837199999999993 0.44021200000000005 0.026772 0.034376
0 0.15731800000000007 0.43726200000000004 0.026754 0.034376
0 0.185384 0.43488799999999994 0.026754 0.034376
0 0.21433799999999992 0.4301379999999999 0.026754 0.034376
0 0.24372799999999994 0.42658799999999997 0.026772 0.034376
0 0.2696019999999999 0.42363799999999996 0.026754 0.034376
0 0.29855600000000004 0.4194880000000001 0.026754 0.034376
0 0.32531 0.41769999999999996 0.026754 0.0344
0 0.3520620000000001 0.4135500000000001 0.026754 0.0344
0 0.03801999999999994 0.4983120000000001 0.026754 0.034376
0 0.0673999999999999 0.4947379999999999 0.026754 0.034376
0 0.09942600000000001 0.49118799999999996 0.026754 0.034376
0 0.12880599999999998 0.487638 0.026754 0.034376
0 0.15731800000000007 0.4834879999999999 0.026754 0.034376
0 0.18802999999999992 0.4823120000000001 0.026754 0.034376
0 0.2152179999999999 0.47518799999999994 0.026772 0.034376
0 0.24285 0.47223799999999994 0.026754 0.034376
0 0.27136000000000005 0.46926200000000007 0.026754 0.034376
0 0.29942599999999997 0.46511199999999997 0.026754 0.034376
0 0.326624 0.46216199999999996 0.026754 0.034376
0 0.35382 0.45918799999999993 0.026754 0.034376
0 0.19241400000000008 0.711662 0.026754 0.034376
0 0.22136 0.7069380000000001 0.026772 0.034376
0 0.249436 0.700412 0.026754 0.034376
0 0.277946 0.694488 0.026754 0.034376
0 0.3042560000000001 0.6903379999999999 0.026754 0.034376
0 0.33100799999999997 0.6855880000000001 0.026754 0.034376
0 0.3586499999999999 0.679662 0.026754 0.034376
0 0.1652180000000001 0.762038 0.026754 0.034376
0 0.1937279999999999 0.757312 0.026754 0.034376
0 0.22310800000000008 0.752562 0.026754 0.034376
0 0.25075000000000003 0.746038 0.026754 0.034376
0 0.27837200000000006 0.741312 0.026754 0.034376
0 0.3051440000000001 0.734788 0.026754 0.034376
0 0.332322 0.730038 0.026754 0.034376
0 0.359518 0.725312 0.026754 0.034376
0 0.19196999999999997 0.802338 0.026754 0.034376
0 0.22310800000000008 0.797012 0.026754 0.034376
0 0.2511840000000001 0.791688 0.026772 0.034376
0 0.27881599999999995 0.7839879999999999 0.026754 0.034376
0 0.307326 0.7804120000000001 0.026754 0.034376
0 0.33321 0.7739119999999999 0.026754 0.034376
0 0.3599619999999999 0.7691619999999999 0.026754 0.034376
0 0.606808 0.048588000000000076 0.026754 0.034376
0 0.628752 0.0466120000000001 0.026754 0.034376
0 0.652136 0.0466120000000001 0.026754 0.034376
0 0.6744319999999999 0.04611199999999993 0.026754 0.034376
0 0.6960040000000001 0.04511200000000004 0.026754 0.034376
0 0.3875120000000001 0.09993800000000008 0.026754 0.034376
0 0.41419000000000006 0.09846200000000005 0.026754 0.034376
0 0.4401379999999999 0.09846200000000005 0.026772 0.034376
0 0.46499599999999996 0.09648799999999991 0.026754 0.034376
0 0.4898420000000001 0.09698800000000007 0.026754 0.034376
0 0.5150699999999999 0.0950120000000001 0.026772 0.034376
0 0.538464 0.09303799999999995 0.026754 0.034376
0 0.56185 0.09303799999999995 0.026754 0.034376
0 0.5870759999999999 0.09303799999999995 0.026772 0.034376
0 0.60901 0.09006200000000009 0.026754 0.034376
0 0.633858 0.08908800000000006 0.026754 0.034376
0 0.6539680000000001 0.08908800000000006 0.026754 0.034376
0 0.676984 0.08808799999999994 0.026754 0.034376
0 0.698186 0.08562599999999998 0.026754 0.0344
0 0.38860399999999995 0.1434120000000001 0.026754 0.034376
0 0.41528199999999993 0.14291199999999993 0.026754 0.034376
0 0.43903800000000004 0.13996199999999992 0.026754 0.034376
0 0.465716 0.13896200000000003 0.026754 0.034376
0 0.49094400000000005 0.13748800000000005 0.026772 0.034376
0 0.5147079999999999 0.13648799999999994 0.026754 0.034376
0 0.538464 0.13551200000000008 0.026754 0.034376
0 0.5625899999999999 0.13353799999999993 0.026754 0.034376
0 0.586346 0.1340380000000001 0.026754 0.034376
0 0.6101019999999999 0.131062 0.026754 0.034376
0 0.6334960000000001 0.13056200000000007 0.026772 0.034376
0 0.65506 0.1290880000000001 0.026754 0.034376
0 0.677354 0.12808799999999998 0.026754 0.034376
0 0.6989259999999999 0.12563799999999992 0.026754 0.034376
0 0.38949199999999995 0.1845619999999999 0.026754 0.034376
0 0.41361800000000004 0.18406199999999995 0.026754 0.034376
0 0.4417580000000001 0.18258799999999997 0.026754 0.034376
0 0.46697600000000006 0.1816120000000001 0.026754 0.034376
0 0.4914700000000001 0.180612 0.026754 0.034376
0 0.516688 0.17863800000000007 0.026754 0.034376
0 0.5400739999999999 0.17716200000000004 0.026754 0.034376
0 0.56383 0.174188 0.026754 0.034376
0 0.5886960000000001 0.17368800000000006 0.026754 0.034376
0 0.6106199999999999 0.17321199999999992 0.026754 0.034376
0 0.6340140000000001 0.17271199999999998 0.026772 0.034376
0 0.656318 0.17073800000000006 0.026754 0.034376
0 0.678612 0.16973799999999994 0.026754 0.034376
0 0.7019979999999999 0.16776199999999997 0.026754 0.034376
0 0.614644 0.3011379999999999 0.026772 0.034376
0 0.6365780000000001 0.29963800000000007 0.026754 0.034376
0 0.70383 0.36828799999999995 0.026754 0.034376
0 0.394968 0.450288 0.026754 0.034376
0 0.42201599999999995 0.44731199999999993 0.026754 0.034376
0 0.446512 0.4443619999999999 0.026754 0.034376
0 0.4724520000000001 0.4413879999999999 0.026754 0.034376
0 0.4973179999999999 0.437438 0.026754 0.034376
0 0.5221640000000001 0.434488 0.026754 0.034376
0 0.568584 0.42806199999999994 0.026754 0.034376
0 0.59345 0.4255880000000001 0.026754 0.034376
0 0.6153740000000001 0.4221379999999999 0.026754 0.034376
0 0.6384080000000001 0.41768800000000006 0.026754 0.034376
0 0.660704 0.41668799999999995 0.026754 0.034376
0 0.682998 0.4122619999999999 0.026754 0.034376
0 0.7045600000000001 0.40978800000000004 0.026772 0.034376
0 0.39643000000000006 0.49671200000000004 0.026754 0.034376
0 0.423848 0.492262 0.026754 0.034376
0 0.448334 0.48931199999999997 0.026772 0.034376
0 0.47392199999999995 0.48533800000000005 0.026772 0.034376
0 0.49840799999999996 0.48238800000000004 0.026754 0.034376
0 0.523266 0.4789380000000001 0.026772 0.034376
0 0.5466599999999999 0.47498799999999997 0.026754 0.034376
0 0.570046 0.47103800000000007 0.026754 0.034376
0 0.59308 0.46756200000000003 0.026754 0.034376
0 0.6168359999999999 0.4655879999999999 0.026754 0.034376
0 0.6402220000000001 0.461638 0.026754 0.034376
0 0.661424 0.45916200000000007 0.026754 0.034376
0 0.684088 0.45521199999999995 0.026754 0.034376
0 0.572608 0.513012 0.026772 0.034376
0 0.5945419999999999 0.508562 0.026754 0.034376
0 0.618298 0.507088 0.026754 0.034376
0 0.6420539999999999 0.5031380000000001 0.026754 0.034376
0 0.6647179999999999 0.498688 0.026754 0.034376
0 0.398992 0.584138 0.026772 0.034376
0 0.4245699999999999 0.579688 0.026754 0.034376
0 0.450898 0.574262 0.026754 0.034376
0 0.4761139999999999 0.5707880000000001 0.026754 0.034376
0 0.50061 0.5663499999999999 0.026754 0.0344
0 0.5239959999999999 0.561912 0.026754 0.034376
0 0.548492 0.559938 0.026754 0.034376
0 0.5722480000000001 0.5559879999999999 0.026754 0.034376
0 0.5949120000000001 0.5525119999999999 0.026754 0.034376
0 0.6175759999999999 0.547088 0.026754 0.034376
0 0.641332 0.5441119999999999 0.026754 0.034376
0 0.4000919999999999 0.627588 0.026754 0.034376
0 0.42603199999999997 0.624638 0.026754 0.034376
0 0.45052800000000004 0.6187119999999999 0.026754 0.034376
0 0.4764839999999999 0.6142620000000001 0.026754 0.034376
0 0.50061 0.6093120000000001 0.026754 0.034376
0 0.525458 0.603888 0.026754 0.034376
0 0.5488519999999999 0.600438 0.026772 0.034376
0 0.572608 0.595988 0.026772 0.034376
0 0.5970960000000001 0.5930120000000001 0.026754 0.034376
0 0.6205 0.587588 0.026754 0.034376
0 0.4004540000000001 0.6725380000000001 0.026772 0.034376
0 0.424218 0.665624 0.026754 0.0344
0 0.45125799999999994 0.6606879999999999 0.026772 0.034376
0 0.47574399999999994 0.6557379999999999 0.026754 0.034376
0 0.5017020000000001 0.652288 0.026754 0.034376
0 0.52729 0.6498120000000001 0.026754 0.034376
0 0.5510459999999999 0.6433880000000001 0.026754 0.034376
0 0.57334 0.6399379999999999 0.026754 0.034376
0 0.598196 0.634012 0.026772 0.034376
0 0.4022760000000001 0.7155119999999999 0.026754 0.034376
0 0.4289639999999999 0.712062 0.026772 0.034376
0 0.4534499999999999 0.705638 0.026754 0.034376
0 0.4786680000000001 0.7016880000000001 0.026754 0.034376
0 0.503164 0.697738 0.026754 0.034376
0 0.52729 0.690312 0.026754 0.034376
0 0.551776 0.685862 0.026772 0.034376
0 0.12048199999999998 0.017638000000000043 0.026754 0.034376
0 0.027927999999999953 0.06563800000000009 0.026772 0.034376
0 0.06038800000000011 0.06563800000000009 0.026754 0.034376
0 0.08976800000000007 0.06446200000000002 0.026754 0.034376
0 0.12048199999999998 0.06328800000000001 0.026754 0.034376
0 0.148992 0.06328800000000001 0.026754 0.034376
0 0.17793799999999993 0.06148799999999999 0.026772 0.034376
0 0.2073259999999999 0.06148799999999999 0.026754 0.034376
0 0.23627200000000004 0.05971199999999999 0.026772 0.034376
0 0.26346 0.05853799999999998 0.026754 0.034376
0 0.290222 0.057938000000000045 0.026772 0.034376
0 0.3178540000000001 0.05853799999999998 0.026754 0.034376
0 0.3428500000000001 0.056162000000000045 0.026754 0.034376
0 0.027927999999999953 0.114838 0.026772 0.034376
0 0.06038800000000011 0.113062 0.026754 0.034376
0 0.09197000000000011 0.11128800000000005 0.026754 0.034376
0 0.12135000000000007 0.1106879999999999 0.026754 0.034376
0 0.14986199999999994 0.11008799999999996 0.026754 0.034376
0 0.17881600000000009 0.10831199999999996 0.026754 0.034376
0 0.20908400000000005 0.10713799999999996 0.026754 0.034376
0 0.23714999999999997 0.10593800000000009 0.026754 0.034376
0 0.263034 0.10416200000000009 0.026754 0.034376
0 0.29241399999999995 0.10178799999999999 0.026754 0.034376
0 0.318732 0.10121200000000008 0.026772 0.034376
0 0.34549399999999997 0.10061199999999992 0.026754 0.034376
0 0.030999999999999917 0.1622619999999999 0.026772 0.034376
0 0.062146000000000035 0.16106200000000004 0.026754 0.034376
0 0.091526 0.15868799999999994 0.026754 0.034376
0 0.12223800000000007 0.15691199999999994 0.026754 0.034376
0 0.15337599999999996 0.155138 0.026754 0.034376
0 0.180574 0.15396199999999993 0.026754 0.034376
0 0.20819600000000005 0.15276200000000006 0.026754 0.034376
0 0.1226640000000001 0.2043379999999999 0.026754 0.034376
0 0.15161800000000003 0.20196199999999997 0.026754 0.034376
0 0.1823220000000001 0.20018800000000003 0.026772 0.034376
0 0.20951000000000009 0.1995880000000001 0.026754 0.034376
0 0.2389079999999999 0.1978120000000001 0.026754 0.034376
0 0.26521799999999995 0.195438 0.026754 0.034376
0 0.2946059999999999 0.192488 0.026772 0.034376
0 0.321804 0.19188800000000006 0.026772 0.034376
0 0.34767799999999993 0.1883379999999999 0.026754 0.034376
0 0.03187800000000007 0.257088 0.026754 0.034376
0 0.06346000000000007 0.25648800000000005 0.026754 0.034376
0 0.09284000000000003 0.25471200000000005 0.026754 0.034376
0 0.12179399999999996 0.2511620000000001 0.026754 0.034376
0 0.15161800000000003 0.24996200000000002 0.026754 0.034376
0 0.18100000000000005 0.24760000000000004 0.026754 0.0344
0 0.20951000000000009 0.2446379999999999 0.026754 0.034376
0 0.2380199999999999 0.2428619999999999 0.026754 0.034376
0 0.2669760000000001 0.24108799999999997 0.026754 0.034376
0 0.2954859999999999 0.2381120000000001 0.026754 0.034376
0 0.322238 0.235738 0.026754 0.034376
0 0.34812200000000004 0.233962 0.026754 0.034376
0 0.03319200000000011 0.3044880000000001 0.026754 0.034376
0 0.06301599999999996 0.3027120000000001 0.026754 0.034376
0 0.09504200000000007 0.302138 0.026754 0.034376
0 0.1235520000000001 0.298562 0.026754 0.034376
0 0.15469 0.295612 0.026754 0.034376
0 0.18275599999999992 0.2944119999999999 0.026754 0.034376
0 0.211268 0.2914620000000001 0.026754 0.034376
0 0.24066600000000005 0.2884880000000001 0.026754 0.034376
0 0.2669760000000001 0.2867120000000001 0.026754 0.034374
0 0.2946059999999999 0.2831619999999999 0.026772 0.034376
0 0.321804 0.28078800000000004 0.026772 0.034376
0 0.34899199999999997 0.27901200000000004 0.026754 0.034376
0 0.034505999999999926 0.35428799999999994 0.026754 0.034376
0 0.065218 0.351912 0.026754 0.034376
0 0.09504200000000007 0.34836200000000006 0.026754 0.034376
0 0.12442200000000003 0.34598799999999996 0.026754 0.034376
0 0.1542460000000001 0.342438 0.026754 0.034376
0 0.18320000000000003 0.3400620000000001 0.026754 0.034376
0 0.2130240000000001 0.337688 0.026754 0.034376
0 0.24066600000000005 0.33413800000000005 0.026754 0.034376
0 0.038456000000000046 0.544538 0.026772 0.034376
0 0.06960199999999994 0.542162 0.026754 0.034376
0 0.10029599999999994 0.537412 0.026754 0.034376
0 0.13012 0.534462 0.026754 0.034376
0 0.15820600000000007 0.5303119999999999 0.026754 0.034376
0 0.18802999999999992 0.524988 0.026754 0.034376
0 0.21565199999999995 0.5220119999999999 0.026754 0.034376
0 0.24372799999999994 0.517862 0.026772 0.034376
0 0.27311799999999997 0.5143120000000001 0.026754 0.034376
0 0.301628 0.510162 0.026754 0.034376
0 0.32969399999999993 0.5066120000000001 0.026754 0.034376
0 0.35557799999999995 0.502462 0.026754 0.034376
0 0.03977800000000009 0.5931379999999999 0.026754 0.034376
0 0.07047200000000009 0.5919380000000001 0.026754 0.034376
0 0.10074000000000005 0.586012 0.026754 0.034376
0 0.1305639999999999 0.5818620000000001 0.026754 0.034376
0 0.16083200000000009 0.576538 0.026754 0.034376
0 0.18934399999999996 0.5735619999999999 0.026754 0.034376
0 0.21828800000000004 0.568238 0.026772 0.034376
0 0.24591999999999992 0.5640879999999999 0.026754 0.034376
0 0.27311799999999997 0.558162 0.026754 0.034376
0 0.30031399999999997 0.5551999999999999 0.026754 0.0344
0 0.32838199999999995 0.5516380000000001 0.026754 0.034376
0 0.35557799999999995 0.547488 0.026754 0.034376
0 0.35557799999999995 0.5913619999999999 0.026754 0.034376
0 0.32925000000000004 0.5966880000000001 0.026754 0.034376
0 0.30249799999999993 0.599062 0.026754 0.034376
0 0.2748759999999999 0.6043879999999999 0.026754 0.034376
0 0.2467999999999999 0.6079380000000001 0.026772 0.034376
0 0.21916800000000003 0.613888 0.026754 0.034376
0 0.189778 0.6186119999999999 0.026772 0.034376
0 0.161702 0.623362 0.026754 0.034376
0 0.13187799999999994 0.6275120000000001 0.026754 0.034376
0 0.10293200000000002 0.631062 0.026772 0.034376
0 0.0717859999999999 0.6369880000000001 0.026754 0.034376
0 0.10249799999999998 0.680838 0.026754 0.034376
0 0.13232200000000005 0.673738 0.026754 0.034376
0 0.1621459999999999 0.668412 0.026754 0.034376
0 0.19110000000000005 0.6642619999999999 0.026754 0.034376
0 0.21961199999999992 0.6595120000000001 0.026754 0.034376
0 0.248548 0.654188 0.026754 0.034376
0 0.276624 0.6500379999999999 0.026772 0.034376
0 0.30206200000000005 0.6452880000000001 0.026772 0.034376
0 0.3314520000000001 0.640538 0.026754 0.034376
0 0.356892 0.635812 0.026754 0.034376
0 0.13319199999999998 0.7205619999999999 0.026754 0.034376
0 0.16390400000000005 0.715212 0.026754 0.034376
