0 0.318983 0.499344 0.096233 0.069550
0 0.523708 0.480972 0.103233 0.074806
0 0.750308 0.553150 0.108483 0.072175
0 0.904288 0.681103 0.115492 0.086619
0 0.677692 0.698163 0.120733 0.081363
0 0.442258 0.621391 0.112167 0.080056
0 0.218375 0.642388 0.111983 0.087925
0 0.096588 0.806431 0.124242 0.098425
0 0.340858 0.781494 0.118983 0.095800
0 0.598775 0.878609 0.134733 0.114169
0 0.838492 0.843831 0.141733 0.112863
0 0.178371 0.046222 0.081892 0.048819
0 0.366296 0.043072 0.075592 0.048819
0 0.519579 0.039922 0.067192 0.042519
0 0.667612 0.028109 0.077692 0.037794
0 0.817746 0.020353 0.071392 0.040706
0 0.093333 0.121809 0.071383 0.042519
0 0.301208 0.122597 0.083983 0.044094
0 0.453437 0.106066 0.086092 0.045669
0 0.613388 0.099766 0.074225 0.042519
0 0.768396 0.087166 0.077692 0.048819
0 0.950029 0.127322 0.079792 0.053544
0 0.215746 0.201441 0.082242 0.048556
0 0.387142 0.189634 0.082417 0.053806
0 0.555204 0.177822 0.085742 0.051181
0 0.720475 0.171259 0.076817 0.045931
0 0.912146 0.214581 0.085708 0.053837
0 0.123888 0.297900 0.080492 0.057738
0 0.306650 0.284778 0.085917 0.052494
0 0.488538 0.272966 0.078742 0.055119
0 0.663517 0.261153 0.082233 0.052494
0 0.866563 0.312981 0.089375 0.061663
0 0.219158 0.393700 0.096417 0.068237
0 0.409100 0.377953 0.090983 0.060369
0 0.599825 0.363516 0.094483 0.062994
0 0.813300 0.421916 0.097983 0.072181
0 0.114958 0.513778 0.108483 0.077431
