0 0.528634 0.738218 0.0993 0.080562
0 0.710016 0.6664000000000001 0.093234 0.0798
0 0.886342 0.593062 0.08715 0.076
0 0.735358 0.3475680000000001 0.08715 0.068412
0 0.899516 0.4326939999999999 0.0912 0.071438
0 0.877734 0.758362 0.0841 0.07525
0 0.872158 0.9198679999999999 0.089184 0.071438
0 0.696316 0.8294239999999999 0.082034 0.07145
0 0.684692 0.9799119999999999 0.08715 0.039526
0 0.5114 0.901624 0.085134 0.069926
0 0.3366 0.8066260000000001 0.088166 0.07905
0 0.103016 0.7921819999999999 0.081066 0.065362
0 0.087308 0.9559679999999999 0.08615 0.069162
0 0.320384 0.966988 0.088166 0.062324
0 0.752084 0.04128200000000004 0.088166 0.066888
0 0.918784 0.12070599999999998 0.101334 0.069162
0 0.912184 0.27613200000000004 0.086134 0.072962
0 0.747516 0.193662 0.093234 0.07525
0 0.576258 0.10891800000000007 0.081084 0.066888
0 0.026508 0.09143799999999991 0.051684 0.0684
0 0.168384 0.1746620000000001 0.088166 0.070674
0 0.396892 0.18150599999999995 0.091216 0.067638
0 0.563084 0.260926 0.093234 0.069926
0 0.383208 0.333124 0.082084 0.062326
0 0.152166 0.32172599999999996 0.086134 0.069924
0 0.134424 0.48057400000000006 0.08915 0.074474
0 0.12125 0.633338 0.0912 0.074474
0 0.365984 0.4889319999999999 0.088166 0.072962
0 0.551942 0.4186319999999999 0.085116 0.072212
0 0.351292 0.6489180000000001 0.091216 0.082838
0 0.532684 0.5767180000000001 0.085134 0.078288
0 0.719142 0.5052760000000001 0.097284 0.0798
