0 0.1665239999999999 0.07416200000000006 0.06211 0.082742
0 0.08374999999999999 0.1975119999999999 0.06375 0.076244
0 0.08160199999999995 0.46700600000000003 0.07336 0.08873
0 0.16695400000000005 0.342082 0.06125 0.087412
0 0.2501960000000001 0.20756400000000008 0.06211 0.089644
0 0.24890600000000007 0.473198 0.059532 0.082842
0 0.3321480000000001 0.07644600000000001 0.065546 0.08731
0 0.3334379999999999 0.33984799999999993 0.062968 0.082944
0 0.4192579999999999 0.4687300000000001 0.067266 0.08731
0 0.42269599999999996 0.20533 0.063828 0.089644
0 0.50207 0.084314 0.067266 0.091878
0 0.656874 0.08766399999999996 0.059532 0.094112
0 0.58832 0.2153799999999999 0.063828 0.091878
0 0.5012099999999999 0.34705600000000003 0.06211 0.086192
0 0.591758 0.47436600000000007 0.067266 0.089644
0 0.66418 0.35329999999999995 0.063828 0.103148
0 0.747852 0.21705599999999992 0.065546 0.08873
0 0.8349599999999999 0.09045600000000009 0.063828 0.095228
0 0.9160539999999999 0.22263999999999995 0.063828 0.097664
0 0.826368 0.3600000000000001 0.06039 0.09868
0 0.743554 0.4799500000000001 0.063828 0.091878
0 0.914336 0.48441599999999996 0.067266 0.100812
0 0.8255079999999999 0.618884 0.06039 0.082842
0 0.910468 0.7466999999999999 0.064688 0.09198
0 0.658164 0.614468 0.068984 0.096346
0 0.742696 0.742742 0.068984 0.095432
0 0.5025 0.613858 0.069844 0.099796
0 0.584454 0.7377659999999999 0.071562 0.107614
0 0.41667999999999994 0.731574 0.077578 0.104162
0 0.3342959999999999 0.608832 0.073282 0.094214
0 0.16480399999999995 0.6133500000000001 0.063828 0.096346
0 0.24890600000000007 0.7421819999999999 0.066406 0.096548
0 0.0820320000000001 0.741676 0.077656 0.10203
