0 0.471029 0.662856 0.048608 0.039188
0 0.593758 0.688375 0.053467 0.041013
0 0.655733 0.638706 0.051033 0.036450
0 0.711625 0.594506 0.051033 0.031900
0 0.759621 0.554406 0.047392 0.031900
0 0.808837 0.518409 0.043742 0.030981
0 0.852579 0.484687 0.043742 0.029163
0 0.892679 0.450969 0.051042 0.029162
0 0.929742 0.422262 0.047383 0.026425
0 0.961338 0.393553 0.044958 0.025519
0 0.971058 0.458259 0.037667 0.025519
0 0.938246 0.491069 0.047392 0.032813
0 0.897542 0.524331 0.043750 0.030075
0 0.853187 0.563538 0.044958 0.031925
0 0.807625 0.605444 0.051083 0.037362
0 0.753550 0.652831 0.049817 0.037363
0 0.696437 0.701588 0.054675 0.040100
0 0.803367 0.717081 0.054683 0.038275
0 0.856833 0.664678 0.054683 0.035544
0 0.904833 0.617744 0.055900 0.038275
0 0.948575 0.574000 0.053467 0.030988
0 0.918804 0.731662 0.059542 0.041925
0 0.964979 0.678350 0.054675 0.037362
0 0.744900 0.772900 0.059533 0.050000
0 0.800737 0.862069 0.063792 0.049437
0 0.862504 0.794100 0.059742 0.044125
0 0.632021 0.759841 0.061242 0.044619
0 0.931875 0.937256 0.083083 0.058550
0 0.507788 0.445537 0.036742 0.024937
0 0.559404 0.416666 0.034992 0.024931
0 0.607612 0.392387 0.036575 0.021000
0 0.648821 0.368766 0.038492 0.026244
0 0.688100 0.343175 0.036567 0.019688
0 0.795692 0.326106 0.038283 0.024913
0 0.755554 0.347769 0.031492 0.018375
0 0.718813 0.371391 0.041992 0.023619
0 0.679442 0.397638 0.040250 0.021000
0 0.634733 0.424541 0.045667 0.030181
0 0.588367 0.452756 0.047067 0.028875
0 0.534996 0.482941 0.048825 0.028869
0 0.481712 0.517716 0.043742 0.027556
0 0.421171 0.554462 0.052492 0.035438
0 0.359142 0.595800 0.050567 0.036750
0 0.289062 0.638453 0.054242 0.043306
0 0.378392 0.650197 0.054417 0.035569
0 0.445758 0.606888 0.052667 0.038188
0 0.508700 0.564431 0.048600 0.030075
0 0.563988 0.526156 0.047392 0.026425
0 0.615629 0.491978 0.046175 0.025519
0 0.665454 0.460541 0.043742 0.026431
0 0.711021 0.431378 0.044958 0.024606
0 0.752333 0.403578 0.042533 0.023694
0 0.791217 0.376697 0.042533 0.022781
0 0.827067 0.354369 0.041300 0.020050
0 0.862300 0.330675 0.038883 0.020050
0 0.899363 0.358012 0.037675 0.020050
0 0.865950 0.383984 0.041317 0.024606
0 0.827067 0.409047 0.038883 0.023694
0 0.788787 0.439122 0.042525 0.027344
0 0.746258 0.467828 0.040100 0.026431
0 0.699475 0.499269 0.043750 0.030988
0 0.647833 0.535269 0.042533 0.028250
0 0.596187 0.573091 0.043742 0.032806
0 0.536650 0.615922 0.051033 0.032806
