0 0.1419680000000001 0.8082739999999999 0.101604 0.079078
0 0.3231139999999999 0.857164 0.10352 0.081954
0 0.44965600000000006 0.7558039999999999 0.099688 0.074766
0 0.27232199999999995 0.713382 0.101604 0.073328
0 0.39213600000000004 0.6120239999999999 0.10352 0.086266
0 0.2253639999999999 0.56961 0.10352 0.079062
0 0.0940319999999999 0.660196 0.08627 0.073328
0 0.055698000000000025 0.5236019999999999 0.090104 0.064704
0 0.34805200000000003 0.44739799999999996 0.076688 0.067578
0 0.4592400000000001 0.367602 0.08052 0.06039
0 0.3039480000000001 0.33454000000000006 0.095854 0.06614
0 0.408428 0.26120999999999994 0.090104 0.06614
0 0.51099 0.1864459999999999 0.08052 0.05464
0 0.5387919999999999 0.08435999999999999 0.08625 0.05175
0 0.398844 0.057757999999999976 0.078604 0.056078
0 0.3614679999999999 0.15768800000000005 0.06902 0.046
0 0.2598640000000001 0.22886000000000006 0.076688 0.050312
0 0.15538600000000002 0.299304 0.07477 0.050328
0 0.1879679999999999 0.4085780000000001 0.078604 0.056062
0 0.11321800000000004 0.19794599999999996 0.08627 0.057516
0 0.22056199999999992 0.1346799999999999 0.082416 0.046016
0 0.26657200000000003 0.03475800000000007 0.07477 0.050328
0 0.08389599999999997 0.10703200000000002 0.081458 0.050312
