0 0.691192 0.65787 0.03935 0.021004
0 0.73704 0.658528 0.036028 0.022272
0 0.78722 0.661698 0.030758 0.021004
0 0.834512 0.663444 0.036968 0.021962
0 0.883718 0.66488 0.035524 0.02354
0 0.931498 0.666794 0.035992 0.022918
0 0.298358 0.68701 0.037436 0.025694
0 0.345398 0.690778 0.036498 0.023852
0 0.393412 0.69189 0.03556 0.02354
0 0.4426 0.693852 0.039928 0.024066
0 0.488232 0.695394 0.03314 0.024808
0 0.537436 0.697308 0.036534 0.024808
0 0.585956 0.699868 0.035524 0.024138
0 0.634892 0.703026 0.035488 0.022272
0 0.682924 0.703984 0.035524 0.024186
0 0.732618 0.705898 0.032166 0.02165
0 0.77973 0.709246 0.039098 0.02323
0 0.826714 0.711782 0.032202 0.02323
0 0.876426 0.71433 0.038412 0.021962
0 0.92325 0.714964 0.036968 0.02323
0 0.293538 0.71878 0.037472 0.021962
0 0.341084 0.720538 0.037472 0.024186
0 0.39074 0.723242 0.032238 0.020694
0 0.438032 0.724988 0.0326 0.020358
0 0.486046 0.727212 0.03462 0.024186
0 0.534332 0.72896 0.036968 0.02323
0 0.581372 0.73055 0.036968 0.023876
0 0.629242 0.731842 0.03538 0.02579
0 0.678592 0.736124 0.039422 0.024832
0 0.725902 0.736124 0.035992 0.024162
0 0.774404 0.73835 0.036028 0.024162
0 0.819296 0.741842 0.03361 0.02354
0 0.871138 0.744246 0.039386 0.02323
0 0.919134 0.746148 0.038484 0.02579
0 0.240488 0.746938 0.04083 0.027368
0 0.287546 0.748528 0.036968 0.024186
0 0.38453 0.752512 0.041768 0.02512
0 0.43251 0.75537 0.040758 0.025766
0 0.47888 0.757752 0.03935 0.025454
0 0.528322 0.759666 0.039386 0.025454
0 0.57704 0.762368 0.035956 0.024498
0 0.624332 0.765562 0.03935 0.025144
0 0.674296 0.766986 0.037472 0.024832
0 0.720126 0.768098 0.03787 0.025144
0 0.768862 0.769844 0.03751 0.024808
0 0.817112 0.772082 0.037906 0.022918
0 0.865126 0.774474 0.041806 0.024498
0 0.913158 0.77701 0.037942 0.023876
0 0.233268 0.77701 0.036064 0.02512
0 0.282022 0.779712 0.037472 0.024162
0 0.33121 0.782584 0.036064 0.025454
0 0.377546 0.784952 0.03834 0.026412
0 0.428232 0.788948 0.039856 0.02354
0 0.473322 0.789892 0.040866 0.0261
0 0.523972 0.792118 0.039422 0.024808
0 0.570306 0.793074 0.03787 0.024186
0 0.618826 0.7961 0.03888 0.023876
0 0.668304 0.795934 0.036968 0.02354
0 0.716552 0.799438 0.037436 0.024186
0 0.763574 0.801508 0.040288 0.02579
0 0.811102 0.803888 0.040398 0.026722
0 0.86056 0.80628 0.038376 0.025766
0 0.905686 0.807224 0.038376 0.026412
0 0.181444 0.823302 0.036968 0.02354
0 0.229206 0.825216 0.037472 0.02354
0 0.27888 0.826484 0.037978 0.026746
0 0.324964 0.831424 0.03787 0.025144
0 0.37325 0.831734 0.03935 0.024522
0 0.420542 0.833326 0.038916 0.026412
0 0.47 0.835382 0.039856 0.026746
0 0.51825 0.83841 0.036498 0.025766
0 0.56601 0.840802 0.033176 0.022272
0 0.613286 0.84409 0.034584 0.021866
0 0.66157 0.84494 0.03888 0.0261
0 0.70814 0.845574 0.035992 0.02354
0 0.75639 0.850024 0.036462 0.02354
0 0.803898 0.85067 0.036534 0.024832
0 0.851696 0.85183 0.036968 0.023756
0 0.895848 0.853218 0.037906 0.024186
0 0.177364 0.854008 0.0413 0.026388
0 0.223916 0.855264 0.037436 0.023254
0 0.273358 0.857344 0.040288 0.026076
0 0.321138 0.860682 0.036064 0.025766
0 0.368212 0.862596 0.037942 0.025766
0 0.418592 0.865252 0.037978 0.026196
0 0.466842 0.866902 0.038376 0.026722
0 0.512472 0.869438 0.040324 0.0261
0 0.558286 0.870072 0.037942 0.025454
0 0.60778 0.872308 0.037942 0.026722
0 0.655072 0.87421 0.03751 0.026076
0 0.702382 0.875802 0.038916 0.0261
0 0.748954 0.87963 0.040794 0.028636
0 0.304134 0.969558 0.035198 0.0228
0 0.977292 0.888516 0.041516 0.025838
0 0.971678 0.920096 0.03751 0.02488
0 0.966624 0.949282 0.037582 0.025358
0 0.612454 0.528386 0.03935 0.023564
0 0.66222 0.529008 0.03491 0.019736
0 0.709188 0.532046 0.037942 0.021316
0 0.758176 0.533158 0.035054 0.021626
0 0.807382 0.535706 0.037436 0.02165
0 0.854206 0.538564 0.035054 0.020382
0 0.903176 0.541268 0.036028 0.02067
0 0.950704 0.541914 0.03982 0.022584
0 0.55749 0.557022 0.035054 0.02098
0 0.606462 0.559438 0.036968 0.023182
0 0.65686 0.561316 0.040794 0.024498
0 0.703916 0.562906 0.035054 0.02323
0 0.752636 0.563708 0.035524 0.022918
0 0.802094 0.566244 0.035524 0.022918
0 0.850596 0.568314 0.036498 0.021938
0 0.897888 0.571016 0.035054 0.022272
0 0.944224 0.57213 0.038412 0.024498
0 0.458808 0.583756 0.037472 0.02354
0 0.504422 0.585024 0.034548 0.02354
0 0.555324 0.586938 0.036498 0.02354
0 0.6026 0.589162 0.03314 0.022918
0 0.65231 0.591544 0.038412 0.023852
0 0.699098 0.59409 0.036968 0.02512
0 0.746878 0.594892 0.037436 0.024186
0 0.796824 0.597118 0.038412 0.0261
0 0.843628 0.59902 0.031228 0.021626
0 0.891642 0.599666 0.03888 0.025454
0 0.941102 0.602356 0.035992 0.025766
0 0.405018 0.613972 0.0413 0.02354
0 0.453286 0.614618 0.038916 0.025454
0 0.501534 0.616998 0.039386 0.025766
0 0.549802 0.618266 0.035054 0.023852
0 0.598754 0.620024 0.032166 0.021626
0 0.648448 0.622728 0.035524 0.021962
0 0.695506 0.626016 0.032672 0.022368
0 0.74352 0.627488 0.034548 0.023876
0 0.791768 0.631986 0.036028 0.02378
0 0.839062 0.632272 0.034584 0.023876
0 0.88805 0.633708 0.037472 0.022918
0 0.936064 0.636722 0.038412 0.023876
0 0.399116 0.644534 0.037148 0.023516
0 0.44825 0.645944 0.039386 0.025144
0 0.496732 0.648876 0.037436 0.02311
0 0.548104 0.65226 0.037436 0.022704
0 0.592762 0.653588 0.03556 0.024498
0 0.641968 0.65585 0.03888 0.023182
0 0.798394 0.880096 0.03888 0.026412
0 0.846156 0.880742 0.041264 0.026412
0 0.893466 0.884234 0.039856 0.026412
0 0.172546 0.884558 0.040324 0.02768
0 0.218176 0.886304 0.040324 0.027344
0 0.269386 0.888206 0.038122 0.025454
0 0.316354 0.890442 0.036968 0.024808
0 0.362924 0.893146 0.036968 0.023852
0 0.413068 0.895682 0.036534 0.025766
0 0.459676 0.89744 0.042238 0.024832
0 0.507672 0.89982 0.038448 0.027058
0 0.553538 0.9011 0.039856 0.027034
0 0.602004 0.902846 0.043718 0.024832
0 0.651714 0.90555 0.039386 0.02512
0 0.696588 0.90793 0.039892 0.0261
0 0.744602 0.910956 0.040758 0.02579
0 0.793826 0.910156 0.038412 0.026722
0 0.838718 0.913026 0.04278 0.02543
0 0.889116 0.915096 0.03787 0.023876
0 0.167744 0.915252 0.036498 0.0261
0 0.21621 0.917476 0.040288 0.026722
0 0.263772 0.920502 0.040324 0.027034
0 0.312978 0.922728 0.039892 0.026412
0 0.360506 0.925598 0.037978 0.02512
0 0.405668 0.92671 0.039856 0.026722
0 0.455578 0.928624 0.037942 0.0261
0 0.50361 0.929258 0.042744 0.027368
0 0.552546 0.931638 0.03787 0.027058
0 0.599134 0.933864 0.039856 0.025766
0 0.646192 0.936566 0.037942 0.0261
0 0.694422 0.938326 0.040398 0.026412
0 0.741986 0.940072 0.037472 0.026746
0 0.786228 0.94341 0.040542 0.027058
0 0.834856 0.94341 0.043646 0.025766
0 0.882636 0.944056 0.040362 0.025144
0 0.163032 0.962918 0.036534 0.024928
0 0.210902 0.965586 0.04 0.023326
0 0.255506 0.966508 0.038014 0.024642
0 0.351932 0.972082 0.035632 0.023588
0 0.397546 0.973936 0.041228 0.024138
0 0.447762 0.97433 0.037618 0.025454
0 0.492978 0.975922 0.037582 0.024378
0 0.54379 0.978038 0.036824 0.024402
0 0.593194 0.97884 0.03722 0.023852
0 0.64101 0.983338 0.037618 0.0228
0 0.68722 0.9836 0.034802 0.022272
0 0.731046 0.98573 0.038412 0.023852
0 0.779856 0.987452 0.040794 0.024666
