0 0.40604400000000007 0.30906600000000006 0.016964 0.0334
0 0.387834 0.29383399999999993 0.016964 0.0334
0 0.385062 0.2527999999999999 0.016964 0.0334
0 0.3690260000000001 0.2803340000000001 0.016964 0.0334
0 0.352992 0.3102339999999999 0.016964 0.0334
0 0.37241199999999997 0.32430000000000003 0.016964 0.0334
0 0.3899919999999999 0.33893400000000007 0.016964 0.0334
0 0.409114 0.351834 0.016964 0.0334
0 0.42732400000000004 0.3658999999999999 0.016964 0.0334
0 0.43039399999999994 0.40868400000000005 0.016964 0.033434
0 0.363464 0.19595000000000007 0.016964 0.033434
0 0.3477460000000001 0.22408399999999995 0.016964 0.033434
0 0.3316920000000001 0.2539659999999999 0.016964 0.0334
0 0.315658 0.28386599999999995 0.016964 0.0334
0 0.29993000000000003 0.3143339999999999 0.016948 0.0334
0 0.2838860000000001 0.34303400000000006 0.016964 0.0334
0 0.26723600000000003 0.3741000000000001 0.016964 0.0334
0 0.25088599999999994 0.4034 0.016964 0.0334
0 0.23453600000000008 0.434466 0.016964 0.0334
0 0.21849999999999992 0.4666999999999999 0.016964 0.0334
0 0.20185000000000008 0.497166 0.016964 0.0334
0 0.18209600000000004 0.4831000000000001 0.016964 0.0334
0 0.19906200000000007 0.452634 0.016964 0.0334
0 0.21541199999999994 0.4215660000000001 0.016964 0.0334
0 0.232078 0.3911 0.016964 0.0334
0 0.24779799999999996 0.36119999999999997 0.016964 0.0334
0 0.26446400000000003 0.3307340000000001 0.016964 0.0334
0 0.280184 0.299666 0.016964 0.0334
0 0.29715 0.2692000000000001 0.016964 0.0334
0 0.31257 0.24166599999999994 0.016964 0.0334
0 0.32830800000000004 0.21001599999999998 0.016964 0.033434
0 0.3446579999999999 0.18013400000000002 0.016964 0.0334
0 0.16174599999999995 0.47023400000000004 0.016964 0.0334
0 0.1790259999999999 0.43916599999999995 0.016964 0.0334
0 0.19567599999999996 0.40868400000000005 0.016964 0.033434
0 0.21232399999999996 0.377634 0.016964 0.0334
0 0.22837799999999997 0.34656599999999993 0.016964 0.0334
0 0.24470999999999998 0.3154999999999999 0.016964 0.0334
0 0.17407799999999995 0.278 0.016964 0.0334
0 0.1904300000000001 0.24635000000000007 0.016964 0.033434
0 0.20646399999999998 0.21703399999999995 0.016964 0.0334
0 0.22343000000000002 0.186566 0.016964 0.0334
0 0.23947399999999996 0.15549999999999997 0.016948 0.0334
0 0.17099200000000003 0.23403400000000008 0.016964 0.0334
0 0.1537280000000001 0.2639339999999999 0.016964 0.0334
0 0.13706200000000002 0.29383399999999993 0.016964 0.0334
0 0.12010600000000005 0.32313400000000003 0.016948 0.0334
0 0.10344799999999998 0.355934 0.016964 0.0334
0 0.1336759999999999 0.24986599999999992 0.016964 0.0334
0 0.11609599999999998 0.279166 0.016964 0.0334
0 0.09974599999999989 0.30963399999999996 0.016964 0.0334
0 0.08278000000000008 0.34129999999999994 0.016964 0.0334
0 0.1139380000000001 0.23346599999999995 0.016964 0.0334
0 0.0969739999999999 0.264516 0.016964 0.033434
0 0.07939399999999996 0.29675000000000007 0.016964 0.033434
0 0.07599200000000006 0.2522 0.016964 0.0334
0 0.256132 0.12680000000000002 0.016964 0.0334
0 0.271868 0.09633399999999992 0.016964 0.0334
0 0.28913199999999994 0.0687660000000001 0.016964 0.0334
0 0.30393800000000004 0.03771600000000008 0.016964 0.033434
0 0.1873419999999999 0.2035659999999999 0.016964 0.0334
0 0.20400799999999997 0.1713340000000001 0.016964 0.0334
0 0.21972799999999992 0.14145000000000008 0.016964 0.033434
0 0.23730800000000007 0.11156600000000005 0.016964 0.0334
0 0.25304400000000005 0.08226599999999995 0.016964 0.0334
0 0.26907799999999993 0.05178400000000005 0.016964 0.033434
0 0.28481599999999996 0.022466000000000097 0.016964 0.0334
0 0.1506400000000001 0.2188000000000001 0.016964 0.0334
0 0.167308 0.18773400000000007 0.016964 0.0334
0 0.18364000000000003 0.1572659999999999 0.016964 0.0334
0 0.19999199999999995 0.12738399999999994 0.016964 0.033434
0 0.2172719999999999 0.09633399999999992 0.016964 0.0334
0 0.2329920000000001 0.0664340000000001 0.016964 0.0334
0 0.24965799999999994 0.037134 0.016964 0.0334
0 0.1296759999999999 0.20473399999999997 0.016964 0.0334
0 0.146938 0.17368399999999995 0.016964 0.033434
0 0.16359600000000007 0.14263399999999993 0.016948 0.0334
0 0.18025399999999991 0.11273399999999989 0.016964 0.0334
0 0.19751800000000008 0.08166600000000002 0.016964 0.0334
0 0.21386799999999995 0.05296600000000007 0.016964 0.0334
0 0.49702599999999997 0.0383 0.016964 0.0334
0 0.48192199999999996 0.0676000000000001 0.016964 0.0334
0 0.46586799999999995 0.09689999999999999 0.016964 0.0334
0 0.451684 0.12563400000000002 0.016948 0.0334
0 0.436264 0.15549999999999997 0.016948 0.0334
0 0.42083399999999993 0.18363400000000007 0.016964 0.0334
0 0.405114 0.21411599999999997 0.016964 0.033434
0 0.4026400000000001 0.17193400000000003 0.016964 0.0334
0 0.41713200000000006 0.14145000000000008 0.016964 0.033434
0 0.43286800000000003 0.11156600000000005 0.016964 0.0334
0 0.44890399999999997 0.08460000000000001 0.016964 0.0334
0 0.46309599999999995 0.054133999999999904 0.016964 0.0334
0 0.4794480000000001 0.024834000000000023 0.016964 0.0334
0 0.44583400000000006 0.04123399999999999 0.016964 0.0334
0 0.42978000000000005 0.06936600000000004 0.016964 0.0334
0 0.41467600000000004 0.09925000000000006 0.016964 0.033434
0 0.4912019999999999 0.09366600000000003 0.012578 0.024734
0 0.41190400000000005 0.3952 0.016964 0.0334
0 0.393394 0.3823160000000001 0.016964 0.033434
0 0.37518399999999996 0.3688340000000001 0.016964 0.0334
0 0.3563780000000001 0.3547659999999999 0.016964 0.0334
0 0.33786800000000006 0.3407 0.016964 0.0334
0 0.41467600000000004 0.43799999999999994 0.016964 0.0334
0 0.3964639999999999 0.4245000000000001 0.016964 0.0334
0 0.37797400000000003 0.4110339999999999 0.016964 0.0334
0 0.35853599999999997 0.3987339999999999 0.016964 0.0334
0 0.34064000000000005 0.38466599999999995 0.016964 0.0334
0 0.3221320000000001 0.3711660000000001 0.016964 0.0334
0 0.398938 0.4678659999999999 0.016964 0.0334
0 0.38043000000000005 0.45498400000000006 0.016964 0.033434
0 0.362236 0.44209999999999994 0.016964 0.0334
0 0.344044 0.4292 0.016964 0.0334
0 0.32492199999999993 0.4151339999999999 0.016964 0.0334
0 0.30548200000000003 0.4016660000000001 0.016964 0.0334
0 0.365008 0.4860340000000001 0.016964 0.0334
0 0.3462019999999999 0.4719660000000001 0.016964 0.0334
0 0.3276920000000001 0.4584999999999999 0.016964 0.0334
0 0.30857 0.4456 0.016964 0.0334
0 0.28913199999999994 0.4327000000000001 0.016964 0.0334
0 0.349904 0.5159339999999999 0.016964 0.0334
0 0.3307800000000001 0.501266 0.016964 0.0334
0 0.311658 0.488966 0.016964 0.0334
0 0.2925359999999999 0.4760660000000001 0.016964 0.0334
0 0.2733939999999999 0.4614339999999999 0.016964 0.0334
0 0.2953079999999999 0.5200340000000001 0.016964 0.0334
0 0.2767980000000001 0.5059659999999999 0.016964 0.0334
0 0.25736000000000003 0.49249999999999994 0.016964 0.0334
0 0.260448 0.5376000000000001 0.016964 0.0334
0 0.2413240000000001 0.522966 0.016964 0.0334
0 0.220974 0.5100659999999999 0.016964 0.0334
0 0.237622 0.4796 0.016964 0.0334
0 0.25427200000000005 0.448534 0.016964 0.0334
0 0.270324 0.4174659999999999 0.016964 0.0334
0 0.28667599999999993 0.388166 0.016964 0.0334
0 0.30239400000000005 0.35828400000000005 0.016964 0.033434
0 0.31906199999999996 0.3284 0.016964 0.0334
0 0.33509600000000006 0.2979339999999999 0.016964 0.0334
0 0.3502019999999999 0.2680340000000001 0.016964 0.0334
0 0.3659380000000001 0.23756599999999994 0.016964 0.0334
0 0.2610619999999999 0.287366 0.016964 0.0334
0 0.2767980000000001 0.2568999999999999 0.016964 0.0334
0 0.29344799999999993 0.22526599999999997 0.016964 0.0334
0 0.309798 0.19536599999999993 0.016964 0.0334
0 0.32553600000000005 0.16606600000000005 0.016964 0.0334
0 0.3425 0.136166 0.016964 0.0334
0 0.14600799999999992 0.428034 0.016964 0.0334
0 0.16328999999999994 0.3993 0.016964 0.0334
0 0.17964000000000002 0.36650000000000005 0.016964 0.0334
0 0.19690399999999997 0.3366 0.016964 0.0334
0 0.21325400000000005 0.3067 0.016964 0.0334
0 0.22929 0.2762340000000001 0.016964 0.0334
0 0.24534199999999995 0.24576599999999993 0.016964 0.0334
0 0.262308 0.21530000000000005 0.016964 0.0334
0 0.27864 0.1848160000000001 0.016964 0.033434
0 0.29437800000000003 0.15549999999999997 0.016964 0.0334
0 0.311026 0.1262000000000001 0.016964 0.0334
0 0.3264560000000001 0.09515000000000007 0.016948 0.033434
0 0.12565800000000005 0.41573400000000005 0.016964 0.0334
0 0.14323599999999992 0.38349999999999995 0.016964 0.0334
0 0.15990400000000005 0.35418400000000005 0.016964 0.033434
0 0.17686800000000003 0.32313400000000003 0.016964 0.0334
0 0.1932020000000001 0.29383399999999993 0.016964 0.0334
0 0.20986799999999994 0.2609999999999999 0.016964 0.0334
0 0.2259040000000001 0.23053400000000002 0.016964 0.0334
0 0.24318400000000007 0.2012339999999999 0.016964 0.0334
0 0.258904 0.1695660000000001 0.016964 0.0334
0 0.2752540000000001 0.14086599999999994 0.016964 0.0334
0 0.29190399999999994 0.1109659999999999 0.016964 0.0334
0 0.30732399999999993 0.08166600000000002 0.016964 0.0334
0 0.10592200000000007 0.4010659999999999 0.016964 0.0334
0 0.12288600000000005 0.3700000000000001 0.016964 0.0334
0 0.14015 0.33893400000000007 0.016964 0.0334
0 0.15711399999999998 0.30788400000000005 0.016964 0.033434
0 0.23053600000000007 0.02306600000000003 0.016964 0.0334
0 0.09265799999999991 0.22056600000000004 0.016964 0.0334
0 0.10930799999999996 0.1895 0.016964 0.0334
0 0.12720200000000004 0.1590339999999999 0.016964 0.0334
0 0.1447799999999999 0.12856599999999996 0.016964 0.0334
0 0.16081600000000007 0.09633399999999992 0.016964 0.0334
0 0.17809600000000003 0.0664340000000001 0.016964 0.0334
0 0.193816 0.037134 0.016964 0.0334
0 0.05965799999999999 0.2105999999999999 0.016964 0.0334
0 0.07692199999999993 0.17836600000000002 0.016964 0.0334
0 0.05502600000000002 0.16371599999999997 0.016964 0.033434
0 0.0942019999999999 0.14906599999999992 0.016964 0.0334
0 0.07322000000000006 0.133834 0.016964 0.0334
0 0.05225400000000002 0.11741599999999996 0.016964 0.033434
0 0.10992200000000008 0.11741599999999996 0.016964 0.033434
0 0.09018400000000004 0.10159999999999991 0.016964 0.0334
0 0.06951799999999997 0.08636599999999994 0.016964 0.0334
0 0.14446399999999993 0.055884000000000045 0.016964 0.033434
0 0.12781599999999993 0.08693400000000007 0.016964 0.0334
0 0.107464 0.0717000000000001 0.016964 0.0334
0 0.08741200000000005 0.055299999999999905 0.016964 0.0334
0 0.04946399999999995 0.06994999999999996 0.016964 0.033434
0 0.06674599999999997 0.04239999999999999 0.016964 0.0334
0 0.046394000000000046 0.026000000000000023 0.016964 0.0334
0 0.12411400000000006 0.040065999999999935 0.016964 0.0334
0 0.10344799999999998 0.026000000000000023 0.016964 0.0334
0 0.16113200000000005 0.02423400000000009 0.016964 0.0334
0 0.4936400000000001 0.24166599999999994 0.016964 0.0334
0 0.47729 0.2703660000000001 0.016964 0.0334
0 0.4964120000000001 0.28268399999999994 0.016964 0.033434
0 0.4806760000000001 0.31079999999999997 0.016964 0.0334
0 0.46463999999999994 0.34129999999999994 0.016964 0.0334
0 0.44736 0.3278000000000001 0.016964 0.0334
0 0.46248200000000006 0.2990999999999999 0.016964 0.0334
0 0.444588 0.285034 0.016964 0.0334
0 0.42607799999999996 0.27154999999999996 0.016964 0.033434
0 0.4593940000000001 0.2557339999999999 0.016964 0.0334
0 0.4751320000000001 0.22643400000000002 0.016964 0.0334
0 0.4412020000000001 0.24225000000000008 0.016964 0.033434
0 0.45692200000000005 0.2135339999999999 0.016964 0.0334
0 0.507816 0.2105999999999999 0.016964 0.0334
0 0.4720439999999999 0.18306599999999995 0.016964 0.0334
0 0.489938 0.1977 0.016964 0.0334
0 0.505044 0.1672340000000001 0.016964 0.0334
0 0.5226219999999999 0.18363400000000007 0.016964 0.0334
0 0.5213939999999999 0.1391 0.016964 0.0334
0 0.4877800000000001 0.15433399999999997 0.016964 0.0334
0 0.502272 0.12446599999999997 0.016964 0.0334
0 0.5173779999999999 0.09749999999999992 0.016964 0.0334
0 0.5331140000000001 0.0687660000000001 0.016964 0.0334
0 0.4223779999999999 0.22760000000000002 0.016964 0.0334
0 0.438728 0.198866 0.016964 0.0334
0 0.45476399999999995 0.17016600000000004 0.016964 0.0334
0 0.47018399999999994 0.14086599999999994 0.016964 0.0334
0 0.484378 0.1109659999999999 0.016964 0.0334
0 0.49979799999999996 0.08226599999999995 0.016964 0.0334
0 0.5158339999999999 0.05353399999999997 0.016964 0.0334
0 0.5303420000000001 0.027166000000000023 0.016964 0.0334
0 0.42732400000000004 0.026000000000000023 0.016964 0.0334
0 0.41190400000000005 0.05469999999999997 0.016964 0.0334
0 0.393394 0.039466 0.016964 0.0334
0 0.3967799999999999 0.08283400000000007 0.016964 0.0334
0 0.399254 0.12738399999999994 0.016964 0.033434
0 0.383518 0.15670000000000006 0.016964 0.0334
0 0.38043000000000005 0.11273399999999989 0.016964 0.0334
0 0.37704399999999993 0.06994999999999996 0.016964 0.033434
0 0.362236 0.09866599999999992 0.016964 0.0334
0 0.346816 0.0582339999999999 0.016964 0.0334
0 0.3631660000000001 0.027166000000000023 0.016964 0.0334
