0 0.382492 0.1027499999999999 0.113416 0.08825
0 0.65995 0.16503200000000007 0.125566 0.097362
0 0.858416 0.060224000000000055 0.117466 0.094324
0 0.879684 0.242494 0.123534 0.094312
0 0.683242 0.351094 0.12355 0.101912
0 0.191116 0.20451799999999998 0.1276 0.091288
0 0.399716 0.2789440000000001 0.123534 0.097362
0 0.201242 0.38451199999999996 0.12355 0.098876
0 0.416924 0.4619740000000001 0.121516 0.0928
0 0.90095 0.422482 0.1215 0.095838
0 0.224534 0.5705819999999999 0.117466 0.097362
0 0.434142 0.648806 0.13165 0.098888
0 0.70045 0.531844 0.133666 0.101912
0 0.926266 0.61235 0.1195 0.09585
0 0.73185 0.7232259999999999 0.115434 0.098876
0 0.751092 0.9115759999999999 0.129616 0.098874
0 0.465534 0.8371440000000001 0.125566 0.092812
0 0.244784 0.7551239999999999 0.117466 0.101924
0 0.26605 0.948026 0.131634 0.089774
0 0.05455 0.863726 0.1091 0.094326
