0 0.583232 0.9122 0.04047 0.026794
0 0.630884 0.915072 0.04047 0.026794
0 0.676372 0.91579 0.04047 0.026794
0 0.4875640000000001 0.94067 0.04047 0.026794
0 0.5337719999999999 0.943302 0.04047 0.026794
0 0.57962 0.94378 0.04047 0.026794
0 0.62547 0.945454 0.04047 0.026794
0 0.6724000000000001 0.946172 0.04047 0.026794
0 0.5279959999999999 0.973684 0.04047 0.026794
0 0.572762 0.973924 0.04047 0.026794
0 0.6189720000000001 0.976076 0.04047 0.026794
0 0.666264 0.976794 0.04047 0.026794
0 0.239892 0.75933 0.038268 0.026316
0 0.28808600000000006 0.761602 0.041516 0.027034
0 0.333936 0.764474 0.038628 0.026556
0 0.04424199999999989 0.783134 0.038232 0.023206
0 0.09352000000000005 0.784688 0.038664 0.022966
0 0.14007199999999997 0.786004 0.040072 0.025598
0 0.1838439999999999 0.788278 0.038808 0.024402
0 0.23321199999999997 0.79043 0.03574 0.022488
0 0.28014399999999995 0.792106 0.037906 0.024402
0 0.32671399999999995 0.795216 0.040794 0.025358
0 0.040251999999999954 0.814712 0.039712 0.02512
0 0.08647999999999989 0.816028 0.037582 0.02488
0 0.1344939999999999 0.817704 0.037582 0.025358
0 0.1805239999999999 0.819498 0.040036 0.025598
0 0.22673199999999993 0.82201 0.038592 0.025838
0 0.27581199999999995 0.824522 0.037184 0.023684
0 0.32077599999999995 0.824522 0.038954 0.025598
0 0.3868419999999999 0.73421 0.03751 0.024402
0 0.433122 0.737918 0.038448 0.024642
0 0.4828699999999999 0.738996 0.038232 0.023924
0 0.52843 0.74091 0.039892 0.024402
0 0.576192 0.743302 0.036426 0.02201
0 0.6218600000000001 0.744736 0.036788 0.023924
0 0.3806860000000001 0.766508 0.038268 0.024402
0 0.42942199999999997 0.767822 0.03899 0.023684
0 0.47619199999999995 0.770096 0.039314 0.025358
0 0.525288 0.77177 0.039386 0.02488
0 0.5691520000000001 0.773326 0.03751 0.024162
0 0.617148 0.77512 0.041156 0.025838
0 0.373664 0.796292 0.040036 0.02512
0 0.42066800000000004 0.798684 0.038808 0.027034
0 0.468232 0.800478 0.036462 0.023444
0 0.5164439999999999 0.802512 0.044008 0.027512
0 0.608304 0.805862 0.040794 0.02512
0 0.655794 0.806938 0.041192 0.025838
0 0.368954 0.826556 0.04296 0.026316
0 0.41592000000000007 0.82799 0.041516 0.026316
0 0.4626539999999999 0.830144 0.04047 0.025358
0 0.5088440000000001 0.832296 0.041878 0.02488
0 0.5581400000000001 0.835526 0.040758 0.027512
0 0.6038079999999999 0.836722 0.038232 0.025598
0 0.6498200000000001 0.839114 0.043682 0.027512
0 0.031045999999999907 0.859808 0.037906 0.025358
0 0.63991 0.88445 0.04047 0.026794
0 0.6857580000000001 0.8878 0.04047 0.026794
0 0.444242 0.907656 0.04047 0.026794
0 0.492618 0.90933 0.04047 0.026794
0 0.537744 0.911722 0.04047 0.026794
0 0.37142600000000003 0.5603 0.039602 0.024666
0 0.0315160000000001 0.5786 0.04 0.024666
0 0.0789359999999999 0.581914 0.041192 0.02756
0 0.12714800000000004 0.580322 0.041588 0.027058
0 0.17815800000000004 0.58152 0.042022 0.025192
0 0.22397200000000006 0.58549 0.037618 0.024138
0 0.2717879999999999 0.586818 0.038014 0.024114
0 0.31499999999999995 0.589462 0.038808 0.024138
0 0.3648199999999999 0.591196 0.04083 0.025454
0 0.4154340000000001 0.595586 0.03722 0.025144
0 0.02611999999999992 0.609222 0.041192 0.027584
0 0.07333999999999996 0.612668 0.039602 0.026532
0 0.12075799999999992 0.614126 0.040794 0.02945
0 0.17016199999999992 0.61506 0.041192 0.029688
0 0.21678799999999998 0.616782 0.037618 0.02677
0 0.26359200000000005 0.619294 0.041624 0.027058
0 0.3124 0.620886 0.040036 0.026508
0 0.36001799999999995 0.623146 0.042418 0.025718
0 0.41043399999999997 0.624606 0.036028 0.023326
0 0.4554339999999999 0.626722 0.038808 0.025454
0 0.50305 0.6303 0.039602 0.025192
0 0.02251000000000003 0.642236 0.038014 0.024666
0 0.06933199999999995 0.643026 0.041192 0.023612
0 0.11655199999999999 0.644222 0.040398 0.024378
0 0.16416999999999993 0.646208 0.03722 0.023612
0 0.2115880000000001 0.64768 0.037618 0.024928
0 0.2596020000000001 0.65073 0.039206 0.025718
0 0.3081940000000001 0.652966 0.042022 0.024928
0 0.355216 0.655096 0.041624 0.026508
0 0.40303200000000006 0.655358 0.042022 0.027034
0 0.450234 0.658278 0.039602 0.025454
0 0.49745400000000006 0.660802 0.038014 0.024666
0 0.5440799999999999 0.663444 0.038412 0.028374
0 0.06400800000000006 0.675346 0.037618 0.02811
0 0.1124179999999999 0.676544 0.037618 0.026244
0 0.15864600000000006 0.67866 0.039602 0.02732
0 0.20705799999999996 0.679988 0.038014 0.025718
0 0.25507199999999997 0.68171 0.03722 0.024378
0 0.30328599999999994 0.683564 0.036824 0.02598
0 0.3488800000000001 0.685956 0.037618 0.023876
0 0.3968959999999999 0.687154 0.038412 0.024642
0 0.4443140000000001 0.68927 0.03722 0.024666
0 0.4909380000000001 0.692716 0.04 0.026244
0 0.5379419999999999 0.694712 0.042022 0.026508
0 0.054910000000000014 0.72177 0.037906 0.024402
0 0.10254600000000003 0.720454 0.040108 0.02512
0 0.1509020000000001 0.724282 0.037906 0.023206
0 0.20038 0.727034 0.035776 0.023444
0 0.24873600000000007 0.729546 0.037184 0.023684
0 0.29350199999999993 0.730502 0.034296 0.022728
0 0.341156 0.732416 0.042238 0.02512
0 0.049819999999999975 0.752632 0.033574 0.023924
0 0.09801400000000005 0.754186 0.03899 0.026076
0 0.14478400000000002 0.755742 0.040758 0.025358
0 0.19440400000000002 0.758254 0.037546 0.024642
0 0.07815799999999995 0.86244 0.03899 0.024402
0 0.12373600000000007 0.865312 0.037726 0.024402
0 0.17158800000000007 0.866866 0.036606 0.024642
0 0.21897199999999994 0.867584 0.038304 0.024162
0 0.2666059999999999 0.869378 0.039712 0.024402
0 0.315342 0.871292 0.033936 0.024402
0 0.361372 0.875838 0.04296 0.029186
0 0.4079600000000001 0.874162 0.039386 0.026316
0 0.022021999999999986 0.891508 0.040072 0.026556
0 0.0734840000000001 0.891508 0.042564 0.027512
0 0.120398 0.896052 0.039712 0.02512
0 0.16895400000000005 0.89677 0.040072 0.025598
0 0.21482 0.897488 0.039386 0.025598
0 0.26245399999999997 0.899522 0.040072 0.024402
0 0.30922399999999994 0.901794 0.04047 0.026076
0 0.3557760000000001 0.905024 0.039712 0.02488
0 0.401624 0.90598 0.039712 0.025838
0 0.06824999999999992 0.924044 0.042274 0.026076
0 0.11265400000000003 0.925358 0.042996 0.024402
0 0.16299599999999992 0.926436 0.043322 0.026556
0 0.207762 0.929666 0.038268 0.026794
0 0.25507199999999997 0.930024 0.03686 0.026556
0 0.303628 0.932536 0.040758 0.026316
0 0.351102 0.936124 0.041842 0.028708
0 0.39639 0.93732 0.040794 0.025358
0 0.05958400000000008 0.955024 0.040036 0.026316
0 0.10812200000000005 0.954904 0.041156 0.02512
0 0.1565160000000001 0.956938 0.04047 0.026794
0 0.20092 0.95909 0.04047 0.026794
0 0.24640799999999996 0.961004 0.04047 0.026794
0 0.24640799999999996 0.960766 0.04047 0.026794
0 0.2965880000000001 0.963398 0.04047 0.026794
0 0.34063200000000005 0.965312 0.04047 0.026794
0 0.38431400000000004 0.966508 0.04047 0.026794
0 0.4305239999999999 0.969618 0.04047 0.026794
0 0.44026999999999994 0.938756 0.04047 0.026794
0 0.4814259999999999 0.970334 0.04047 0.026794
0 0.451824 0.877272 0.04047 0.026794
0 0.4991159999999999 0.878948 0.04047 0.026794
0 0.544964 0.879186 0.04047 0.026794
0 0.5936999999999999 0.881578 0.04047 0.026794
0 0.03572200000000003 0.545334 0.038808 0.025454
0 0.08433200000000007 0.548516 0.036028 0.025454
0 0.1339539999999999 0.549832 0.035992 0.025454
0 0.179964 0.551698 0.036028 0.025454
0 0.22738199999999997 0.553672 0.038808 0.025718
0 0.2763899999999999 0.555526 0.036824 0.023588
0 0.3244039999999999 0.557788 0.037618 0.022272
