0 0.246750 0.321528 0.069167 0.052444
0 0.098542 0.372547 0.069167 0.049594
0 0.228125 0.435250 0.068400 0.051875
0 0.374438 0.379391 0.070692 0.049594
0 0.563688 0.323525 0.073725 0.054150
0 0.565971 0.218637 0.069158 0.054150
0 0.570913 0.117169 0.069925 0.048450
0 0.395338 0.168191 0.063842 0.046744
0 0.404842 0.074416 0.061567 0.043894
0 0.573571 0.027956 0.064608 0.044463
0 0.703167 0.071563 0.062333 0.042750
0 0.832750 0.119175 0.069167 0.046725
0 0.382025 0.268528 0.067617 0.053556
0 0.117529 0.263094 0.066108 0.048438
0 0.259671 0.218350 0.073725 0.050162
0 0.141483 0.166194 0.059283 0.040475
0 0.029762 0.121734 0.059308 0.040469
0 0.275996 0.120019 0.065342 0.045038
0 0.048250 0.031266 0.059283 0.041044
0 0.868692 0.713134 0.090283 0.066481
0 0.860500 0.573209 0.076000 0.058194
0 0.707283 0.635650 0.080733 0.062575
0 0.704629 0.504013 0.074408 0.058188
0 0.551833 0.564184 0.076000 0.058194
0 0.361821 0.498272 0.070725 0.053044
0 0.209017 0.558244 0.073367 0.051062
0 0.074692 0.490753 0.071783 0.054631
0 0.973567 0.275984 0.052867 0.050731
0 0.968383 0.171134 0.063233 0.047506
0 0.961575 0.075928 0.065450 0.043944
0 0.829621 0.027434 0.066508 0.043544
0 0.855933 0.445797 0.080567 0.055869
0 0.560646 0.440666 0.073725 0.052444
0 0.847192 0.330366 0.070683 0.054156
0 0.705058 0.384519 0.078283 0.054150
0 0.288550 0.028528 0.061567 0.042181
0 0.702779 0.167619 0.069158 0.047887
0 0.162383 0.074700 0.058517 0.043325
0 0.702400 0.272222 0.071450 0.050731
0 0.844908 0.222628 0.070683 0.050731
