0 0.92736 0.11760199999999998 0.06313 0.082616
0 0.942444 0.20452399999999993 0.060342 0.091226
0 0.954792 0.2901640000000001 0.063032 0.079074
0 0.781908 0.04577600000000004 0.057702 0.079564
0 0.842322 0.06547600000000009 0.06313 0.07613
0 0.583056 0.03798400000000002 0.049536 0.070082
0 0.632372 0.054904000000000064 0.049388 0.07951
0 0.68599 0.07929199999999992 0.057848 0.07357
0 0.740636 0.09782000000000002 0.05242 0.07357
0 0.792812 0.1252040000000001 0.057408 0.073298
0 0.851908 0.14223399999999997 0.060392 0.076294
0 0.448534 0.047355999999999954 0.043864 0.064414
0 0.495134 0.06863799999999998 0.04934 0.076348
0 0.541834 0.08700200000000002 0.049438 0.076458
0 0.592616 0.11308000000000007 0.052128 0.07357
0 0.646112 0.13152600000000003 0.054866 0.073732
0 0.69687 0.15575000000000006 0.052128 0.073242
0 0.750392 0.17735600000000007 0.060392 0.073624
0 0.809364 0.20168999999999992 0.057556 0.079456
0 0.86555 0.22299800000000003 0.054718 0.079346
0 0.31819 0.05950999999999995 0.052128 0.064196
0 0.36621 0.08106199999999997 0.043912 0.064578
0 0.408754 0.10078999999999994 0.04665 0.073406
0 0.454034 0.1222080000000001 0.049388 0.073406
0 0.503422 0.1436519999999999 0.049388 0.07346
0 0.551442 0.1665939999999999 0.052128 0.076622
0 0.6022 0.18629399999999996 0.054866 0.073188
0 0.654328 0.212426 0.054866 0.076512
0 0.707848 0.23242600000000002 0.052176 0.07357
0 0.762616 0.2566219999999999 0.052372 0.073134
0 0.817628 0.2858860000000001 0.057652 0.082398
0 0.876504 0.3056939999999999 0.060196 0.07951
0 0.325036 0.1328879999999999 0.049388 0.076458
0 0.37154 0.152698 0.049096 0.079346
0 0.418338 0.17572199999999993 0.049388 0.076458
0 0.464988 0.1986920000000001 0.049388 0.07346
0 0.513154 0.21999999999999997 0.05242 0.073352
0 0.562298 0.2428619999999999 0.051932 0.070136
0 0.614524 0.26594000000000007 0.052128 0.079564
0 0.66687 0.2903260000000001 0.057946 0.073298
0 0.720196 0.31471399999999994 0.054866 0.07357
0 0.773668 0.34087200000000006 0.057556 0.07684
0 0.8311 0.36844600000000005 0.057114 0.082724
0 0.888998 0.38637600000000005 0.057702 0.082834
0 0.33604 0.20629399999999998 0.043912 0.070354
0 0.38269 0.229128 0.043912 0.067084
0 0.42797 0.2491000000000001 0.04665 0.064196
0 0.47599 0.27351400000000003 0.049388 0.076404
0 0.525378 0.2980100000000001 0.049388 0.076458
0 0.573422 0.31942800000000005 0.052176 0.076458
0 0.622788 0.3454219999999999 0.052128 0.07951
0 0.677628 0.37141599999999997 0.052078 0.082562
0 0.732542 0.39599399999999996 0.052176 0.076676
0 0.784596 0.41869200000000006 0.052322 0.079238
0 0.83824 0.4507620000000001 0.06044 0.07613
0 0.898558 0.4660500000000001 0.060392 0.076076
0 0.3456 0.279674 0.052078 0.0703
0 0.390904 0.296648 0.043912 0.073732
0 0.437556 0.31942800000000005 0.049388 0.076458
0 0.484278 0.3500000000000001 0.049536 0.076458
0 0.530832 0.372916 0.04934 0.067248
0 0.58154 0.40188 0.057458 0.082344
0 0.635208 0.42337800000000003 0.054768 0.076404
0 0.687262 0.453924 0.054914 0.076348
0 0.742152 0.47842000000000007 0.054866 0.076404
0 0.798484 0.5059119999999999 0.0578 0.082452
0 0.85604 0.533406 0.057604 0.088502
0 0.91357 0.5593999999999999 0.057458 0.085558
0 0.356724 0.35313400000000006 0.052322 0.076294
0 0.401908 0.374468 0.043912 0.064142
0 0.447114 0.399046 0.046602 0.070572
0 0.492542 0.42479599999999995 0.049634 0.06703
0 0.53907 0.44496 0.049388 0.0703
0 0.591198 0.47833799999999993 0.054768 0.070572
0 0.647384 0.5029159999999999 0.051932 0.076458
0 0.699608 0.530572 0.057604 0.07673
0 0.753056 0.5579559999999999 0.054768 0.076458
0 0.810758 0.5901080000000001 0.054866 0.0794
0 0.865648 0.620436 0.060392 0.07902
0 0.924524 0.6480919999999999 0.062934 0.079292
0 0.364842 0.4264300000000001 0.04665 0.0703
0 0.410122 0.4477660000000001 0.043912 0.070136
0 0.455502 0.4738960000000001 0.046454 0.07346
0 0.50489 0.5 0.052322 0.082288
0 0.554278 0.5228060000000001 0.052322 0.07951
0 0.603668 0.5519080000000001 0.052322 0.076566
0 0.657066 0.5839240000000001 0.054866 0.07357
0 0.709168 0.611472 0.055012 0.07951
0 0.764108 0.6465399999999999 0.054866 0.082398
0 0.820342 0.6742239999999999 0.063178 0.082616
0 0.879364 0.7032419999999999 0.060342 0.085614
0 0.9411 0.7337880000000001 0.057652 0.085558
0 0.416968 0.52128 0.052128 0.070354
0 0.466356 0.5503260000000001 0.04665 0.073406
0 0.513008 0.57782 0.04665 0.067248
0 0.563912 0.6053139999999999 0.049682 0.073298
0 0.61445 0.635858 0.052372 0.073242
0 0.66797 0.6634599999999999 0.054768 0.07951
0 0.723056 0.692534 0.05511 0.076512
0 0.777726 0.7261580000000001 0.060196 0.0703
0 0.83418 0.7581739999999999 0.0578 0.079292
0 0.89308 0.7903819999999999 0.060392 0.082562
0 0.952078 0.817874 0.057604 0.082616
0 0.474622 0.625122 0.052128 0.076186
0 0.526626 0.655832 0.051882 0.076458
0 0.576136 0.6818519999999999 0.04665 0.067356
0 0.625526 0.710872 0.052128 0.076458
0 0.677776 0.744496 0.051882 0.076458
0 0.732542 0.773434 0.057652 0.079292
0 0.79022 0.80722 0.057702 0.073406
0 0.846454 0.8406 0.054768 0.07357
0 0.905404 0.8745780000000001 0.06313 0.079728
0 0.966748 0.90831 0.060636 0.079836
0 0.53626 0.7323980000000001 0.049242 0.07624
0 0.587114 0.7599720000000001 0.052176 0.076784
0 0.639242 0.793514 0.052176 0.082724
0 0.688754 0.82395 0.052322 0.076348
0 0.74352 0.85921 0.057604 0.07951
0 0.801076 0.889864 0.057506 0.079674
