0 0.705158 0.969374 0.087484 0.058326
0 0.785358 0.901938 0.102084 0.058324
0 0.8594839999999999 0.844524 0.094766 0.05285
0 0.922676 0.787106 0.089916 0.051038
0 0.942116 0.916518 0.075334 0.051038
0 0.11880800000000002 0.833332 0.069984 0.049862
0 0.21522400000000008 0.784774 0.07315 0.042
0 0.29764199999999996 0.737532 0.076984 0.052488
0 0.3762000000000001 0.68635 0.073134 0.039376
0 0.5913839999999999 0.652212 0.076566 0.049826
0 0.5111079999999999 0.695538 0.062984 0.03675
0 0.43762600000000007 0.742782 0.083984 0.047238
0 0.358884 0.795276 0.0805 0.042
0 0.269466 0.849082 0.091334 0.060362
0 0.17673399999999995 0.905512 0.094134 0.05775
0 0.06999200000000005 0.965882 0.09765 0.057738
0 0.330908 0.921082 0.087484 0.052862
0 0.42204200000000003 0.862756 0.089916 0.049212
0 0.5046660000000001 0.807156 0.085066 0.047388
0 0.5824339999999999 0.753394 0.085066 0.045562
0 0.654134 0.708738 0.0826 0.0401
0 0.7245999999999999 0.66135 0.077766 0.0401
0 0.798726 0.716024 0.07535 0.0401
0 0.7319 0.767968 0.082634 0.049212
0 0.654134 0.818094 0.077766 0.047388
0 0.577574 0.878244 0.08505 0.054688
0 0.49251599999999995 0.935656 0.0802 0.052862
