0 0.2058660000000001 0.05977800000000011 0.059866 0.089066
0 0.09646599999999994 0.08820000000000006 0.064466 0.096756
0 0.3619159999999999 0.511244 0.065634 0.0768
0 0.45231599999999994 0.476712 0.052966 0.078312
0 0.536384 0.44599999999999995 0.052966 0.072178
0 0.6198840000000001 0.417578 0.051834 0.070622
0 0.12581599999999993 0.7031780000000001 0.061034 0.076756
0 0.226016 0.666334 0.056434 0.076756
0 0.31701599999999996 0.6325559999999999 0.061034 0.079866
0 0.4079839999999999 0.599534 0.065634 0.075244
0 0.493784 0.5657559999999999 0.052966 0.081378
0 0.5744 0.536578 0.055266 0.0752
0 0.36133400000000004 0.2824439999999999 0.0622 0.085956
0 0.16901600000000006 0.34157799999999994 0.0691 0.075244
0 0.05961599999999989 0.3768879999999999 0.0553 0.078312
0 0.1149 0.4790000000000001 0.0622 0.079866
0 0.22083399999999997 0.4398439999999999 0.0668 0.084488
0 0.31526600000000005 0.41373400000000005 0.0622 0.096712
0 0.41201599999999994 0.3792 0.066766 0.089066
0 0.49723399999999995 0.35231199999999996 0.055266 0.084444
0 0.5830500000000001 0.33157799999999993 0.056434 0.082888
0 0.6659660000000001 0.299334 0.058734 0.079822
0 0.073434 0.6079779999999999 0.0668 0.076756
0 0.172466 0.5772660000000001 0.0622 0.073734
0 0.2703660000000001 0.5419560000000001 0.0576 0.082934
0 0.051549999999999985 0.2310000000000001 0.062166 0.081378
0 0.15979999999999994 0.19799999999999995 0.0668 0.089066
0 0.26115 0.17111199999999993 0.0645 0.084444
0 0.3619159999999999 0.1496440000000001 0.063366 0.078312
0 0.454634 0.11968800000000002 0.0576 0.0768
0 0.546184 0.095866 0.051834 0.078312
0 0.63025 0.07055600000000006 0.056434 0.070622
0 0.7154659999999999 0.04828800000000011 0.058734 0.075244
0 0.707984 0.18188800000000005 0.052966 0.075244
0 0.630266 0.20337800000000006 0.054134 0.084444
0 0.545016 0.22871200000000003 0.061034 0.079822
0 0.454634 0.253266 0.059866 0.079866
0 0.26633400000000007 0.31391199999999997 0.058734 0.072178
