0 0.034256000000000064 0.05107799999999996 0.03919 0.06413
0 0.058006 0.09857999999999989 0.035624 0.060962
0 0.03841199999999989 0.14964599999999995 0.041564 0.052254
0 0.083542 0.1492500000000001 0.041564 0.06255
0 0.06632199999999999 0.19596199999999997 0.04394 0.060962
0 0.045539999999999914 0.248216 0.03919 0.068876
0 0.028318000000000065 0.29967999999999995 0.04394 0.059382
0 0.03158599999999989 0.8570500000000001 0.048098 0.062544
0 0.07641399999999998 0.8530899999999999 0.04394 0.070462
0 0.1182780000000001 0.849926 0.040972 0.067296
0 0.13609000000000004 0.795296 0.049282 0.067296
0 0.180628 0.7897540000000001 0.048098 0.067296
0 0.2037819999999999 0.834484 0.045722 0.071254
0 0.22812999999999994 0.78342 0.049288 0.07363
0 0.26672399999999996 0.781442 0.051662 0.069672
0 0.310368 0.777482 0.052254 0.07284
0 0.3258080000000001 0.722456 0.052254 0.068876
0 0.37212200000000006 0.725624 0.052254 0.068876
0 0.108182 0.19279599999999997 0.039782 0.060962
0 0.13312199999999996 0.239506 0.042162 0.049876
0 0.09096199999999999 0.242672 0.040972 0.060962
0 0.07107200000000002 0.2984880000000001 0.040376 0.05542
0 0.111456 0.2889900000000001 0.04393 0.060166
0 0.1568719999999999 0.2862199999999999 0.039782 0.057796
0 0.05147600000000008 0.3499540000000001 0.04275 0.057006
0 0.09690200000000004 0.345596 0.036222 0.057796
0 0.14113799999999999 0.34243 0.05463 0.053044
0 0.1797359999999999 0.3357000000000001 0.036814 0.050672
0 0.031584000000000056 0.402204 0.040972 0.061754
0 0.07582200000000006 0.39547599999999994 0.038004 0.059382
0 0.05386599999999997 0.4485380000000001 0.043936 0.054654
0 0.03752399999999989 0.5015639999999999 0.040972 0.053044
0 0.11738599999999999 0.39349600000000007 0.04394 0.0665
0 0.10045799999999994 0.4457500000000001 0.045732 0.057006
0 0.08176000000000005 0.4964200000000001 0.04038 0.05542
0 0.063056 0.55105 0.040972 0.05542
0 0.046427999999999914 0.6025119999999999 0.039782 0.061754
0 0.16512799999999994 0.39096200000000003 0.042754 0.063334
0 0.14674999999999994 0.44044400000000006 0.04151 0.062544
0 0.12507599999999996 0.491908 0.042218 0.059382
0 0.10283799999999998 0.5473300000000001 0.04038 0.057796
0 0.0870740000000001 0.5999380000000001 0.039722 0.050592
0 0.06448199999999993 0.651044 0.040972 0.059382
0 0.04726000000000008 0.70488 0.045722 0.059376
0 0.027959999999999985 0.7634700000000001 0.03919 0.05463
0 0.04642999999999997 0.8089900000000001 0.036814 0.06334
0 0.09921800000000003 0.8038460000000001 0.046314 0.065716
0 0.07163399999999998 0.752778 0.048158 0.061754
0 0.09627800000000009 0.703692 0.047564 0.068086
0 0.10842200000000002 0.6502540000000001 0.036222 0.059382
0 0.2073179999999999 0.386212 0.04982 0.0665
0 0.18947399999999992 0.43490399999999996 0.04394 0.06571
0 0.16542600000000007 0.487158 0.040972 0.06413
0 0.1488259999999999 0.5421819999999999 0.045662 0.06176
0 0.129826 0.5932459999999999 0.042098 0.05463
0 0.11702600000000007 0.751592 0.057014 0.067296
0 0.23076999999999992 0.433716 0.045782 0.068086
0 0.2088000000000001 0.483198 0.045666 0.060962
0 0.18620799999999993 0.5354540000000001 0.032658 0.06413
0 0.17317399999999994 0.5888960000000001 0.043402 0.060172
0 0.15298600000000007 0.6387719999999999 0.046852 0.061754
0 0.13816800000000007 0.698942 0.046912 0.06492
0 0.16337599999999997 0.7464440000000001 0.04863 0.07442
0 0.2574620000000001 0.4820120000000001 0.050472 0.068086
0 0.2310399999999999 0.5279320000000001 0.05819 0.07284
0 0.2158960000000001 0.5849359999999999 0.046912 0.06176
0 0.19781399999999993 0.6391659999999999 0.042694 0.060962
0 0.18264600000000009 0.697362 0.044532 0.069672
0 0.20223799999999992 0.73932 0.038598 0.057
0 0.2800640000000001 0.529512 0.044574 0.068086
0 0.25689800000000007 0.5766199999999999 0.033908 0.053044
0 0.24264799999999997 0.6379779999999999 0.043408 0.052254
0 0.22331999999999996 0.689046 0.04275 0.056216
0 0.2444280000000001 0.7373419999999999 0.037348 0.072044
0 0.2981959999999999 0.5786020000000001 0.04394 0.06334
0 0.28180800000000006 0.6324380000000001 0.043348 0.060172
0 0.259868 0.6823140000000001 0.031412 0.05542
0 0.2788679999999999 0.730216 0.029152 0.07363
0 0.29724799999999996 0.68509 0.038598 0.070462
0 0.3284180000000001 0.624916 0.04869 0.056216
0 0.350152 0.670836 0.045722 0.072044
0 0.1214360000000001 0.04368599999999989 0.046314 0.063654
0 0.16383400000000004 0.03893199999999997 0.041324 0.059852
0 0.1449499999999999 0.08976000000000006 0.046314 0.062704
0 0.20694199999999996 0.03703400000000001 0.03919 0.052254
0 0.1909099999999999 0.08263200000000004 0.041328 0.052254
0 0.17167200000000005 0.13631400000000005 0.041324 0.057
0 0.23473199999999994 0.0778859999999999 0.04774 0.052254
0 0.2137119999999999 0.13346199999999997 0.045602 0.060802
0 0.1928700000000001 0.182342 0.039352 0.058154
0 0.27624000000000004 0.07173800000000008 0.04363 0.05813
0 0.2522899999999999 0.12418799999999997 0.031634 0.051302
0 0.23903800000000008 0.1777740000000001 0.039334 0.060426
0 0.2172320000000001 0.2285060000000001 0.041898 0.052444
0 0.3134239999999999 0.06889600000000007 0.035912 0.052444
0 0.29718 0.12247800000000009 0.039334 0.054722
0 0.277512 0.17321199999999992 0.041042 0.058142
0 0.2629760000000001 0.22793799999999997 0.039334 0.064988
0 0.2407459999999999 0.27810200000000007 0.039334 0.053586
0 0.356182 0.06433599999999995 0.037634 0.052438
0 0.338222 0.119062 0.041046 0.059284
0 0.31941200000000003 0.17207400000000006 0.039334 0.055864
0 0.3006 0.224518 0.046172 0.058148
0 0.2826439999999999 0.27581999999999995 0.04275 0.05358
0 0.26597000000000004 0.32598799999999994 0.038476 0.055864
0 0.403208 0.06604999999999994 0.049592 0.055864
0 0.3792660000000001 0.11278999999999995 0.042754 0.055864
0 0.3595999999999999 0.1652340000000001 0.035912 0.058148
0 0.34164400000000006 0.2159660000000001 0.039334 0.054722
0 0.32454000000000005 0.26841000000000004 0.035912 0.052438
0 0.3082959999999999 0.3225640000000001 0.039334 0.053586
0 0.289056 0.37557799999999997 0.040186 0.054722
0 0.4378359999999999 0.06319800000000009 0.043606 0.057
0 0.4224460000000001 0.11507 0.04532 0.046746
0 0.40491600000000005 0.16181200000000007 0.04275 0.053586
0 0.38439599999999996 0.2142599999999999 0.041042 0.055864
0 0.3690040000000001 0.26726800000000006 0.044462 0.054722
0 0.351048 0.3197159999999999 0.037624 0.059284
0 0.33180999999999994 0.3738699999999999 0.04874 0.055864
0 0.3117160000000001 0.42517000000000005 0.0342 0.058142
0 0.48187 0.059773999999999994 0.039334 0.047882
0 0.4622059999999999 0.10994199999999998 0.046172 0.057006
0 0.44382199999999994 0.16067199999999993 0.04019 0.051308
0 0.42672 0.2102679999999999 0.04532 0.054722
0 0.403208 0.2644200000000001 0.044462 0.058148
0 0.388668 0.314584 0.041042 0.051302
0 0.36643800000000004 0.36988 0.047884 0.054722
0 0.354468 0.4240299999999999 0.044462 0.058148
0 0.338222 0.4793240000000001 0.051306 0.061562
0 0.52505 0.05464599999999997 0.047028 0.058142
0 0.5075240000000001 0.10594999999999999 0.049592 0.055864
0 0.487428 0.1555439999999999 0.043606 0.057
0 0.4707539999999999 0.20855599999999996 0.044462 0.062704
0 0.449808 0.2609999999999999 0.04532 0.055864
0 0.4357 0.311164 0.04788 0.060426
0 0.41603199999999996 0.3670279999999999 0.041046 0.051302
0 0.39850399999999997 0.417192 0.047028 0.055864
0 0.3784099999999999 0.46621200000000007 0.047884 0.060426
0 0.35917200000000005 0.524926 0.04874 0.052444
0 0.56524 0.047806000000000015 0.041898 0.058142
0 0.546856 0.10024999999999995 0.044462 0.060426
0 0.526762 0.15212399999999993 0.04019 0.059284
0 0.5100880000000001 0.20456800000000008 0.049592 0.052444
0 0.4917039999999999 0.2587219999999999 0.047028 0.062704
0 0.4784520000000001 0.3100240000000001 0.041042 0.05358
0 0.45622000000000007 0.3567659999999999 0.046172 0.055864
0 0.4378359999999999 0.40806999999999993 0.04019 0.060426
0 0.4233 0.4627939999999999 0.052158 0.064982
0 0.4027799999999999 0.5198 0.043606 0.060426
0 0.3839680000000001 0.5659719999999999 0.045314 0.057006
0 0.607564 0.04381400000000002 0.051306 0.057
0 0.5891820000000001 0.09740199999999999 0.05045 0.059284
0 0.571224 0.15041400000000005 0.048736 0.062704
0 0.5541240000000001 0.19715799999999994 0.045314 0.053586
0 0.5331760000000001 0.251312 0.049592 0.054722
0 0.5147919999999999 0.3037540000000001 0.043612 0.054728
0 0.500686 0.3539159999999999 0.044462 0.057006
0 0.481444 0.4063619999999999 0.052158 0.054722
0 0.46263199999999993 0.465074 0.048736 0.058148
0 0.44425000000000003 0.5140979999999999 0.044462 0.05358
0 0.42629399999999995 0.5636920000000001 0.046172 0.06384
0 0.40791 0.6127119999999999 0.048736 0.057006
0 0.6490340000000001 0.039827999999999975 0.05045 0.055864
0 0.6310819999999999 0.08827800000000008 0.04532 0.06384
0 0.6152599999999999 0.14642200000000005 0.049592 0.061562
0 0.5951660000000001 0.19943599999999995 0.047028 0.053586
0 0.57721 0.25017 0.04532 0.054722
0 0.55498 0.2951919999999999 0.053866 0.062728
0 0.5460020000000001 0.3504940000000001 0.047884 0.066124
0 0.525908 0.4046479999999999 0.050444 0.071828
0 0.504958 0.4542440000000001 0.041046 0.057006
0 0.491706 0.508966 0.048736 0.070686
0 0.4716119999999999 0.5597000000000001 0.051306 0.06271
0 0.4519439999999999 0.6138539999999999 0.054722 0.054722
0 0.430142 0.666868 0.055578 0.067266
0 0.6755439999999999 0.08372000000000002 0.04532 0.061562
0 0.6592960000000001 0.14356999999999998 0.05387 0.051302
0 0.639632 0.19373799999999997 0.055578 0.060426
0 0.620392 0.24047799999999997 0.053014 0.060426
0 0.59602 0.2963420000000001 0.04532 0.060426
0 0.58619 0.3476459999999999 0.044462 0.064982
0 0.5669519999999999 0.39609800000000006 0.043606 0.061568
0 0.5434380000000001 0.44911199999999996 0.046172 0.062704
0 0.531466 0.5049779999999999 0.049598 0.058142
0 0.5122260000000001 0.556848 0.05387 0.054722
0 0.49640799999999996 0.6110040000000001 0.056436 0.058142
0 0.663572 0.23763 0.048736 0.075246
0 0.6439060000000001 0.29406200000000005 0.055578 0.069544
0 0.620392 0.346506 0.058144 0.062704
0 0.610986 0.39724000000000004 0.051306 0.061568
0 0.573364 0.500988 0.0513 0.061568
