0 0.056552 0.497895 0.033125 0.018633
0 0.054208 0.539320 0.027625 0.020734
0 0.051448 0.583285 0.033146 0.021711
0 0.033495 0.643859 0.035885 0.024844
0 0.029359 0.697691 0.041406 0.026914
0 0.024526 0.755664 0.037260 0.028984
0 0.090000 0.837793 0.044792 0.031758
0 0.092969 0.774813 0.042188 0.032094
0 0.092849 0.714770 0.041406 0.034164
0 0.098370 0.658352 0.038656 0.024844
0 0.166000 0.673879 0.038646 0.026914
0 0.164625 0.734441 0.044167 0.030023
0 0.163932 0.793445 0.040031 0.027953
0 0.164620 0.861488 0.046927 0.031414
0 0.243651 0.884012 0.044094 0.033789
0 0.323203 0.907375 0.047927 0.035937
0 0.396052 0.858164 0.044083 0.036328
0 0.481839 0.877855 0.046969 0.035852
0 0.570984 0.904137 0.050802 0.039539
0 0.661557 0.928582 0.051760 0.040977
0 0.724828 0.877902 0.049844 0.037383
0 0.636161 0.856691 0.050802 0.036664
0 0.696068 0.806012 0.051760 0.043133
0 0.612682 0.784805 0.051760 0.039531
0 0.547016 0.830098 0.043135 0.036664
0 0.463604 0.809621 0.048833 0.033102
0 0.385984 0.787680 0.048885 0.033781
0 0.315536 0.835129 0.049844 0.033789
0 0.240297 0.814637 0.045052 0.030195
0 0.235505 0.751020 0.041219 0.032352
0 0.310745 0.769348 0.042177 0.033070
0 0.234068 0.690988 0.038344 0.027320
0 0.302599 0.707523 0.039302 0.028750
0 0.378797 0.725496 0.042177 0.031633
0 0.450693 0.743828 0.040260 0.030938
0 0.527849 0.761801 0.045052 0.032352
0 0.674026 0.723699 0.038344 0.033789
0 0.729620 0.683801 0.040260 0.030195
0 0.651974 0.667270 0.047927 0.033070
0 0.704214 0.630605 0.045052 0.033070
0 0.755495 0.593223 0.040260 0.027320
0 0.769396 0.542180 0.043125 0.025875
0 0.792880 0.471371 0.036427 0.020852
0 0.745911 0.498328 0.038344 0.025875
0 0.699422 0.528879 0.039302 0.028039
0 0.680734 0.578844 0.034510 0.023000
0 0.629932 0.614430 0.038344 0.025156
0 0.577693 0.649652 0.037385 0.025164
0 0.593984 0.704289 0.039302 0.028031
0 0.518745 0.687035 0.040260 0.028039
0 0.445896 0.669785 0.042167 0.030914
0 0.503406 0.631324 0.038333 0.027320
0 0.556609 0.598973 0.043135 0.028758
0 0.610281 0.567340 0.041208 0.023008
0 0.633286 0.517379 0.037385 0.025164
0 0.676901 0.488266 0.034510 0.020125
0 0.725302 0.460586 0.035458 0.022281
0 0.767958 0.434707 0.034500 0.022289
0 0.810130 0.399480 0.034510 0.022289
0 0.850870 0.375039 0.031635 0.016531
0 0.887771 0.352035 0.028750 0.019414
0 0.862849 0.324359 0.030677 0.018687
0 0.803901 0.315012 0.033552 0.018695
0 0.825948 0.344488 0.031625 0.018695
0 0.767000 0.335859 0.030667 0.020125
0 0.787604 0.366395 0.033542 0.022320
0 0.750703 0.308543 0.030677 0.015820
0 0.691276 0.301711 0.028760 0.015094
0 0.710927 0.329391 0.029708 0.015813
0 0.727693 0.358500 0.032573 0.018000
0 0.749266 0.390137 0.033552 0.017977
0 0.686964 0.382586 0.029719 0.017250
0 0.703734 0.425363 0.034510 0.022289
0 0.629932 0.372523 0.032594 0.023000
0 0.671146 0.350598 0.028750 0.016539
0 0.654854 0.320762 0.030667 0.017258
0 0.639536 0.294887 0.030719 0.017258
0 0.641484 0.414598 0.028490 0.018945
0 0.440229 0.483789 0.038750 0.023984
0 0.380906 0.472656 0.032396 0.018906
0 0.412469 0.528516 0.035104 0.022656
0 0.475854 0.540703 0.037500 0.022813
0 0.502729 0.495312 0.032292 0.022500
0 0.564604 0.506445 0.036875 0.021641
0 0.541948 0.553516 0.040729 0.025156
0 0.612417 0.478203 0.037292 0.022969
0 0.550490 0.468258 0.034271 0.020422
0 0.660021 0.451047 0.031875 0.020313
0 0.596427 0.441320 0.036354 0.022109
0 0.537156 0.430891 0.033438 0.022187
0 0.582260 0.406711 0.033646 0.019141
0 0.524500 0.398039 0.031042 0.018047
0 0.479448 0.421359 0.034062 0.020625
0 0.466375 0.389289 0.036875 0.019766
0 0.515698 0.357297 0.029896 0.018437
0 0.571687 0.365578 0.032083 0.018281
0 0.613979 0.343898 0.029167 0.017891
0 0.557937 0.335461 0.025625 0.015547
0 0.599500 0.315734 0.030417 0.015000
0 0.584396 0.288977 0.022917 0.016484
0 0.545594 0.308273 0.026562 0.016484
0 0.535490 0.282219 0.027396 0.014844
0 0.505542 0.327570 0.031875 0.019922
0 0.496740 0.300930 0.031146 0.015547
0 0.486219 0.274523 0.027812 0.016641
0 0.445958 0.294484 0.032917 0.016875
0 0.434917 0.268586 0.025833 0.015391
0 0.454344 0.319445 0.031771 0.018672
0 0.463771 0.349836 0.035417 0.020859
0 0.409448 0.341477 0.027396 0.016172
0 0.401844 0.313312 0.026979 0.015938
0 0.411948 0.379992 0.032188 0.022109
0 0.359292 0.371477 0.026667 0.017422
0 0.359240 0.333000 0.030729 0.018906
0 0.352990 0.306203 0.028229 0.017500
0 0.394135 0.286789 0.033021 0.018672
0 0.347573 0.279563 0.029687 0.016875
0 0.385542 0.263547 0.027917 0.016094
0 0.491167 0.585023 0.038125 0.026094
0 0.433927 0.618539 0.040312 0.028437
0 0.375698 0.655336 0.042188 0.028125
0 0.305906 0.638930 0.037604 0.028281
0 0.366896 0.605375 0.039792 0.028984
0 0.300854 0.591781 0.034792 0.027109
0 0.357833 0.559633 0.036250 0.022031
0 0.421010 0.572562 0.036979 0.025547
0 0.350646 0.516117 0.036250 0.022813
0 0.290177 0.505180 0.031979 0.020625
0 0.294083 0.545648 0.036667 0.026094
0 0.322625 0.461832 0.029375 0.018305
0 0.374245 0.437695 0.030240 0.019922
0 0.429760 0.446852 0.031542 0.019766
0 0.423172 0.411859 0.034781 0.023000
0 0.490026 0.456730 0.031969 0.022352
0 0.366365 0.402707 0.033917 0.022195
0 0.309885 0.393066 0.031104 0.016852
0 0.316901 0.424652 0.033052 0.019117
0 0.305240 0.362609 0.033479 0.019766
0 0.308047 0.323891 0.029594 0.016844
0 0.304479 0.298621 0.028937 0.018789
0 0.298755 0.273023 0.029156 0.014250
0 0.255234 0.291086 0.028948 0.015391
0 0.259984 0.318141 0.028510 0.015719
0 0.254906 0.353539 0.028729 0.018141
0 0.240958 0.623082 0.039271 0.029461
0 0.237297 0.578902 0.034615 0.026961
0 0.176719 0.608855 0.039938 0.025961
0 0.112484 0.596621 0.035281 0.025461
0 0.115151 0.550445 0.039281 0.022969
0 0.176057 0.564422 0.037281 0.021969
0 0.177052 0.523234 0.037938 0.020469
0 0.233219 0.534023 0.027917 0.018203
0 0.231500 0.492734 0.030312 0.018750
0 0.173531 0.482109 0.030833 0.018438
0 0.114937 0.510820 0.033229 0.019297
0 0.118479 0.471016 0.031354 0.018438
0 0.155875 0.431016 0.027604 0.018281
0 0.210458 0.441602 0.027812 0.016953
0 0.265198 0.451758 0.029375 0.017422
0 0.261448 0.418203 0.029167 0.017813
0 0.208948 0.408164 0.030417 0.016641
0 0.259208 0.383828 0.028854 0.018281
0 0.207542 0.376133 0.028229 0.016953
0 0.205719 0.346523 0.026250 0.014141
0 0.154729 0.397656 0.028854 0.017344
