0 0.767500 0.361559 0.050000 0.041255
0 0.524069 0.726923 0.051863 0.044130
0 0.479608 0.712470 0.051863 0.042834
0 0.434240 0.697166 0.049951 0.039757
0 0.391667 0.684190 0.050000 0.044332
0 0.346299 0.667368 0.051814 0.047368
0 0.605490 0.710182 0.048137 0.041255
0 0.563824 0.692632 0.050000 0.039838
0 0.518529 0.681822 0.048235 0.039595
0 0.476814 0.666599 0.050000 0.042834
0 0.431471 0.651296 0.048137 0.039757
0 0.389804 0.635243 0.050000 0.041255
0 0.345294 0.620709 0.053529 0.042794
0 0.296422 0.606215 0.051667 0.044332
0 0.639755 0.683401 0.050000 0.039757
0 0.598088 0.668907 0.048137 0.038219
0 0.556422 0.652065 0.046275 0.038219
0 0.513848 0.637571 0.049951 0.039838
0 0.472206 0.621498 0.048137 0.041296
0 0.430466 0.607733 0.049853 0.041296
0 0.384240 0.591660 0.053775 0.039757
0 0.336127 0.576478 0.050000 0.042996
0 0.291691 0.561134 0.049951 0.042915
0 0.676765 0.655891 0.046275 0.042794
0 0.636961 0.637551 0.051863 0.042794
0 0.596225 0.625304 0.048137 0.039757
0 0.553676 0.608502 0.048137 0.039757
0 0.510147 0.593198 0.050000 0.039757
0 0.403775 0.382955 0.048333 0.041296
0 0.358333 0.366134 0.050000 0.044332
0 0.312255 0.346964 0.050000 0.042915
0 0.779510 0.486923 0.048137 0.041296
0 0.735098 0.472409 0.044412 0.036721
0 0.694314 0.454818 0.044510 0.041296
0 0.651716 0.440304 0.044608 0.036721
0 0.615564 0.421943 0.042402 0.036680
0 0.572157 0.405911 0.048137 0.041296
0 0.528676 0.389028 0.046275 0.038138
0 0.487794 0.371498 0.045980 0.039757
0 0.442598 0.352389 0.048137 0.041296
0 0.397206 0.337085 0.050000 0.044372
0 0.351863 0.316559 0.048137 0.042996
0 0.736838 0.431134 0.047892 0.039757
0 0.474069 0.233866 0.048137 0.045870
0 0.557353 0.227753 0.051863 0.045870
0 0.521275 0.252996 0.046275 0.041296
0 0.597059 0.246883 0.046078 0.038219
0 0.641593 0.264453 0.049951 0.042834
0 0.682328 0.280526 0.046324 0.041296
0 0.725980 0.301174 0.051961 0.039757
0 0.562892 0.275162 0.048137 0.042794
0 0.605490 0.289676 0.044412 0.038219
0 0.647157 0.308806 0.042549 0.036721
0 0.686936 0.326397 0.040735 0.041296
0 0.724853 0.343968 0.042451 0.039757
0 0.693480 0.412854 0.046373 0.039879
0 0.651789 0.396721 0.044461 0.041296
0 0.612010 0.379150 0.042647 0.040081
0 0.569461 0.362308 0.046373 0.039757
0 0.527745 0.342429 0.044412 0.039757
0 0.484216 0.327915 0.050000 0.038259
0 0.438873 0.307267 0.048137 0.042794
0 0.393529 0.291984 0.050000 0.042834
0 0.771250 0.402834 0.042500 0.038219
0 0.730637 0.386700 0.042647 0.039555
0 0.690662 0.369190 0.044461 0.038219
0 0.649020 0.352348 0.046275 0.038300
0 0.607353 0.334798 0.048137 0.039717
0 0.566250 0.317004 0.046324 0.039676
0 0.522279 0.297632 0.046618 0.042146
0 0.480098 0.281154 0.046569 0.045789
0 0.433529 0.263684 0.050980 0.047530
0 0.450000 0.399028 0.048137 0.039757
0 0.489804 0.412794 0.046275 0.039757
0 0.530392 0.434109 0.050000 0.039879
0 0.573015 0.452551 0.046127 0.039757
0 0.618456 0.469352 0.048088 0.039757
0 0.660098 0.484636 0.046275 0.042794
0 0.700809 0.499130 0.042500 0.038178
0 0.739706 0.516761 0.046275 0.039757
0 0.779510 0.529737 0.044412 0.035182
0 0.314804 0.392895 0.048235 0.045870
0 0.362157 0.413543 0.050196 0.041255
0 0.407402 0.428826 0.055588 0.041296
0 0.453676 0.444089 0.048529 0.038138
0 0.496397 0.461032 0.048382 0.041498
0 0.535147 0.479291 0.048137 0.041255
0 0.578652 0.495951 0.049951 0.041296
0 0.623088 0.511377 0.046275 0.041215
0 0.664755 0.525162 0.048137 0.041255
0 0.704559 0.540445 0.046275 0.038219
0 0.746201 0.556417 0.051814 0.039960
0 0.273162 0.421964 0.053676 0.045870
0 0.322255 0.438866 0.048137 0.042915
0 0.367598 0.458644 0.053725 0.042794
0 0.412034 0.472470 0.049951 0.039676
0 0.456471 0.488462 0.050000 0.040891
0 0.500882 0.505283 0.046275 0.041255
0 0.545417 0.522915 0.046422 0.036761
0 0.586961 0.537328 0.048137 0.041134
0 0.628725 0.552692 0.046471 0.041255
0 0.668431 0.568725 0.044412 0.036640
0 0.710098 0.584798 0.050000 0.041255
0 0.750858 0.597692 0.046324 0.039919
0 0.279657 0.467814 0.048137 0.039757
0 0.326863 0.483117 0.050000 0.039757
0 0.373088 0.502126 0.049902 0.041093
0 0.418554 0.517470 0.048186 0.041174
0 0.461078 0.533563 0.048137 0.039757
0 0.505515 0.550324 0.051814 0.042672
0 0.549951 0.564980 0.048137 0.038462
0 0.592549 0.581741 0.044412 0.041296
0 0.631373 0.594879 0.048039 0.036964
0 0.672157 0.610789 0.048137 0.041255
0 0.712892 0.628381 0.048137 0.039757
0 0.331495 0.530506 0.055539 0.045870
0 0.378701 0.547328 0.049951 0.039757
0 0.423088 0.561943 0.050098 0.041296
0 0.465735 0.577247 0.050000 0.041134
