0 0.16207400000000005 0.202564 0.0666 0.083718
0 0.2459499999999999 0.2075 0.0781 0.080448
0 0.600026 0.376602 0.0666 0.100128
0 0.2523500000000001 0.385624 0.073 0.085352
0 0.212024 0.480032 0.0589 0.096858
0 0.07436200000000004 0.205866 0.067874 0.100128
0 0.12366199999999994 0.299424 0.074274 0.096858
0 0.39064999999999994 0.475112 0.06785 0.10343
0 0.592976 0.861714 0.0935 0.111634
0 0.34903799999999996 0.572788 0.074276 0.088654
0 0.1230119999999999 0.48742 0.080674 0.082084
0 0.3778379999999999 0.289584 0.070426 0.09032
0 0.22866199999999992 0.868286 0.074274 0.098494
0 0.495012 0.869102 0.076826 0.11
0 0.721026 0.755016 0.073 0.098494
0 0.04491200000000006 0.875674 0.083226 0.11327
0 0.20626199999999995 0.296972 0.070424 0.105096
0 0.40537599999999996 0.865 0.07685 0.091924
0 0.036588000000000065 0.676218 0.071724 0.091924
0 0.16976199999999997 0.389728 0.076824 0.080416
0 0.260038 0.578526 0.070426 0.086988
0 0.440588 0.571972 0.070426 0.090288
0 0.3394379999999999 0.205032 0.067874 0.085384
0 0.08588799999999996 0.77226 0.090926 0.090288
0 0.18001200000000006 0.769792 0.074276 0.091956
0 0.2677240000000001 0.767324 0.0781 0.093558
0 0.358638 0.770608 0.070424 0.083718
0 0.45211200000000007 0.768142 0.067874 0.085384
0 0.537912 0.763206 0.067874 0.088654
0 0.6307499999999999 0.758302 0.0794 0.088654
0 0.13518800000000009 0.873206 0.071724 0.088654
0 0.314462 0.868286 0.074274 0.091956
0 0.680688 0.859262 0.074276 0.100128
0 0.7696879999999999 0.865016 0.096026 0.111634
0 0.42395000000000005 0.205032 0.07555 0.078782
0 0.29525 0.29452 0.0717 0.080448
0 0.47067400000000004 0.292052 0.06915 0.091924
0 0.07947400000000004 0.39383 0.073 0.085352
0 0.3432740000000001 0.386442 0.073 0.083718
0 0.4335500000000001 0.381522 0.0794 0.077148
0 0.5199879999999999 0.386442 0.067876 0.086988
0 0.2984500000000001 0.480032 0.07555 0.083718
0 0.479012 0.47673 0.065324 0.083718
0 0.5673619999999999 0.473446 0.067874 0.090288
0 0.6518740000000001 0.470994 0.06275 0.091924
0 0.5302260000000001 0.571154 0.073 0.088654
0 0.6185879999999999 0.566218 0.072974 0.088654
0 0.705662 0.573606 0.080674 0.10343
0 0.08716199999999996 0.577692 0.083224 0.088654
0 0.17552600000000007 0.576058 0.07555 0.091924
0 0.12815 0.672916 0.07555 0.105064
0 0.2190620000000001 0.671298 0.072976 0.082084
0 0.30485000000000007 0.674568 0.073 0.088622
0 0.40153799999999995 0.66718 0.079376 0.09359
0 0.4873259999999999 0.664712 0.06915 0.091924
0 0.5763240000000001 0.66718 0.073 0.096858
0 0.667888 0.663044 0.076826 0.091858
