0 0.823344 0.09494399999999992 0.099562 0.171
0 0.917344 0.26105599999999995 0.097312 0.177
0 0.699718 0.1775 0.111938 0.208778
0 0.221376 0.19144399999999995 0.1085 0.208888
0 0.318188 0.349556 0.114124 0.202888
0 0.664468 0.380444 0.097312 0.204888
0 0.538032 0.4410559999999999 0.104062 0.179
0 0.089344 0.2521119999999999 0.110812 0.194888
0 0.063032 0.4639439999999999 0.102938 0.177
0 0.190032 0.403278 0.101812 0.191
0 0.152 0.6211120000000001 0.1085 0.173112
0 0.288532 0.5643879999999999 0.106312 0.195
0 0.406 0.517666 0.11075 0.212888
0 0.794282 0.327666 0.099562 0.167112
0 0.886594 0.49377800000000005 0.105188 0.192888
0 0.562656 0.23222199999999993 0.108562 0.206888
0 0.346124 0.132722 0.094 0.210778
0 0.439032 0.2918879999999999 0.102938 0.190888
0 0.125718 0.8448880000000001 0.107438 0.175112
0 0.248218 0.782222 0.101812 0.196888
0 0.383624 0.735444 0.097374 0.198888
0 0.346688 0.926388 0.099624 0.143222
0 0.503906 0.6767780000000001 0.105188 0.196888
0 0.472032 0.8876120000000001 0.101812 0.177
0 0.632594 0.606166 0.102938 0.199
0 0.596782 0.8249439999999999 0.098438 0.179
0 0.756218 0.5465 0.097312 0.183
0 0.72375 0.7623340000000001 0.095124 0.169112
0 0.819438 0.916444 0.0895 0.159112
0 0.847968 0.706612 0.097312 0.177
0 0.942532 0.8657220000000001 0.100688 0.181
