0 0.224896 0.620824 0.013748 0.018438
0 0.235480 0.632386 0.013748 0.018438
0 0.211620 0.626443 0.013748 0.018438
0 0.204557 0.628330 0.013748 0.018438
0 0.243616 0.645184 0.013748 0.018438
0 0.245235 0.659870 0.013748 0.018438
0 0.249040 0.673623 0.013748 0.018438
0 0.247684 0.685163 0.013748 0.018438
0 0.254727 0.698915 0.013748 0.018438
0 0.258531 0.712972 0.013748 0.018438
0 0.250395 0.714837 0.013748 0.018438
0 0.242524 0.719219 0.013748 0.018438
0 0.234124 0.721085 0.013748 0.018438
0 0.227608 0.722343 0.013748 0.018438
0 0.220829 0.724208 0.013748 0.018438
0 0.228512 0.649241 0.013748 0.018438
0 0.230885 0.664100 0.013748 0.018438
0 0.241469 0.700022 0.013748 0.018438
0 0.233051 0.675336 0.013748 0.018438
0 0.232241 0.691584 0.013748 0.018438
0 0.230621 0.705315 0.013748 0.018438
0 0.224105 0.707505 0.013748 0.018438
0 0.217608 0.708764 0.013748 0.018438
0 0.225744 0.691584 0.013748 0.018438
0 0.217608 0.695011 0.013748 0.018438
0 0.210000 0.697202 0.013748 0.018438
0 0.203239 0.699393 0.013748 0.018438
0 0.238757 0.673145 0.013748 0.018438
0 0.224105 0.680022 0.013748 0.018438
0 0.218418 0.681584 0.013748 0.018438
0 0.213804 0.655662 0.013748 0.018438
0 0.201601 0.657852 0.013748 0.018438
0 0.190753 0.661605 0.013748 0.018438
0 0.183427 0.664100 0.013748 0.018438
0 0.175574 0.651280 0.013748 0.018438
0 0.176930 0.638785 0.013748 0.018438
0 0.307910 0.591931 0.013748 0.018438
0 0.287834 0.579761 0.013748 0.018438
0 0.348851 0.815835 0.013748 0.018438
0 0.459360 0.832017 0.013748 0.018438
0 0.455461 0.850477 0.013748 0.018438
0 0.457024 0.866204 0.013748 0.018438
0 0.455857 0.881063 0.013748 0.018438
0 0.469529 0.893644 0.013748 0.018438
0 0.471469 0.876551 0.013748 0.018438
0 0.467571 0.863514 0.013748 0.018438
0 0.483183 0.862169 0.013748 0.018438
0 0.470301 0.847766 0.013748 0.018438
0 0.445311 0.910282 0.013748 0.018438
0 0.456252 0.907592 0.013748 0.018438
0 0.467175 0.908937 0.013748 0.018438
0 0.492957 0.876551 0.013748 0.018438
0 0.499209 0.887809 0.013748 0.018438
0 0.482015 0.890499 0.013748 0.018438
0 0.478889 0.911649 0.013748 0.018438
0 0.358230 0.769046 0.013748 0.018438
0 0.368776 0.781649 0.013748 0.018438
0 0.380885 0.782538 0.013748 0.018438
0 0.377363 0.765900 0.013748 0.018438
0 0.401186 0.763644 0.013748 0.018438
0 0.378531 0.752408 0.013748 0.018438
0 0.400791 0.744317 0.013748 0.018438
0 0.364482 0.723623 0.013748 0.018438
0 0.361733 0.748807 0.013748 0.018438
0 0.425009 0.772213 0.013748 0.018438
0 0.423051 0.760065 0.013748 0.018438
0 0.425386 0.741605 0.013748 0.018438
0 0.437495 0.754208 0.013748 0.018438
0 0.438663 0.738026 0.013748 0.018438
0 0.377363 0.736659 0.013748 0.018438
0 0.392203 0.730824 0.013748 0.018438
0 0.401959 0.729024 0.013748 0.018438
0 0.380490 0.718677 0.013748 0.018438
0 0.392599 0.715987 0.013748 0.018438
0 0.403145 0.711931 0.013748 0.018438
0 0.383220 0.700672 0.013748 0.018438
0 0.391412 0.698894 0.013748 0.018438
0 0.400395 0.697093 0.013748 0.018438
0 0.382825 0.683601 0.013748 0.018438
0 0.389473 0.682234 0.013748 0.018438
0 0.401186 0.680434 0.013748 0.018438
0 0.382825 0.664707 0.013748 0.018438
0 0.393371 0.664707 0.013748 0.018438
0 0.359793 0.707440 0.013748 0.018438
0 0.369944 0.704273 0.013748 0.018438
0 0.368776 0.687180 0.013748 0.018438
0 0.357834 0.690781 0.013748 0.018438
0 0.356271 0.674599 0.013748 0.018438
0 0.368776 0.670998 0.013748 0.018438
0 0.369944 0.653905 0.013748 0.018438
0 0.357834 0.658850 0.013748 0.018438
0 0.349642 0.756009 0.013748 0.018438
0 0.350019 0.739826 0.013748 0.018438
0 0.350414 0.723167 0.013748 0.018438
0 0.351205 0.706985 0.013748 0.018438
0 0.349247 0.692581 0.013748 0.018438
0 0.348475 0.676399 0.013748 0.018438
0 0.347288 0.661106 0.013748 0.018438
0 0.416422 0.744317 0.013748 0.018438
0 0.413672 0.727679 0.013748 0.018438
0 0.415631 0.710586 0.013748 0.018438
0 0.417966 0.693037 0.013748 0.018438
0 0.414859 0.676399 0.013748 0.018438
0 0.426573 0.689892 0.013748 0.018438
0 0.423842 0.707874 0.013748 0.018438
0 0.430866 0.721822 0.013748 0.018438
0 0.438663 0.720933 0.013748 0.018438
0 0.439849 0.702928 0.013748 0.018438
0 0.439058 0.684946 0.013748 0.018438
0 0.450772 0.717766 0.013748 0.018438
0 0.450000 0.735770 0.013748 0.018438
0 0.452335 0.751952 0.013748 0.018438
0 0.462486 0.749718 0.013748 0.018438
0 0.464444 0.728568 0.013748 0.018438
0 0.475386 0.765900 0.013748 0.018438
0 0.500772 0.844165 0.013748 0.018438
0 0.509736 0.859913 0.013748 0.018438
0 0.508173 0.844620 0.013748 0.018438
0 0.508173 0.825271 0.013748 0.018438
0 0.482806 0.812690 0.013748 0.018438
0 0.485932 0.828438 0.013748 0.018438
0 0.496083 0.827072 0.013748 0.018438
0 0.496083 0.811345 0.013748 0.018438
0 0.472655 0.783449 0.013748 0.018438
0 0.460546 0.783449 0.013748 0.018438
0 0.448832 0.785249 0.013748 0.018438
0 0.461714 0.800087 0.013748 0.018438
0 0.460923 0.816725 0.013748 0.018438
0 0.473032 0.814490 0.013748 0.018438
0 0.474595 0.828438 0.013748 0.018438
0 0.485537 0.845531 0.013748 0.018438
0 0.494896 0.859913 0.013748 0.018438
0 0.505066 0.877462 0.013748 0.018438
0 0.521469 0.888243 0.013748 0.018438
0 0.518343 0.876551 0.013748 0.018438
0 0.520282 0.860369 0.013748 0.018438
0 0.520678 0.842820 0.013748 0.018438
0 0.522241 0.823926 0.013748 0.018438
0 0.521846 0.809544 0.013748 0.018438
0 0.513258 0.808178 0.013748 0.018438
0 0.510923 0.794685 0.013748 0.018438
0 0.498023 0.779848 0.013748 0.018438
0 0.487100 0.763644 0.013748 0.018438
0 0.498418 0.761866 0.013748 0.018438
0 0.473427 0.745662 0.013748 0.018438
0 0.473823 0.730369 0.013748 0.018438
0 0.531620 0.890499 0.013748 0.018438
0 0.532787 0.874751 0.013748 0.018438
0 0.532392 0.873861 0.013748 0.018438
0 0.534350 0.859024 0.013748 0.018438
0 0.534746 0.841475 0.013748 0.018438
0 0.534350 0.824382 0.013748 0.018438
0 0.546460 0.857657 0.013748 0.018438
0 0.545669 0.874317 0.013748 0.018438
0 0.546460 0.887809 0.013748 0.018438
0 0.545273 0.905792 0.013748 0.018438
0 0.351205 0.830217 0.013748 0.018438
0 0.561676 0.871150 0.013748 0.018438
0 0.560904 0.855857 0.013748 0.018438
0 0.550358 0.837419 0.013748 0.018438
0 0.535518 0.808633 0.013748 0.018438
0 0.523804 0.792451 0.013748 0.018438
0 0.510132 0.778048 0.013748 0.018438
0 0.490226 0.743861 0.013748 0.018438
0 0.489040 0.726312 0.013748 0.018438
0 0.499209 0.744317 0.013748 0.018438
0 0.511299 0.760065 0.013748 0.018438
0 0.527702 0.772646 0.013748 0.018438
0 0.537476 0.788395 0.013748 0.018438
0 0.550753 0.804599 0.013748 0.018438
0 0.562467 0.822126 0.013748 0.018438
0 0.563635 0.836074 0.013748 0.018438
0 0.574576 0.855423 0.013748 0.018438
0 0.540603 0.772646 0.013748 0.018438
0 0.553484 0.785249 0.013748 0.018438
0 0.567533 0.800542 0.013748 0.018438
0 0.567928 0.784338 0.013748 0.018438
0 0.557778 0.769046 0.013748 0.018438
0 0.501149 0.727223 0.013748 0.018438
0 0.513653 0.742972 0.013748 0.018438
0 0.528098 0.754664 0.013748 0.018438
0 0.541770 0.753753 0.013748 0.018438
0 0.554652 0.750152 0.013748 0.018438
0 0.567928 0.750607 0.013748 0.018438
0 0.542938 0.736659 0.013748 0.018438
0 0.528870 0.738915 0.013748 0.018438
0 0.514821 0.723623 0.013748 0.018438
0 0.577307 0.838330 0.013748 0.018438
0 0.575348 0.818091 0.013748 0.018438
0 0.583936 0.797397 0.013748 0.018438
0 0.585499 0.781193 0.013748 0.018438
0 0.578870 0.766356 0.013748 0.018438
0 0.592919 0.836074 0.013748 0.018438
0 0.593710 0.817636 0.013748 0.018438
0 0.595650 0.797397 0.013748 0.018438
0 0.596836 0.782104 0.013748 0.018438
0 0.595650 0.766356 0.013748 0.018438
0 0.612053 0.796052 0.013748 0.018438
0 0.612844 0.778503 0.013748 0.018438
0 0.347288 0.641302 0.013748 0.018438
0 0.230923 0.505922 0.013748 0.018438
0 0.230527 0.490174 0.013748 0.018438
0 0.228964 0.474425 0.013748 0.018438
0 0.228578 0.456898 0.013729 0.018438
0 0.265292 0.505466 0.013748 0.018438
0 0.274652 0.503666 0.013748 0.018438
0 0.284426 0.478482 0.013748 0.018438
0 0.298475 0.541453 0.013748 0.018438
0 0.285989 0.531106 0.013748 0.018438
0 0.298098 0.559892 0.013748 0.018438
0 0.298475 0.578785 0.013748 0.018438
0 0.310188 0.556291 0.013748 0.018438
0 0.319567 0.568438 0.013748 0.018438
0 0.318004 0.586876 0.013748 0.018438
0 0.330885 0.597679 0.013748 0.018438
0 0.332072 0.582386 0.013748 0.018438
0 0.330113 0.566182 0.013748 0.018438
0 0.306290 0.539653 0.013748 0.018438
0 0.296911 0.525705 0.013748 0.018438
0 0.286761 0.512668 0.013748 0.018438
0 0.305122 0.505466 0.013748 0.018438
0 0.316045 0.515358 0.013748 0.018438
0 0.319171 0.532907 0.013748 0.018438
0 0.318795 0.551345 0.013748 0.018438
0 0.332072 0.547310 0.013748 0.018438
0 0.327759 0.531562 0.013748 0.018438
0 0.326196 0.475336 0.013748 0.018438
0 0.326987 0.511757 0.013748 0.018438
0 0.292825 0.439653 0.013748 0.018438
0 0.254746 0.442278 0.013748 0.018438
0 0.270038 0.432148 0.013748 0.018438
0 0.281092 0.428026 0.013748 0.018438
0 0.295104 0.420152 0.013748 0.018438
0 0.304539 0.414534 0.013748 0.018438
0 0.313315 0.410022 0.013748 0.018438
0 0.322109 0.402538 0.013748 0.018438
0 0.235537 0.437028 0.013748 0.018438
0 0.244972 0.430282 0.013748 0.018438
0 0.253766 0.425033 0.013748 0.018438
0 0.262561 0.419783 0.013748 0.018438
0 0.271657 0.413406 0.013748 0.018438
0 0.282411 0.409284 0.013748 0.018438
0 0.292825 0.402538 0.013748 0.018438
0 0.302900 0.397657 0.013748 0.018438
0 0.313635 0.390174 0.013748 0.018438
0 0.323089 0.384534 0.013748 0.018438
0 0.199096 0.439653 0.013748 0.018438
0 0.209190 0.432907 0.013748 0.018438
0 0.219605 0.425401 0.013748 0.018438
0 0.230339 0.420152 0.013748 0.018438
0 0.241394 0.414902 0.013748 0.018438
0 0.251168 0.407787 0.013748 0.018438
0 0.262881 0.403275 0.013748 0.018438
0 0.278814 0.390911 0.013748 0.018438
0 0.290866 0.383796 0.013748 0.018438
0 0.300960 0.379306 0.013748 0.018438
0 0.313315 0.371432 0.013748 0.018438
0 0.324388 0.363926 0.013748 0.018438
0 0.194218 0.426898 0.013748 0.018438
0 0.206252 0.417527 0.013748 0.018438
0 0.215047 0.413774 0.013748 0.018438
0 0.224802 0.407787 0.013748 0.018438
0 0.232618 0.401779 0.013748 0.018438
0 0.240433 0.395423 0.013748 0.018438
0 0.253107 0.390174 0.013748 0.018438
0 0.263522 0.383427 0.013748 0.018438
0 0.270697 0.378915 0.013748 0.018438
0 0.278814 0.373297 0.013748 0.018438
0 0.290207 0.366551 0.013748 0.018438
0 0.301601 0.359046 0.013748 0.018438
0 0.311036 0.352690 0.013748 0.018438
0 0.177947 0.437766 0.013748 0.018438
0 0.166554 0.441150 0.013748 0.018438
0 0.182166 0.416030 0.013748 0.018438
0 0.191601 0.410412 0.013748 0.018438
0 0.204633 0.401779 0.013748 0.018438
0 0.215367 0.396529 0.013748 0.018438
0 0.224802 0.390174 0.013748 0.018438
0 0.233917 0.383427 0.013748 0.018438
0 0.241733 0.378547 0.013748 0.018438
0 0.250829 0.372560 0.013748 0.018438
0 0.260923 0.364685 0.013748 0.018438
0 0.272637 0.359805 0.013748 0.018438
0 0.279473 0.353427 0.013748 0.018438
0 0.288908 0.347809 0.013748 0.018438
0 0.301601 0.337679 0.013748 0.018438
0 0.167853 0.410781 0.013748 0.018438
0 0.312015 0.332061 0.013748 0.018438
0 0.183145 0.400672 0.013748 0.018438
0 0.196158 0.390174 0.013748 0.018438
0 0.205593 0.383796 0.013748 0.018438
0 0.213748 0.378178 0.013748 0.018438
0 0.224143 0.371041 0.013748 0.018438
0 0.231959 0.365792 0.013748 0.018438
0 0.241073 0.359436 0.013748 0.018438
0 0.250188 0.353059 0.013748 0.018438
0 0.260603 0.347050 0.013748 0.018438
0 0.268738 0.339935 0.013748 0.018438
0 0.277514 0.333948 0.013748 0.018438
0 0.287288 0.327570 0.013748 0.018438
0 0.300960 0.319696 0.013748 0.018438
0 0.311356 0.312581 0.013748 0.018438
0 0.155819 0.400282 0.013748 0.018438
0 0.165574 0.392798 0.013748 0.018438
0 0.173051 0.388286 0.013748 0.018438
0 0.181186 0.381909 0.013748 0.018438
0 0.194859 0.370672 0.013748 0.018438
0 0.203653 0.363926 0.013748 0.018438
0 0.210810 0.359046 0.013748 0.018438
0 0.222203 0.352299 0.013748 0.018438
0 0.231318 0.346681 0.013748 0.018438
0 0.239774 0.339566 0.013748 0.018438
0 0.246930 0.335054 0.013748 0.018438
0 0.261582 0.327202 0.013748 0.018438
0 0.268418 0.321952 0.013748 0.018438
0 0.276874 0.313319 0.013748 0.018438
0 0.287608 0.308460 0.013748 0.018438
0 0.166234 0.374056 0.013748 0.018438
0 0.201695 0.347050 0.013748 0.018438
0 0.213089 0.340304 0.013748 0.018438
0 0.225461 0.333948 0.013748 0.018438
0 0.232279 0.326811 0.013748 0.018438
0 0.241733 0.320824 0.013748 0.018438
0 0.574313 0.710651 0.013748 0.018438
0 0.587966 0.709523 0.013748 0.018438
0 0.601638 0.722278 0.013748 0.018438
0 0.604576 0.705033 0.013748 0.018438
0 0.616610 0.722278 0.013748 0.018438
0 0.620847 0.699783 0.013748 0.018438
0 0.545028 0.698286 0.013748 0.018438
0 0.559341 0.695662 0.013748 0.018438
0 0.574313 0.691171 0.013748 0.018438
0 0.589605 0.688156 0.013748 0.018438
0 0.604896 0.684794 0.013748 0.018438
0 0.605217 0.666421 0.013748 0.018438
0 0.591224 0.668677 0.013748 0.018438
0 0.575612 0.672798 0.013748 0.018438
0 0.562919 0.673926 0.013748 0.018438
0 0.545348 0.679913 0.013748 0.018438
0 0.531017 0.681410 0.013748 0.018438
0 0.516704 0.685922 0.013748 0.018438
0 0.504670 0.673926 0.013748 0.018438
0 0.520282 0.666421 0.013748 0.018438
0 0.534275 0.662299 0.013748 0.018438
0 0.548267 0.660434 0.013748 0.018438
0 0.562260 0.655922 0.013748 0.018438
0 0.576591 0.653297 0.013748 0.018438
0 0.592863 0.648438 0.013748 0.018438
0 0.607495 0.646182 0.013748 0.018438
0 0.490998 0.657419 0.013748 0.018438
0 0.504670 0.654056 0.013748 0.018438
0 0.518663 0.648048 0.013748 0.018438
0 0.532655 0.646182 0.013748 0.018438
0 0.548927 0.640933 0.013748 0.018438
0 0.562919 0.637180 0.013748 0.018438
0 0.578211 0.631562 0.013748 0.018438
0 0.594482 0.628568 0.013748 0.018438
0 0.456629 0.475618 0.013748 0.018438
0 0.443296 0.461041 0.013748 0.018438
0 0.430866 0.447245 0.013748 0.018438
0 0.397194 0.444121 0.013748 0.018438
0 0.441940 0.501909 0.013748 0.018438
0 0.442392 0.480824 0.013748 0.018438
0 0.438305 0.652473 0.013748 0.018438
0 0.478983 0.642061 0.013748 0.018438
0 0.491036 0.639892 0.013748 0.018438
0 0.508173 0.633167 0.013748 0.018438
0 0.520791 0.629046 0.013748 0.018438
0 0.531902 0.627527 0.013748 0.018438
0 0.548663 0.621670 0.013748 0.018438
0 0.564105 0.618633 0.013748 0.018438
0 0.579360 0.612993 0.013748 0.018438
0 0.594049 0.608221 0.013748 0.018438
0 0.581243 0.594989 0.013748 0.018438
0 0.565424 0.597809 0.013748 0.018438
0 0.549228 0.602798 0.013748 0.018438
0 0.531902 0.608655 0.013748 0.018438
0 0.519096 0.613861 0.013748 0.018438
0 0.505160 0.616247 0.013748 0.018438
0 0.491601 0.619718 0.013748 0.018438
0 0.478983 0.624273 0.013748 0.018438
0 0.465989 0.627527 0.013748 0.018438
0 0.453559 0.630998 0.013748 0.018438
0 0.442072 0.633818 0.013748 0.018438
0 0.425687 0.639241 0.013748 0.018438
0 0.417589 0.641844 0.013748 0.018438
0 0.582750 0.570911 0.013748 0.018438
0 0.582750 0.570911 0.013748 0.018438
0 0.566554 0.576768 0.013748 0.018438
0 0.549416 0.582191 0.013748 0.018438
0 0.536234 0.586095 0.013748 0.018438
0 0.523427 0.589783 0.013748 0.018438
0 0.506667 0.596291 0.013748 0.018438
0 0.493861 0.598460 0.013748 0.018438
0 0.478418 0.604967 0.013748 0.018438
0 0.466554 0.609089 0.013748 0.018438
0 0.453559 0.611692 0.013748 0.018438
0 0.441695 0.616898 0.013748 0.018438
0 0.428889 0.621453 0.013748 0.018438
0 0.413823 0.625141 0.013748 0.018438
0 0.405537 0.627527 0.013748 0.018438
0 0.393296 0.630781 0.013748 0.018438
0 0.583126 0.549870 0.013748 0.018438
0 0.567307 0.555293 0.013748 0.018438
0 0.552053 0.559631 0.013748 0.018438
0 0.538117 0.564837 0.013748 0.018438
0 0.524369 0.568091 0.013748 0.018438
0 0.508550 0.574816 0.013748 0.018438
0 0.493296 0.581106 0.013748 0.018438
0 0.480866 0.583926 0.013748 0.018438
0 0.466930 0.588698 0.013748 0.018438
0 0.453936 0.593471 0.013748 0.018438
0 0.440753 0.598243 0.013748 0.018438
0 0.428512 0.601931 0.013748 0.018438
0 0.416460 0.605618 0.013748 0.018438
0 0.404595 0.609089 0.013748 0.018438
0 0.395744 0.612343 0.013748 0.018438
0 0.381808 0.618200 0.013748 0.018438
0 0.371073 0.620152 0.013748 0.018438
0 0.569944 0.535119 0.013748 0.018438
0 0.554689 0.538156 0.013748 0.018438
0 0.539623 0.543145 0.013748 0.018438
0 0.525687 0.548351 0.013748 0.018438
0 0.511186 0.553774 0.013748 0.018438
0 0.494049 0.561150 0.013748 0.018438
0 0.477476 0.567007 0.013748 0.018438
0 0.466177 0.571128 0.013748 0.018438
0 0.455443 0.574382 0.013748 0.018438
0 0.442448 0.577636 0.013748 0.018438
0 0.429077 0.583709 0.013748 0.018438
0 0.415518 0.588048 0.013748 0.018438
0 0.402712 0.591735 0.013748 0.018438
0 0.390282 0.596291 0.013748 0.018438
0 0.379171 0.600412 0.013748 0.018438
0 0.369567 0.604751 0.013748 0.018438
0 0.359774 0.606703 0.013748 0.018438
0 0.347156 0.609306 0.013748 0.018438
0 0.346968 0.593905 0.013748 0.018438
0 0.359962 0.588265 0.013748 0.018438
0 0.371450 0.585662 0.013748 0.018438
0 0.381996 0.582625 0.013748 0.018438
0 0.392919 0.578503 0.013748 0.018438
0 0.405537 0.574165 0.013748 0.018438
0 0.421356 0.566356 0.013748 0.018438
0 0.431902 0.563102 0.013748 0.018438
0 0.442448 0.560716 0.013748 0.018438
0 0.454313 0.556377 0.013748 0.018438
0 0.468249 0.550954 0.013748 0.018438
0 0.482373 0.547484 0.013748 0.018438
0 0.496309 0.539675 0.013748 0.018438
0 0.512128 0.533601 0.013748 0.018438
0 0.525876 0.527527 0.013748 0.018438
0 0.540000 0.523189 0.013748 0.018438
0 0.554878 0.518850 0.013748 0.018438
0 0.571262 0.512993 0.013748 0.018438
0 0.381808 0.562885 0.013748 0.018438
0 0.394237 0.559414 0.013748 0.018438
0 0.406667 0.554208 0.013748 0.018438
0 0.417024 0.550304 0.013748 0.018438
0 0.429454 0.545315 0.013748 0.018438
0 0.440942 0.542711 0.013748 0.018438
0 0.454689 0.535987 0.013748 0.018438
0 0.469944 0.530781 0.013748 0.018438
0 0.485574 0.522972 0.013748 0.018438
0 0.496309 0.519718 0.013748 0.018438
0 0.510433 0.514512 0.013748 0.018438
0 0.527194 0.507354 0.013748 0.018438
0 0.539247 0.504534 0.013748 0.018438
0 0.371073 0.568525 0.013748 0.018438
0 0.359774 0.570911 0.013748 0.018438
0 0.347910 0.575683 0.013748 0.018438
0 0.348475 0.557896 0.013748 0.018438
0 0.358832 0.554425 0.013748 0.018438
0 0.369944 0.548785 0.013748 0.018438
0 0.383691 0.544013 0.013748 0.018438
0 0.394426 0.540325 0.013748 0.018438
0 0.404783 0.534902 0.013748 0.018438
0 0.417213 0.531649 0.013748 0.018438
0 0.429077 0.527527 0.013748 0.018438
0 0.442072 0.520369 0.013748 0.018438
0 0.455066 0.516247 0.013748 0.018438
0 0.468814 0.511692 0.013748 0.018438
0 0.485009 0.504317 0.013748 0.018438
0 0.509115 0.494121 0.013748 0.018438
0 0.348475 0.539675 0.013748 0.018438
0 0.359586 0.534685 0.013748 0.018438
0 0.370697 0.532516 0.013748 0.018438
0 0.383126 0.525792 0.013748 0.018438
0 0.394049 0.522538 0.013748 0.018438
0 0.406667 0.516681 0.013748 0.018438
0 0.414200 0.512343 0.013748 0.018438
0 0.430019 0.507787 0.013748 0.018438
0 0.454878 0.497375 0.013748 0.018438
0 0.467119 0.491952 0.013748 0.018438
0 0.384256 0.506920 0.013748 0.018438
0 0.394049 0.504317 0.013748 0.018438
0 0.382373 0.485879 0.013748 0.018438
0 0.349605 0.520369 0.013748 0.018438
0 0.359397 0.517332 0.013748 0.018438
0 0.358079 0.499544 0.013748 0.018438
0 0.351299 0.482842 0.013748 0.018438
0 0.360716 0.481757 0.013748 0.018438
0 0.383503 0.468091 0.013748 0.018438
0 0.419284 0.491302 0.013748 0.018438
0 0.418908 0.473731 0.013748 0.018438
0 0.509868 0.473948 0.013748 0.018438
0 0.493672 0.480022 0.013748 0.018438
0 0.484068 0.443579 0.013748 0.018438
0 0.457702 0.455944 0.013748 0.018438
0 0.471450 0.449219 0.013748 0.018438
0 0.500452 0.434685 0.013748 0.018438
0 0.483691 0.422755 0.013748 0.018438
0 0.470320 0.429696 0.013748 0.018438
0 0.457891 0.434469 0.013748 0.018438
0 0.443202 0.440542 0.013748 0.018438
0 0.417213 0.452473 0.013748 0.018438
0 0.419661 0.432733 0.013748 0.018438
0 0.432655 0.426009 0.013748 0.018438
0 0.443766 0.419935 0.013748 0.018438
0 0.457514 0.413644 0.013748 0.018438
0 0.471450 0.406052 0.013748 0.018438
0 0.455443 0.393254 0.013748 0.018438
0 0.443955 0.399111 0.013748 0.018438
0 0.428701 0.408004 0.013748 0.018438
0 0.419284 0.412343 0.013748 0.018438
0 0.409868 0.417115 0.013748 0.018438
0 0.394426 0.424707 0.013748 0.018438
0 0.383315 0.430998 0.013748 0.018438
0 0.370320 0.437289 0.013748 0.018438
0 0.447721 0.376551 0.013748 0.018438
0 0.431714 0.384143 0.013748 0.018438
0 0.418531 0.391952 0.013748 0.018438
0 0.406102 0.397592 0.013748 0.018438
0 0.395179 0.402798 0.013748 0.018438
0 0.383503 0.410607 0.013748 0.018438
0 0.370885 0.418200 0.013748 0.018438
0 0.358079 0.423623 0.013748 0.018438
0 0.323616 0.345315 0.013748 0.018438
0 0.418531 0.371779 0.013748 0.018438
0 0.406102 0.378069 0.013748 0.018438
0 0.394802 0.384794 0.013748 0.018438
0 0.380866 0.391952 0.013748 0.018438
0 0.369379 0.398677 0.013748 0.018438
0 0.359774 0.404100 0.013748 0.018438
0 0.350169 0.408655 0.013748 0.018438
0 0.407043 0.357462 0.013748 0.018438
0 0.393861 0.363753 0.013748 0.018438
0 0.381431 0.371128 0.013748 0.018438
0 0.369379 0.377636 0.013748 0.018438
0 0.358644 0.385445 0.013748 0.018438
0 0.349228 0.389566 0.013748 0.018438
0 0.396121 0.341193 0.013748 0.018438
0 0.384633 0.348351 0.013748 0.018438
0 0.372203 0.357245 0.013748 0.018438
0 0.359774 0.365488 0.013748 0.018438
0 0.348663 0.370477 0.013748 0.018438
0 0.347910 0.350087 0.013748 0.018438
0 0.359397 0.343145 0.013748 0.018438
0 0.382938 0.328829 0.013748 0.018438
0 0.370320 0.334469 0.013748 0.018438
0 0.358362 0.324165 0.013748 0.018438
0 0.561299 0.887354 0.013748 0.018438
0 0.348475 0.845076 0.013748 0.018438
0 0.348851 0.856768 0.013748 0.018438
0 0.409774 0.778503 0.013748 0.018438
0 0.399228 0.779393 0.013748 0.018438
0 0.423842 0.791996 0.013748 0.018438
0 0.410546 0.793341 0.013748 0.018438
0 0.400019 0.795597 0.013748 0.018438
0 0.389473 0.796052 0.013748 0.018438
0 0.409774 0.807744 0.013748 0.018438
0 0.434765 0.788395 0.013748 0.018438
0 0.437891 0.771302 0.013748 0.018438
0 0.448832 0.769046 0.013748 0.018438
0 0.448437 0.817636 0.013748 0.018438
0 0.443748 0.836074 0.013748 0.018438
0 0.443748 0.851822 0.013748 0.018438
0 0.443748 0.866204 0.013748 0.018438
0 0.443352 0.881497 0.013748 0.018438
0 0.444915 0.893189 0.013748 0.018438
0 0.432806 0.910282 0.013748 0.018438
0 0.431638 0.895445 0.013748 0.018438
0 0.433992 0.880607 0.013748 0.018438
0 0.433992 0.865315 0.013748 0.018438
0 0.434765 0.850022 0.013748 0.018438
0 0.432034 0.836074 0.013748 0.018438
0 0.433992 0.820781 0.013748 0.018438
0 0.435932 0.804599 0.013748 0.018438
0 0.421488 0.807289 0.013748 0.018438
0 0.420716 0.823926 0.013748 0.018438
0 0.422655 0.837874 0.013748 0.018438
0 0.422279 0.853623 0.013748 0.018438
0 0.422279 0.868460 0.013748 0.018438
0 0.424218 0.880607 0.013748 0.018438
0 0.484746 0.780738 0.013748 0.018438
0 0.497250 0.794685 0.013748 0.018438
0 0.484369 0.798286 0.013748 0.018438
0 0.474991 0.793796 0.013748 0.018438
0 0.412109 0.897245 0.013748 0.018438
0 0.400019 0.897701 0.013748 0.018438
0 0.392599 0.897701 0.013748 0.018438
0 0.380885 0.895445 0.013748 0.018438
0 0.359793 0.883297 0.013748 0.018438
0 0.357834 0.869805 0.013748 0.018438
0 0.359002 0.857657 0.013748 0.018438
0 0.358625 0.845076 0.013748 0.018438
0 0.359793 0.830217 0.013748 0.018438
0 0.358230 0.813579 0.013748 0.018438
0 0.371507 0.797831 0.013748 0.018438
0 0.370339 0.813579 0.013748 0.018438
0 0.370716 0.825727 0.013748 0.018438
0 0.371111 0.842364 0.013748 0.018438
0 0.371111 0.871605 0.013748 0.018438
0 0.280508 0.567093 0.013748 0.018438
0 0.273089 0.569783 0.013748 0.018438
0 0.269981 0.553601 0.013748 0.018438
0 0.262561 0.556746 0.013748 0.018438
0 0.251620 0.561236 0.013748 0.018438
0 0.252015 0.545510 0.013748 0.018438
0 0.259812 0.542798 0.013748 0.018438
0 0.268418 0.539653 0.013748 0.018438
0 0.277006 0.533362 0.013748 0.018438
0 0.275838 0.519414 0.013748 0.018438
0 0.268023 0.523015 0.013748 0.018438
0 0.261375 0.525249 0.013748 0.018438
0 0.252787 0.530217 0.013748 0.018438
0 0.240301 0.535163 0.013748 0.018438
0 0.255141 0.510868 0.013748 0.018438
0 0.220772 0.528416 0.013748 0.018438
0 0.232486 0.522560 0.013748 0.018438
0 0.241864 0.516269 0.013748 0.018438
0 0.208663 0.534252 0.013748 0.018438
0 0.199680 0.539197 0.013748 0.018438
0 0.222335 0.509523 0.013748 0.018438
0 0.214124 0.513124 0.013748 0.018438
0 0.204765 0.518069 0.013748 0.018438
0 0.198117 0.523471 0.013748 0.018438
0 0.192260 0.524816 0.013748 0.018438
0 0.185235 0.531106 0.013748 0.018438
0 0.205932 0.503666 0.013748 0.018438
0 0.198908 0.506811 0.013748 0.018438
0 0.191092 0.511323 0.013748 0.018438
0 0.183672 0.514902 0.013748 0.018438
0 0.175857 0.518959 0.013748 0.018438
0 0.166497 0.523905 0.013748 0.018438
0 0.182109 0.500976 0.013748 0.018438
0 0.173898 0.504577 0.013748 0.018438
0 0.166874 0.509523 0.013748 0.018438
0 0.160245 0.511323 0.013748 0.018438
0 0.153202 0.515813 0.013748 0.018438
0 0.151262 0.500065 0.013748 0.018438
0 0.170000 0.488373 0.013748 0.018438
0 0.176252 0.469024 0.013748 0.018438
0 0.150866 0.485683 0.013748 0.018438
0 0.328550 0.633666 0.013748 0.018438
0 0.328945 0.650304 0.013748 0.018438
0 0.329322 0.666052 0.013748 0.018438
0 0.328154 0.680434 0.013748 0.018438
0 0.328945 0.697527 0.013748 0.018438
0 0.337137 0.714187 0.013748 0.018438
0 0.330508 0.726768 0.013748 0.018438
0 0.332072 0.740716 0.013748 0.018438
0 0.323089 0.742972 0.013748 0.018438
0 0.319962 0.729913 0.013748 0.018438
0 0.316045 0.715987 0.013748 0.018438
0 0.317608 0.698438 0.013748 0.018438
0 0.318399 0.684035 0.013748 0.018438
0 0.316441 0.670087 0.013748 0.018438
0 0.316441 0.652104 0.013748 0.018438
0 0.316045 0.638612 0.013748 0.018438
0 0.306685 0.622863 0.013748 0.018438
0 0.307458 0.639957 0.013748 0.018438
0 0.307853 0.657505 0.013748 0.018438
0 0.309021 0.672798 0.013748 0.018438
0 0.309416 0.701584 0.013748 0.018438
0 0.287552 0.613861 0.013748 0.018438
0 0.145009 0.548655 0.013748 0.018438
0 0.287156 0.630521 0.013748 0.018438
0 0.288719 0.648959 0.013748 0.018438
0 0.291450 0.661540 0.013748 0.018438
0 0.291055 0.676399 0.013748 0.018438
0 0.292222 0.689436 0.013748 0.018438
0 0.293785 0.705184 0.013748 0.018438
0 0.300433 0.720477 0.013748 0.018438
0 0.293013 0.721822 0.013748 0.018438
0 0.303559 0.732625 0.013748 0.018438
0 0.305122 0.744772 0.013748 0.018438
0 0.292618 0.749262 0.013748 0.018438
0 0.312938 0.760954 0.013748 0.018438
0 0.302392 0.763644 0.013748 0.018438
0 0.321130 0.777158 0.013748 0.018438
0 0.311375 0.774447 0.013748 0.018438
0 0.331676 0.788850 0.013748 0.018438
0 0.321902 0.788850 0.013748 0.018438
0 0.312542 0.790651 0.013748 0.018438
0 0.334407 0.800998 0.013748 0.018438
0 0.322693 0.803232 0.013748 0.018438
0 0.342994 0.802343 0.013748 0.018438
0 0.411337 0.882863 0.013748 0.018438
0 0.411337 0.867115 0.013748 0.018438
0 0.410942 0.853623 0.013748 0.018438
0 0.411733 0.836529 0.013748 0.018438
0 0.410546 0.822581 0.013748 0.018438
0 0.400019 0.809978 0.013748 0.018438
0 0.383992 0.808178 0.013748 0.018438
0 0.381262 0.825727 0.013748 0.018438
0 0.382448 0.839219 0.013748 0.018438
0 0.380490 0.855857 0.013748 0.018438
0 0.380885 0.871605 0.013748 0.018438
0 0.380094 0.883753 0.013748 0.018438
0 0.398060 0.826638 0.013748 0.018438
0 0.400395 0.841475 0.013748 0.018438
0 0.399228 0.853623 0.013748 0.018438
0 0.392203 0.867115 0.013748 0.018438
0 0.401186 0.881952 0.013748 0.018438
0 0.391808 0.882408 0.013748 0.018438
0 0.333239 0.815380 0.013748 0.018438
0 0.332448 0.829328 0.013748 0.018438
0 0.334011 0.841931 0.013748 0.018438
0 0.325819 0.842364 0.013748 0.018438
0 0.326591 0.856768 0.013748 0.018438
0 0.315669 0.817636 0.013748 0.018438
0 0.314878 0.830672 0.013748 0.018438
0 0.307853 0.845531 0.013748 0.018438
0 0.316836 0.842364 0.013748 0.018438
0 0.278173 0.615662 0.013748 0.018438
0 0.278173 0.631410 0.013748 0.018438
0 0.277382 0.648048 0.013748 0.018438
0 0.280904 0.663796 0.013748 0.018438
0 0.279736 0.678633 0.013748 0.018438
0 0.296139 0.778959 0.013748 0.018438
0 0.302768 0.816725 0.013748 0.018438
0 0.298098 0.793796 0.013748 0.018438
0 0.298173 0.827831 0.013748 0.018438
0 0.287420 0.820325 0.013748 0.018438
0 0.288079 0.805705 0.013748 0.018438
0 0.278644 0.695141 0.013748 0.018438
0 0.285800 0.790716 0.013748 0.018438
0 0.279623 0.766725 0.013748 0.018438
0 0.278964 0.736356 0.013748 0.018438
0 0.282222 0.723623 0.013748 0.018438
0 0.272787 0.710868 0.013748 0.018438
0 0.283522 0.709371 0.013748 0.018438
0 0.276365 0.752863 0.013748 0.018438
0 0.268230 0.756226 0.013748 0.018438
0 0.268230 0.770108 0.013748 0.018438
0 0.258795 0.770108 0.013748 0.018438
0 0.258136 0.756985 0.013748 0.018438
0 0.258795 0.625401 0.013748 0.018438
0 0.267910 0.604425 0.013748 0.018438
0 0.247721 0.758113 0.013748 0.018438
0 0.238286 0.759219 0.013748 0.018438
0 0.263992 0.653905 0.013748 0.018438
0 0.253578 0.641909 0.013748 0.018438
0 0.254878 0.657657 0.013748 0.018438
0 0.262693 0.670390 0.013748 0.018438
0 0.262693 0.683883 0.013748 0.018438
0 0.264972 0.697766 0.013748 0.018438
0 0.263352 0.685770 0.013748 0.018438
0 0.267250 0.728113 0.013748 0.018438
0 0.268870 0.738612 0.013748 0.018438
0 0.260414 0.739740 0.013748 0.018438
0 0.250000 0.743102 0.013748 0.018438
0 0.241544 0.745727 0.013748 0.018438
0 0.230151 0.746855 0.013748 0.018438
0 0.170923 0.551562 0.013748 0.018438
0 0.160508 0.555163 0.013748 0.018438
0 0.152693 0.545792 0.013748 0.018438
0 0.149454 0.563037 0.013748 0.018438
0 0.183296 0.562278 0.013748 0.018438
0 0.176460 0.565662 0.013748 0.018438
0 0.169303 0.565662 0.013748 0.018438
0 0.163107 0.568286 0.013748 0.018438
0 0.252279 0.594902 0.013748 0.018438
0 0.249680 0.609892 0.013748 0.018438
0 0.241864 0.614013 0.013748 0.018438
0 0.235028 0.615510 0.013748 0.018438
0 0.228851 0.605770 0.013748 0.018438
0 0.219736 0.593015 0.013748 0.018438
0 0.212580 0.580651 0.013748 0.018438
0 0.201507 0.584772 0.013748 0.018438
0 0.193710 0.588894 0.013748 0.018438
0 0.186874 0.591909 0.013748 0.018438
0 0.177439 0.595271 0.013748 0.018438
0 0.172881 0.597137 0.013748 0.018438
0 0.168004 0.599393 0.013748 0.018438
0 0.157910 0.603514 0.013748 0.018438
0 0.210960 0.595640 0.013748 0.018438
0 0.202486 0.598265 0.013748 0.018438
0 0.195009 0.601280 0.013748 0.018438
0 0.188173 0.604642 0.013748 0.018438
0 0.181996 0.608026 0.013748 0.018438
0 0.173202 0.612516 0.013748 0.018438
0 0.166365 0.612885 0.013748 0.018438
0 0.216478 0.607267 0.013748 0.018438
0 0.211281 0.610629 0.013748 0.018438
0 0.203465 0.613254 0.013748 0.018438
0 0.196949 0.617007 0.013748 0.018438
0 0.189473 0.617766 0.013748 0.018438
0 0.180358 0.624143 0.013748 0.018438
0 0.174821 0.625640 0.013748 0.018438
0 0.202015 0.567223 0.013748 0.018438
0 0.191921 0.572082 0.013748 0.018438
0 0.184765 0.574338 0.013748 0.018438
0 0.177928 0.578091 0.013748 0.018438
0 0.170772 0.581453 0.013748 0.018438
0 0.164256 0.584078 0.013748 0.018438
0 0.155160 0.588959 0.013748 0.018438
0 0.247684 0.627072 0.013748 0.018438
