0 0.818424 0.690144 0.119684 0.091138
0 0.088342 0.9476 0.137916 0.098726
0 0.123774 0.7509 0.13995 0.0972
0 0.157192 0.560276 0.137916 0.101776
0 0.19365 0.376488 0.150066 0.0957
0 0.21795 0.196494 0.125766 0.091138
0 0.45085 0.115238 0.125766 0.0957
0 0.420476 0.293712 0.129816 0.0881
0 0.392126 0.472938 0.129816 0.10025
0 0.3668 0.6628 0.131834 0.10025
0 0.340474 0.862538 0.127784 0.09265
0 0.586542 0.775962 0.121716 0.101776
0 0.610834 0.583818 0.125766 0.097212
0 0.627 0.390144 0.138 0.101788
0 0.882216 0.127388 0.125766 0.0957
0 0.862974 0.308138 0.12375 0.098724
0 0.839684 0.497244 0.125766 0.097212
0 0.797158 0.888356 0.129816 0.101762
0 0.656158 0.211688 0.13135 0.094176
