0 0.428486 0.602961 0.024312 0.023301
0 0.403257 0.607330 0.024312 0.023301
0 0.375734 0.612670 0.024312 0.023301
0 0.449587 0.571408 0.024312 0.023301
0 0.423440 0.574806 0.024312 0.023301
0 0.397294 0.579660 0.024312 0.023301
0 0.371606 0.585000 0.024312 0.023301
0 0.445917 0.542767 0.024312 0.023301
0 0.420229 0.548592 0.024312 0.023301
0 0.393165 0.553447 0.024312 0.023301
0 0.368853 0.558786 0.024312 0.023301
0 0.383073 0.829175 0.024312 0.023301
0 0.352798 0.809272 0.024312 0.023301
0 0.378486 0.803932 0.024312 0.023301
0 0.373440 0.777718 0.024312 0.023301
0 0.346376 0.783544 0.024312 0.023301
0 0.320229 0.787913 0.024312 0.023301
0 0.372064 0.752961 0.024312 0.023301
0 0.344541 0.756359 0.024312 0.023301
0 0.319312 0.761214 0.024312 0.023301
0 0.291330 0.766553 0.024312 0.023301
0 0.367477 0.724806 0.024312 0.023301
0 0.339495 0.729660 0.024312 0.023301
0 0.313807 0.735000 0.024312 0.023301
0 0.287202 0.740340 0.024312 0.023301
0 0.361972 0.698592 0.024312 0.023301
0 0.336284 0.702476 0.024312 0.023301
0 0.310596 0.707816 0.024312 0.023301
0 0.284450 0.713641 0.024312 0.023301
0 0.359220 0.671893 0.024312 0.023301
0 0.331697 0.676262 0.024312 0.023301
0 0.305550 0.680631 0.024312 0.023301
0 0.278028 0.685000 0.024312 0.023301
0 0.352798 0.643252 0.024312 0.023301
0 0.328028 0.650049 0.024312 0.023301
0 0.302339 0.653932 0.024312 0.023301
0 0.274817 0.658301 0.024312 0.023301
0 0.350505 0.618010 0.024312 0.023301
0 0.323899 0.622379 0.024312 0.023301
0 0.296835 0.627233 0.024312 0.023301
0 0.270688 0.630631 0.024312 0.023301
0 0.242706 0.635485 0.024312 0.023301
0 0.345000 0.588883 0.024312 0.023301
0 0.320229 0.593738 0.024312 0.023301
0 0.341789 0.562670 0.024312 0.023301
0 0.315183 0.567524 0.024312 0.023301
0 0.210596 0.612670 0.024312 0.023301
0 0.239954 0.608301 0.024312 0.023301
0 0.266101 0.603932 0.024312 0.023301
0 0.294083 0.600049 0.024312 0.023301
0 0.287202 0.572864 0.024312 0.023301
0 0.260138 0.577718 0.024312 0.023301
0 0.233532 0.581117 0.024312 0.023301
0 0.206927 0.585485 0.024312 0.023301
0 0.363807 0.530146 0.024312 0.023301
0 0.336743 0.535971 0.024312 0.023301
0 0.310596 0.539854 0.024312 0.023301
0 0.284450 0.543738 0.024312 0.023301
0 0.256927 0.548592 0.024312 0.023301
0 0.230321 0.552961 0.024312 0.023301
0 0.202339 0.557816 0.024312 0.023301
0 0.360138 0.501019 0.024312 0.023301
0 0.333073 0.506845 0.024312 0.023301
0 0.306468 0.511214 0.024312 0.023301
0 0.280321 0.516068 0.024312 0.023301
0 0.252798 0.520922 0.024312 0.023301
0 0.226193 0.526748 0.024312 0.023301
0 0.221606 0.496165 0.024312 0.023301
0 0.250505 0.491796 0.024312 0.023301
0 0.275275 0.487913 0.024312 0.023301
0 0.303716 0.483058 0.024312 0.023301
0 0.329862 0.478204 0.024312 0.023301
0 0.356009 0.474806 0.024312 0.023301
0 0.382156 0.470437 0.024312 0.023301
0 0.386284 0.496650 0.024312 0.023301
0 0.392706 0.523350 0.024312 0.023301
0 0.418394 0.519951 0.024312 0.023301
0 0.443624 0.515097 0.024312 0.023301
0 0.470229 0.511699 0.024312 0.023301
0 0.494541 0.508301 0.024312 0.023301
0 0.411514 0.492767 0.024312 0.023301
0 0.438578 0.488398 0.024312 0.023301
0 0.410138 0.467039 0.024312 0.023301
0 0.465642 0.484029 0.024312 0.023301
0 0.490872 0.481602 0.024312 0.023301
0 0.520688 0.503447 0.024312 0.023301
0 0.515642 0.476748 0.024312 0.023301
0 0.545917 0.499563 0.024312 0.023301
0 0.572064 0.495680 0.024312 0.023301
0 0.599587 0.491311 0.024312 0.023301
0 0.569312 0.469466 0.024312 0.023301
0 0.544083 0.471893 0.024312 0.023301
0 0.622064 0.485000 0.024312 0.023301
0 0.647752 0.481602 0.024312 0.023301
0 0.673899 0.478204 0.024312 0.023301
0 0.699587 0.474320 0.024312 0.023301
0 0.722064 0.469466 0.024312 0.023301
0 0.745459 0.465097 0.024312 0.023301
0 0.770688 0.461699 0.024312 0.023301
0 0.796376 0.457330 0.024312 0.023301
0 0.820229 0.454417 0.024312 0.023301
0 0.840413 0.451505 0.024312 0.023301
0 0.867018 0.448107 0.024312 0.023301
0 0.889495 0.441796 0.024312 0.023301
0 0.913349 0.440825 0.024312 0.023301
0 0.887661 0.417039 0.024312 0.023301
0 0.865642 0.420437 0.024312 0.023301
0 0.839495 0.425777 0.024312 0.023301
0 0.817018 0.429175 0.024312 0.023301
0 0.790872 0.430631 0.024312 0.023301
0 0.885367 0.391311 0.024312 0.023301
0 0.861055 0.394709 0.024312 0.023301
0 0.837202 0.398592 0.024312 0.023301
0 0.812890 0.401990 0.024312 0.023301
0 0.881239 0.364612 0.024312 0.023301
0 0.857385 0.367039 0.024312 0.023301
0 0.836743 0.370437 0.024312 0.023301
0 0.881239 0.338398 0.024312 0.023301
0 0.857844 0.341796 0.024312 0.023301
0 0.810596 0.374320 0.024312 0.023301
0 0.833991 0.345680 0.024312 0.023301
0 0.808761 0.348107 0.024312 0.023301
0 0.789954 0.406359 0.024312 0.023301
0 0.786284 0.378689 0.024312 0.023301
0 0.783991 0.351505 0.024312 0.023301
0 0.767936 0.436942 0.024312 0.023301
0 0.765183 0.407816 0.024312 0.023301
0 0.763349 0.384029 0.024312 0.023301
0 0.760596 0.355388 0.024312 0.023301
0 0.756009 0.328689 0.024312 0.023301
0 0.782156 0.324806 0.024312 0.023301
0 0.805550 0.320922 0.024312 0.023301
0 0.828945 0.318495 0.024312 0.023301
0 0.855092 0.314612 0.024312 0.023301
0 0.742706 0.438883 0.024312 0.023301
0 0.741789 0.413641 0.024312 0.023301
0 0.736743 0.385485 0.024312 0.023301
0 0.735367 0.359757 0.024312 0.023301
0 0.733532 0.331602 0.024312 0.023301
0 0.828945 0.291796 0.024312 0.023301
0 0.803716 0.294223 0.024312 0.023301
0 0.778486 0.296650 0.024312 0.023301
0 0.755092 0.301990 0.024312 0.023301
0 0.721147 0.444223 0.024312 0.023301
0 0.716560 0.416553 0.024312 0.023301
0 0.696376 0.447621 0.024312 0.023301
0 0.691330 0.421408 0.024312 0.023301
0 0.713807 0.389854 0.024312 0.023301
0 0.711514 0.364126 0.024312 0.023301
0 0.705550 0.334029 0.024312 0.023301
0 0.730780 0.305874 0.024312 0.023301
0 0.704174 0.309272 0.024312 0.023301
0 0.690872 0.388883 0.024312 0.023301
0 0.685367 0.368010 0.024312 0.023301
0 0.681239 0.339369 0.024312 0.023301
0 0.678945 0.312184 0.024312 0.023301
0 0.658761 0.368981 0.024312 0.023301
0 0.659220 0.342767 0.024312 0.023301
0 0.653257 0.314612 0.024312 0.023301
0 0.636284 0.373835 0.024312 0.023301
0 0.633532 0.345680 0.024312 0.023301
0 0.629404 0.318981 0.024312 0.023301
0 0.611972 0.377718 0.024312 0.023301
0 0.608761 0.350534 0.024312 0.023301
0 0.604633 0.322379 0.024312 0.023301
0 0.591789 0.437427 0.024312 0.023301
0 0.588578 0.409757 0.024312 0.023301
0 0.585367 0.381117 0.024312 0.023301
0 0.580780 0.351990 0.024312 0.023301
0 0.851881 0.285971 0.024312 0.023301
0 0.821606 0.262184 0.024312 0.023301
0 0.796835 0.268010 0.024312 0.023301
0 0.776193 0.270922 0.024312 0.023301
0 0.752798 0.272379 0.024312 0.023301
0 0.725734 0.277718 0.024312 0.023301
0 0.703257 0.281117 0.024312 0.023301
0 0.678028 0.286456 0.024312 0.023301
0 0.649587 0.287913 0.024312 0.023301
0 0.626193 0.291311 0.024312 0.023301
0 0.600963 0.295194 0.024312 0.023301
0 0.577110 0.326748 0.024312 0.023301
0 0.565183 0.442282 0.024312 0.023301
0 0.561055 0.413641 0.024312 0.023301
0 0.558761 0.385485 0.024312 0.023301
0 0.555092 0.357330 0.024312 0.023301
0 0.551422 0.329175 0.024312 0.023301
0 0.799128 0.240340 0.024312 0.023301
0 0.775734 0.241796 0.024312 0.023301
0 0.750046 0.246165 0.024312 0.023301
0 0.725275 0.249563 0.024312 0.023301
0 0.701881 0.251505 0.024312 0.023301
0 0.675734 0.256359 0.024312 0.023301
0 0.649587 0.260243 0.024312 0.023301
0 0.624358 0.262670 0.024312 0.023301
0 0.597752 0.265583 0.024312 0.023301
0 0.575734 0.298592 0.024312 0.023301
0 0.549587 0.302476 0.024312 0.023301
0 0.573440 0.268981 0.024312 0.023301
0 0.671147 0.227718 0.024312 0.023301
0 0.697294 0.223350 0.024312 0.023301
0 0.720688 0.219466 0.024312 0.023301
0 0.747294 0.218981 0.024312 0.023301
0 0.771147 0.216068 0.024312 0.023301
0 0.541789 0.444709 0.024312 0.023301
0 0.537202 0.417524 0.024312 0.023301
0 0.534450 0.389369 0.024312 0.023301
0 0.530321 0.361699 0.024312 0.023301
0 0.526651 0.333058 0.024312 0.023301
0 0.522982 0.304417 0.024312 0.023301
0 0.546376 0.272864 0.024312 0.023301
0 0.504174 0.364126 0.024312 0.023301
0 0.498211 0.335000 0.024312 0.023301
0 0.495917 0.308786 0.024312 0.023301
0 0.519312 0.275291 0.024312 0.023301
0 0.494083 0.280146 0.024312 0.023301
0 0.475734 0.368010 0.024312 0.023301
0 0.472982 0.340340 0.024312 0.023301
0 0.471147 0.312184 0.024312 0.023301
0 0.467477 0.283544 0.024312 0.023301
0 0.451881 0.371408 0.024312 0.023301
0 0.448211 0.345194 0.024312 0.023301
0 0.444083 0.315097 0.024312 0.023301
0 0.440413 0.286942 0.024312 0.023301
0 0.422523 0.375777 0.024312 0.023301
0 0.419771 0.349078 0.024312 0.023301
0 0.417477 0.320437 0.024312 0.023301
0 0.414725 0.289854 0.024312 0.023301
0 0.393165 0.352961 0.024312 0.023301
0 0.388119 0.323835 0.024312 0.023301
0 0.386743 0.295194 0.024312 0.023301
0 0.646835 0.230146 0.024312 0.023301
0 0.621147 0.234515 0.024312 0.023301
0 0.743165 0.191311 0.024312 0.023301
0 0.718853 0.192767 0.024312 0.023301
0 0.694541 0.197136 0.024312 0.023301
0 0.670229 0.201019 0.024312 0.023301
0 0.644083 0.203447 0.024312 0.023301
0 0.617936 0.205874 0.024312 0.023301
0 0.638578 0.173835 0.024312 0.023301
0 0.612890 0.178689 0.024312 0.023301
0 0.665642 0.170437 0.024312 0.023301
0 0.691789 0.167524 0.024312 0.023301
0 0.716101 0.165097 0.024312 0.023301
0 0.595459 0.237427 0.024312 0.023301
0 0.589954 0.209272 0.024312 0.023301
0 0.570688 0.239854 0.024312 0.023301
0 0.543624 0.244709 0.024312 0.023301
0 0.515642 0.248107 0.024312 0.023301
0 0.488578 0.252476 0.024312 0.023301
0 0.462431 0.253932 0.024312 0.023301
0 0.436284 0.260243 0.024312 0.023301
0 0.408761 0.262184 0.024312 0.023301
0 0.382615 0.266553 0.024312 0.023301
0 0.564725 0.212670 0.024312 0.023301
0 0.539037 0.216553 0.024312 0.023301
0 0.512431 0.219466 0.024312 0.023301
0 0.484908 0.222379 0.024312 0.023301
0 0.458761 0.225291 0.024312 0.023301
0 0.432615 0.228689 0.024312 0.023301
0 0.405092 0.233544 0.024312 0.023301
0 0.377569 0.439854 0.024312 0.023301
0 0.365642 0.357330 0.024312 0.023301
0 0.363349 0.327718 0.024312 0.023301
0 0.359679 0.300534 0.024312 0.023301
0 0.344083 0.388398 0.024312 0.023301
0 0.339495 0.360243 0.024312 0.023301
0 0.337202 0.332573 0.024312 0.023301
0 0.318853 0.421408 0.024312 0.023301
0 0.317936 0.395194 0.024312 0.023301
0 0.312890 0.365097 0.024312 0.023301
0 0.289495 0.398592 0.024312 0.023301
0 0.293624 0.427233 0.024312 0.023301
0 0.348670 0.418010 0.024312 0.023301
0 0.349587 0.446650 0.024312 0.023301
0 0.325275 0.451019 0.024312 0.023301
0 0.296835 0.455388 0.024312 0.023301
0 0.270688 0.460728 0.024312 0.023301
0 0.265183 0.431602 0.024312 0.023301
0 0.241789 0.462670 0.024312 0.023301
0 0.219312 0.467039 0.024312 0.023301
0 0.213349 0.439369 0.024312 0.023301
0 0.240872 0.434029 0.024312 0.023301
0 0.261514 0.401990 0.024312 0.023301
0 0.285826 0.368495 0.024312 0.023301
0 0.308761 0.335485 0.024312 0.023301
0 0.333073 0.301990 0.024312 0.023301
0 0.354633 0.269466 0.024312 0.023301
0 0.378945 0.236942 0.024312 0.023301
0 0.256468 0.372864 0.024312 0.023301
0 0.282156 0.338398 0.024312 0.023301
0 0.304174 0.305874 0.024312 0.023301
0 0.328028 0.274320 0.024312 0.023301
0 0.350963 0.240340 0.024312 0.023301
0 0.587661 0.180146 0.024312 0.023301
0 0.562431 0.184029 0.024312 0.023301
0 0.535826 0.187427 0.024312 0.023301
0 0.512890 0.192282 0.024312 0.023301
0 0.483532 0.194709 0.024312 0.023301
0 0.456927 0.198592 0.024312 0.023301
0 0.430321 0.200534 0.024312 0.023301
0 0.400505 0.204417 0.024312 0.023301
0 0.659679 0.143252 0.024312 0.023301
0 0.636284 0.146650 0.024312 0.023301
0 0.612431 0.150049 0.024312 0.023301
0 0.583532 0.153447 0.024312 0.023301
0 0.558303 0.155388 0.024312 0.023301
0 0.532156 0.160728 0.024312 0.023301
0 0.506927 0.162670 0.024312 0.023301
0 0.477569 0.165583 0.024312 0.023301
0 0.453716 0.168981 0.024312 0.023301
0 0.427110 0.170922 0.024312 0.023301
0 0.399587 0.174806 0.024312 0.023301
0 0.553257 0.128689 0.024312 0.023301
0 0.528945 0.131117 0.024312 0.023301
0 0.503028 0.132087 0.024312 0.023301
0 0.452798 0.598592 0.024312 0.023301
0 0.377569 0.640340 0.024312 0.023301
0 0.405550 0.633544 0.024312 0.023301
0 0.430780 0.629175 0.024312 0.023301
0 0.458303 0.624806 0.024312 0.023301
0 0.384908 0.667039 0.024312 0.023301
0 0.409679 0.662670 0.024312 0.023301
0 0.436284 0.657330 0.024312 0.023301
0 0.461055 0.651019 0.024312 0.023301
0 0.386743 0.693738 0.024312 0.023301
0 0.413807 0.689854 0.024312 0.023301
0 0.439037 0.685000 0.024312 0.023301
0 0.464725 0.678689 0.024312 0.023301
0 0.392248 0.719951 0.024312 0.023301
0 0.418394 0.715583 0.024312 0.023301
0 0.442248 0.710728 0.024312 0.023301
0 0.469312 0.704903 0.024312 0.023301
0 0.395917 0.745194 0.024312 0.023301
0 0.420229 0.740825 0.024312 0.023301
0 0.446835 0.735971 0.024312 0.023301
0 0.471606 0.730631 0.024312 0.023301
0 0.399587 0.772864 0.024312 0.023301
0 0.425275 0.766553 0.024312 0.023301
0 0.450963 0.762184 0.024312 0.023301
0 0.474817 0.758301 0.024312 0.023301
0 0.403716 0.798592 0.024312 0.023301
0 0.428945 0.793252 0.024312 0.023301
0 0.455550 0.787427 0.024312 0.023301
0 0.480321 0.784029 0.024312 0.023301
0 0.409679 0.825291 0.024312 0.023301
0 0.432156 0.817524 0.024312 0.023301
0 0.456468 0.814126 0.024312 0.023301
0 0.483073 0.807816 0.024312 0.023301
0 0.411514 0.849078 0.024312 0.023301
0 0.436284 0.844223 0.024312 0.023301
0 0.461972 0.839369 0.024312 0.023301
0 0.487661 0.834515 0.024312 0.023301
0 0.439954 0.868981 0.024312 0.023301
0 0.465642 0.865097 0.024312 0.023301
0 0.487661 0.856845 0.024312 0.023301
0 0.473899 0.538883 0.024312 0.023301
0 0.497752 0.535485 0.024312 0.023301
0 0.523440 0.530631 0.024312 0.023301
0 0.473899 0.568010 0.024312 0.023301
0 0.503257 0.562184 0.024312 0.023301
0 0.527110 0.557330 0.024312 0.023301
0 0.479862 0.594223 0.024312 0.023301
0 0.506927 0.588883 0.024312 0.023301
0 0.531239 0.585000 0.024312 0.023301
0 0.483532 0.620922 0.024312 0.023301
0 0.509679 0.615097 0.024312 0.023301
0 0.533532 0.613155 0.024312 0.023301
0 0.487661 0.648107 0.024312 0.023301
0 0.511055 0.643252 0.024312 0.023301
0 0.538578 0.638883 0.024312 0.023301
0 0.489495 0.674320 0.024312 0.023301
0 0.516101 0.669951 0.024312 0.023301
0 0.540413 0.665583 0.024312 0.023301
0 0.492706 0.700534 0.024312 0.023301
0 0.519771 0.695680 0.024312 0.023301
0 0.544541 0.689369 0.024312 0.023301
0 0.497752 0.725291 0.024312 0.023301
0 0.522523 0.721408 0.024312 0.023301
0 0.546835 0.715583 0.024312 0.023301
0 0.501422 0.753932 0.024312 0.023301
0 0.524817 0.746165 0.024312 0.023301
0 0.551881 0.743738 0.024312 0.023301
0 0.505092 0.778204 0.024312 0.023301
0 0.529862 0.774806 0.024312 0.023301
0 0.555550 0.769466 0.024312 0.023301
0 0.507844 0.804417 0.024312 0.023301
0 0.533991 0.798107 0.024312 0.023301
0 0.557844 0.793738 0.024312 0.023301
0 0.510596 0.828689 0.024312 0.023301
0 0.538119 0.823350 0.024312 0.023301
0 0.561514 0.818495 0.024312 0.023301
0 0.514266 0.852961 0.024312 0.023301
0 0.540413 0.849078 0.024312 0.023301
0 0.564266 0.844709 0.024312 0.023301
0 0.567936 0.869466 0.024312 0.023301
0 0.549128 0.527718 0.024312 0.023301
0 0.574817 0.522379 0.024312 0.023301
0 0.600505 0.518010 0.024312 0.023301
0 0.550046 0.553447 0.024312 0.023301
0 0.578486 0.551019 0.024312 0.023301
0 0.604174 0.544709 0.024312 0.023301
0 0.555550 0.579175 0.024312 0.023301
0 0.581239 0.576262 0.024312 0.023301
0 0.606468 0.571893 0.024312 0.023301
0 0.559220 0.606359 0.024312 0.023301
0 0.583991 0.603932 0.024312 0.023301
0 0.609220 0.598107 0.024312 0.023301
0 0.563349 0.633058 0.024312 0.023301
0 0.587661 0.626748 0.024312 0.023301
0 0.614266 0.625777 0.024312 0.023301
0 0.564266 0.659757 0.024312 0.023301
0 0.590872 0.653447 0.024312 0.023301
0 0.615183 0.650534 0.024312 0.023301
0 0.568394 0.686942 0.024312 0.023301
0 0.595459 0.680146 0.024312 0.023301
0 0.620229 0.677718 0.024312 0.023301
0 0.572064 0.711699 0.024312 0.023301
0 0.595000 0.707816 0.024312 0.023301
0 0.622064 0.703447 0.024312 0.023301
0 0.575275 0.736942 0.024312 0.023301
0 0.599587 0.732087 0.024312 0.023301
0 0.623440 0.727718 0.024312 0.023301
0 0.579404 0.762184 0.024312 0.023301
0 0.603257 0.757330 0.024312 0.023301
0 0.627569 0.751990 0.024312 0.023301
0 0.582156 0.787427 0.024312 0.023301
0 0.607385 0.784029 0.024312 0.023301
0 0.632615 0.777233 0.024312 0.023301
0 0.585367 0.814126 0.024312 0.023301
0 0.608761 0.808301 0.024312 0.023301
0 0.633991 0.803447 0.024312 0.023301
0 0.588578 0.838883 0.024312 0.023301
0 0.613349 0.833544 0.024312 0.023301
0 0.636743 0.828689 0.024312 0.023301
0 0.590413 0.862184 0.024312 0.023301
0 0.616101 0.857330 0.024312 0.023301
0 0.638578 0.851505 0.024312 0.023301
0 0.594541 0.887427 0.024312 0.023301
0 0.619312 0.880631 0.024312 0.023301
0 0.643165 0.876262 0.024312 0.023301
0 0.625734 0.513155 0.024312 0.023301
0 0.650505 0.508786 0.024312 0.023301
0 0.675275 0.504417 0.024312 0.023301
0 0.627569 0.540340 0.024312 0.023301
0 0.652798 0.536942 0.024312 0.023301
0 0.678945 0.530631 0.024312 0.023301
0 0.631697 0.567039 0.024312 0.023301
0 0.657844 0.560728 0.024312 0.023301
0 0.681697 0.557330 0.024312 0.023301
0 0.633991 0.593738 0.024312 0.023301
0 0.658761 0.587913 0.024312 0.023301
0 0.683532 0.585000 0.024312 0.023301
0 0.638119 0.619951 0.024312 0.023301
0 0.661055 0.614612 0.024312 0.023301
0 0.687661 0.611214 0.024312 0.023301
0 0.641789 0.645194 0.024312 0.023301
0 0.665642 0.640825 0.024312 0.023301
0 0.689495 0.637427 0.024312 0.023301
0 0.643624 0.672379 0.024312 0.023301
0 0.668394 0.666553 0.024312 0.023301
0 0.692706 0.661699 0.024312 0.023301
0 0.646376 0.697136 0.024312 0.023301
0 0.671147 0.692767 0.024312 0.023301
0 0.695000 0.686942 0.024312 0.023301
0 0.649587 0.722864 0.024312 0.023301
0 0.673440 0.718010 0.024312 0.023301
0 0.699128 0.715097 0.024312 0.023301
0 0.652798 0.748592 0.024312 0.023301
0 0.676193 0.742767 0.024312 0.023301
0 0.700963 0.739369 0.024312 0.023301
0 0.655092 0.774806 0.024312 0.023301
0 0.678028 0.768495 0.024312 0.023301
0 0.704174 0.764126 0.024312 0.023301
0 0.657844 0.797136 0.024312 0.023301
0 0.681239 0.792282 0.024312 0.023301
0 0.706009 0.788398 0.024312 0.023301
0 0.661055 0.822864 0.024312 0.023301
0 0.684908 0.818010 0.024312 0.023301
0 0.708761 0.812670 0.024312 0.023301
0 0.662890 0.847621 0.024312 0.023301
0 0.688578 0.842282 0.024312 0.023301
0 0.713349 0.837427 0.024312 0.023301
0 0.700963 0.500340 0.024312 0.023301
0 0.725734 0.497913 0.024312 0.023301
0 0.749587 0.491602 0.024312 0.023301
0 0.702339 0.527039 0.024312 0.023301
0 0.727110 0.524126 0.024312 0.023301
0 0.749128 0.518786 0.024312 0.023301
0 0.705092 0.553252 0.024312 0.023301
0 0.729404 0.549854 0.024312 0.023301
0 0.753716 0.544515 0.024312 0.023301
0 0.706927 0.579466 0.024312 0.023301
0 0.732615 0.574612 0.024312 0.023301
0 0.757385 0.570728 0.024312 0.023301
0 0.710138 0.604223 0.024312 0.023301
0 0.736284 0.601311 0.024312 0.023301
0 0.757385 0.597427 0.024312 0.023301
0 0.713349 0.630922 0.024312 0.023301
0 0.738119 0.627524 0.024312 0.023301
0 0.760138 0.623641 0.024312 0.023301
0 0.716560 0.658107 0.024312 0.023301
0 0.740413 0.653252 0.024312 0.023301
0 0.764266 0.648398 0.024312 0.023301
0 0.719312 0.683350 0.024312 0.023301
0 0.743165 0.678010 0.024312 0.023301
0 0.767018 0.672670 0.024312 0.023301
0 0.720688 0.710534 0.024312 0.023301
0 0.745000 0.703738 0.024312 0.023301
0 0.770229 0.698398 0.024312 0.023301
0 0.724358 0.734320 0.024312 0.023301
0 0.747752 0.728495 0.024312 0.023301
0 0.771606 0.725097 0.024312 0.023301
0 0.725734 0.759078 0.024312 0.023301
0 0.751376 0.753252 0.024312 0.023301
0 0.775688 0.747913 0.024312 0.023301
0 0.729358 0.784320 0.024312 0.023301
0 0.731651 0.808592 0.024312 0.023301
0 0.774312 0.488204 0.024312 0.023301
0 0.798165 0.484806 0.024312 0.023301
0 0.822064 0.479951 0.024312 0.023301
0 0.774312 0.515388 0.024312 0.023301
0 0.798165 0.511019 0.024312 0.023301
0 0.825688 0.507621 0.024312 0.023301
0 0.779358 0.541117 0.024312 0.023301
0 0.800917 0.536262 0.024312 0.023301
0 0.824771 0.532864 0.024312 0.023301
0 0.780275 0.566845 0.024312 0.023301
0 0.804128 0.561019 0.024312 0.023301
0 0.827523 0.560049 0.024312 0.023301
0 0.782569 0.593058 0.024312 0.023301
0 0.806881 0.588204 0.024312 0.023301
0 0.828945 0.584806 0.024312 0.023301
0 0.784862 0.619272 0.024312 0.023301
0 0.809633 0.612961 0.024312 0.023301
0 0.832569 0.609563 0.024312 0.023301
0 0.786697 0.644029 0.024312 0.023301
0 0.811468 0.639660 0.024312 0.023301
0 0.833945 0.635291 0.024312 0.023301
0 0.788532 0.667816 0.024312 0.023301
0 0.813303 0.664417 0.024312 0.023301
0 0.835321 0.659078 0.024312 0.023301
0 0.790826 0.695971 0.024312 0.023301
0 0.793119 0.718786 0.024312 0.023301
0 0.813303 0.689660 0.024312 0.023301
0 0.843119 0.476553 0.024312 0.023301
0 0.867431 0.473155 0.024312 0.023301
0 0.889450 0.468301 0.024312 0.023301
0 0.912844 0.465388 0.024312 0.023301
0 0.847706 0.500825 0.024312 0.023301
0 0.869266 0.498883 0.024312 0.023301
0 0.892202 0.494029 0.024312 0.023301
0 0.915596 0.490631 0.024312 0.023301
0 0.850000 0.528981 0.024312 0.023301
0 0.872936 0.524126 0.024312 0.023301
0 0.894037 0.521214 0.024312 0.023301
0 0.850000 0.554223 0.024312 0.023301
0 0.872936 0.550340 0.024312 0.023301
0 0.896789 0.546942 0.024312 0.023301
0 0.852752 0.579951 0.024312 0.023301
0 0.874312 0.575583 0.024312 0.023301
0 0.897752 0.571214 0.024312 0.023301
0 0.854174 0.604223 0.024312 0.023301
0 0.876606 0.599854 0.024312 0.023301
