0 0.368458 0.071059 0.031667 0.019794
0 0.330104 0.107213 0.033075 0.018737
0 0.408750 0.101406 0.032017 0.021375
0 0.252696 0.110906 0.033075 0.016100
0 0.487742 0.096128 0.033083 0.018206
0 0.209771 0.150756 0.033075 0.020325
0 0.289888 0.144869 0.033775 0.018737
0 0.370992 0.138931 0.034133 0.018475
0 0.247837 0.184984 0.036242 0.020844
0 0.330704 0.178384 0.035192 0.021906
0 0.417263 0.173372 0.039408 0.023481
0 0.451571 0.132866 0.033425 0.020056
0 0.553433 0.132600 0.035183 0.019000
0 0.517896 0.173372 0.035892 0.021381
0 0.585979 0.093809 0.032725 0.020056
0 0.634537 0.127322 0.033425 0.020581
0 0.602517 0.169016 0.034833 0.022169
0 0.688375 0.161891 0.036950 0.020056
0 0.771942 0.158197 0.038000 0.022694
0 0.567158 0.212166 0.034483 0.022956
0 0.654950 0.205434 0.039767 0.021644
0 0.741683 0.199497 0.038700 0.021906
0 0.621871 0.251619 0.038358 0.023225
0 0.710892 0.244228 0.038350 0.027444
0 0.865537 0.177197 0.038008 0.022169
0 0.841437 0.221134 0.039758 0.022431
0 0.810296 0.268244 0.038708 0.026388
0 0.952271 0.172184 0.039058 0.023756
0 0.928696 0.214806 0.039058 0.026125
0 0.901254 0.262306 0.039058 0.025600
0 0.972504 0.307169 0.043625 0.029825
0 0.876975 0.312709 0.041167 0.027706
0 0.779858 0.318778 0.039767 0.027181
0 0.946642 0.359287 0.043283 0.030613
0 0.845129 0.367075 0.045042 0.028237
0 0.747133 0.373934 0.041167 0.027181
0 0.677642 0.294634 0.040117 0.024281
0 0.586158 0.298856 0.044333 0.027975
0 0.642092 0.345837 0.044317 0.029575
0 0.549388 0.351106 0.041875 0.028500
0 0.604454 0.401116 0.043625 0.029819
0 0.506812 0.407581 0.041875 0.027975
0 0.408467 0.414441 0.042217 0.031669
0 0.454033 0.357969 0.040467 0.028500
0 0.494321 0.306247 0.041525 0.026919
0 0.531442 0.257819 0.041167 0.028762
0 0.482008 0.218762 0.037300 0.023487
0 0.375213 0.219025 0.033425 0.021900
0 0.445238 0.265075 0.035542 0.021638
0 0.332817 0.264947 0.035183 0.022431
0 0.288833 0.222722 0.035883 0.021906
0 0.402983 0.313387 0.035867 0.024662
0 0.357775 0.365503 0.039600 0.028019
0 0.310700 0.419862 0.041100 0.033625
0 0.186667 0.418744 0.044083 0.031388
0 0.241583 0.363822 0.044833 0.032506
0 0.289029 0.312547 0.038108 0.025219
0 0.165371 0.192059 0.032875 0.021856
0 0.201979 0.227084 0.034375 0.022419
0 0.117171 0.233528 0.038108 0.024094
0 0.155279 0.274159 0.038108 0.025781
0 0.241583 0.267994 0.038850 0.023538
0 0.065617 0.279763 0.036617 0.024663
0 0.102600 0.322912 0.035867 0.023538
0 0.048429 0.375591 0.041092 0.025781
0 0.141833 0.368588 0.039600 0.029700
0 0.194883 0.318431 0.039600 0.028025
0 0.089288 0.424794 0.045725 0.029588
0 0.027412 0.484141 0.040492 0.035031
0 0.132238 0.478109 0.048775 0.033856
0 0.259362 0.479862 0.045658 0.035025
0 0.202025 0.543491 0.046183 0.033856
0 0.069708 0.540963 0.047217 0.034250
0 0.143129 0.614513 0.045658 0.038137
0 0.253396 0.607509 0.050325 0.038144
0 0.310992 0.539016 0.047217 0.034244
0 0.363400 0.473441 0.044100 0.033856
0 0.361583 0.599531 0.049817 0.037750
0 0.416329 0.531038 0.047225 0.033862
0 0.473146 0.591163 0.045658 0.037362
0 0.461992 0.468188 0.046183 0.031137
0 0.564471 0.459041 0.045658 0.033856
0 0.519329 0.524422 0.044625 0.034631
0 0.712617 0.431409 0.046183 0.034631
0 0.673958 0.492897 0.046700 0.033081
0 0.634263 0.558669 0.047225 0.035413
0 0.815879 0.423628 0.040992 0.030744
0 0.783446 0.486672 0.045658 0.036194
0 0.745046 0.554972 0.047742 0.034244
0 0.917837 0.418375 0.041508 0.031912
0 0.890338 0.480444 0.049808 0.035412
0 0.855313 0.547191 0.048258 0.033469
0 0.967654 0.539403 0.047742 0.036581
0 0.934700 0.612178 0.054483 0.042031
0 0.818471 0.619184 0.060708 0.045144
0 0.704313 0.623853 0.060708 0.045919
0 0.784742 0.696241 0.059667 0.045144
0 0.903825 0.690597 0.058117 0.046306
0 0.665137 0.704022 0.056042 0.045144
0 0.592492 0.633972 0.050850 0.042031
0 0.545013 0.710834 0.053442 0.043981
0 0.424113 0.668025 0.049292 0.035413
0 0.306321 0.673472 0.053442 0.039306
0 0.367554 0.751306 0.055525 0.043200
0 0.491567 0.797425 0.051367 0.049037
0 0.190608 0.683203 0.050333 0.039306
0 0.619475 0.793534 0.055000 0.047481
0 0.744788 0.783416 0.051375 0.045919
0 0.697308 0.880900 0.059150 0.043975
0 0.827550 0.871369 0.053967 0.049038
0 0.869062 0.776991 0.056042 0.042419
