0 0.725718 0.542227 0.008425 0.017538
0 0.736557 0.539813 0.008815 0.017636
0 0.746812 0.537058 0.008035 0.017049
0 0.757070 0.535058 0.008180 0.017173
0 0.767365 0.532578 0.007690 0.017476
0 0.777552 0.529938 0.007635 0.018062
0 0.787435 0.527942 0.007410 0.016204
0 0.778830 0.490929 0.007760 0.018231
0 0.710027 0.525822 0.008315 0.018631
0 0.721033 0.523658 0.008485 0.019031
0 0.731900 0.521089 0.008370 0.018427
0 0.742182 0.519120 0.008425 0.018418
0 0.752690 0.516307 0.008370 0.018729
0 0.763332 0.514147 0.008375 0.018516
0 0.773062 0.512120 0.007985 0.017840
0 0.783243 0.509844 0.007715 0.018444
0 0.704098 0.546618 0.009205 0.018231
0 0.715240 0.544596 0.008430 0.017938
0 0.660888 0.578147 0.008835 0.019227
0 0.672158 0.575524 0.008415 0.018907
0 0.607938 0.611853 0.009195 0.019760
0 0.619957 0.609222 0.009915 0.019689
0 0.631902 0.605453 0.008505 0.018373
0 0.643068 0.602809 0.008415 0.017867
0 0.655027 0.599996 0.008975 0.017680
0 0.666070 0.597684 0.008730 0.018320
0 0.677395 0.593289 0.008510 0.018578
0 0.601602 0.634044 0.009745 0.019040
0 0.613740 0.630853 0.008920 0.017618
0 0.625522 0.628284 0.008925 0.017316
0 0.637153 0.624929 0.009335 0.017680
0 0.648830 0.621800 0.009230 0.018498
0 0.660100 0.618889 0.009200 0.019822
0 0.671195 0.615676 0.009110 0.018196
0 0.607495 0.653587 0.009420 0.018267
0 0.619025 0.649889 0.008990 0.018924
0 0.631347 0.647716 0.008925 0.019360
0 0.642663 0.644342 0.008925 0.018053
0 0.654220 0.640867 0.008440 0.018267
0 0.665293 0.637529 0.008805 0.017102
0 0.676485 0.634667 0.008440 0.018489
0 0.601073 0.675387 0.009175 0.019022
0 0.612997 0.672667 0.008685 0.017938
0 0.740400 0.188031 0.008630 0.019333
0 0.711705 0.211364 0.008330 0.019120
0 0.722993 0.211364 0.008925 0.019547
0 0.734343 0.210942 0.008335 0.020391
0 0.745308 0.210000 0.008395 0.019964
0 0.755915 0.209578 0.008570 0.019547
0 0.716987 0.233902 0.008525 0.018809
0 0.728257 0.232924 0.008285 0.018951
0 0.739067 0.232644 0.008595 0.019689
0 0.750165 0.231876 0.008450 0.019200
0 0.760663 0.231102 0.008575 0.019218
0 0.710775 0.255916 0.008450 0.019724
0 0.721947 0.255391 0.008745 0.018676
0 0.733080 0.254542 0.008820 0.020124
0 0.744208 0.253533 0.008135 0.019689
0 0.754912 0.252431 0.007855 0.018480
0 0.765192 0.252080 0.007855 0.018987
0 0.726947 0.276733 0.008415 0.019280
0 0.738050 0.275431 0.008360 0.018276
0 0.748783 0.274729 0.008475 0.018080
0 0.759487 0.273671 0.008195 0.019182
0 0.770110 0.273022 0.007910 0.018044
0 0.709882 0.299360 0.008825 0.019538
0 0.720700 0.298244 0.008650 0.018800
0 0.731770 0.296769 0.008000 0.017911
0 0.743053 0.296396 0.008915 0.019831
0 0.753337 0.294916 0.008155 0.018649
0 0.764285 0.294400 0.008410 0.019093
0 0.774792 0.293760 0.008575 0.020053
0 0.714970 0.320564 0.008350 0.018853
0 0.726100 0.319360 0.008650 0.018578
0 0.736737 0.318347 0.008575 0.018738
0 0.747790 0.317302 0.008680 0.019298
0 0.758578 0.315898 0.008285 0.018818
0 0.768835 0.315022 0.007760 0.018702
0 0.779390 0.313676 0.008350 0.018356
0 0.708890 0.343084 0.008750 0.019876
0 0.780972 0.415169 0.008165 0.017662
0 0.791158 0.413760 0.008405 0.017991
0 0.712040 0.447844 0.008220 0.018000
0 0.722732 0.446378 0.009115 0.018000
0 0.733395 0.444636 0.008160 0.017662
0 0.744273 0.441880 0.008545 0.017769
0 0.754618 0.440249 0.007715 0.017209
0 0.765245 0.438338 0.008350 0.017884
0 0.775725 0.436147 0.008160 0.017769
0 0.785713 0.435018 0.008035 0.017769
0 0.795745 0.432827 0.007980 0.017653
0 0.711052 0.484378 0.008705 0.018533
0 0.721805 0.482747 0.007710 0.017049
0 0.732705 0.480382 0.007540 0.018044
0 0.743100 0.478511 0.008260 0.018231
0 0.753852 0.476196 0.007705 0.018329
0 0.764138 0.474227 0.008095 0.017147
0 0.774588 0.471760 0.007705 0.017938
0 0.784817 0.470031 0.008095 0.018427
0 0.794545 0.467716 0.008040 0.017547
0 0.705233 0.505960 0.008485 0.018924
0 0.716073 0.504089 0.008535 0.018347
0 0.726910 0.501818 0.008370 0.018924
0 0.737500 0.499893 0.008370 0.019022
0 0.748253 0.497387 0.008595 0.017351
0 0.758648 0.495462 0.008535 0.018427
0 0.768850 0.493244 0.007430 0.018524
0 0.789225 0.488080 0.008040 0.017227
0 0.579507 0.576244 0.010785 0.018836
0 0.481700 0.621449 0.010950 0.020498
0 0.495550 0.618187 0.010550 0.019200
0 0.508737 0.614293 0.010075 0.019342
0 0.522100 0.611271 0.009750 0.018987
0 0.535025 0.608320 0.010000 0.019733
0 0.548100 0.605564 0.009750 0.019200
0 0.560800 0.602471 0.010050 0.020124
0 0.573125 0.598809 0.009550 0.018311
0 0.488650 0.641938 0.010450 0.021298
0 0.502200 0.638809 0.009950 0.019733
0 0.515300 0.635164 0.010050 0.020800
0 0.528450 0.631742 0.010050 0.019822
0 0.541325 0.628676 0.009600 0.019911
0 0.554050 0.625342 0.009550 0.018933
0 0.566850 0.622542 0.009450 0.019022
0 0.579175 0.619387 0.009500 0.020178
0 0.549485 0.195231 0.010790 0.023013
0 0.529465 0.221018 0.011510 0.024293
0 0.542410 0.220378 0.011510 0.023013
0 0.568280 0.360636 0.010540 0.021129
0 0.580750 0.359022 0.010250 0.021778
0 0.480730 0.394444 0.011040 0.021600
0 0.494308 0.392964 0.010325 0.021289
0 0.508367 0.391182 0.011055 0.021618
0 0.522255 0.389831 0.010640 0.021867
0 0.535382 0.387618 0.011195 0.021867
0 0.548648 0.386022 0.011195 0.021129
0 0.561640 0.384058 0.010090 0.020151
0 0.580973 0.403907 0.010225 0.021378
0 0.574480 0.382778 0.009950 0.020880
0 0.474255 0.419018 0.011540 0.023440
0 0.488250 0.417396 0.010770 0.020889
0 0.501648 0.415871 0.010645 0.021324
0 0.515600 0.413911 0.010650 0.020889
0 0.529000 0.412280 0.010280 0.020667
0 0.542215 0.409996 0.009790 0.020453
0 0.555128 0.407933 0.010155 0.021538
0 0.568037 0.406080 0.010275 0.020444
0 0.481150 0.442524 0.011260 0.021102
0 0.495040 0.440236 0.011140 0.021324
0 0.508563 0.438169 0.010525 0.021102
0 0.521695 0.436413 0.010100 0.020222
0 0.535325 0.434151 0.010690 0.020569
0 0.548418 0.431707 0.010395 0.020924
0 0.561658 0.429876 0.010195 0.020053
0 0.574457 0.427960 0.009905 0.020756
0 0.474080 0.466667 0.011570 0.021102
0 0.706105 0.684738 0.007950 0.017244
0 0.716640 0.681524 0.007780 0.017093
0 0.727205 0.678382 0.007350 0.017511
0 0.737430 0.675493 0.007800 0.016889
0 0.747755 0.672116 0.007750 0.018133
0 0.700455 0.705627 0.008250 0.016000
0 0.711005 0.702604 0.007950 0.016000
0 0.721577 0.699138 0.007695 0.016533
0 0.732005 0.696427 0.007450 0.017333
0 0.742105 0.692827 0.007750 0.016533
0 0.705080 0.723938 0.008000 0.017244
0 0.715780 0.720471 0.007800 0.016711
0 0.726180 0.716604 0.008300 0.016800
0 0.630888 0.192253 0.009805 0.023867
0 0.643460 0.191684 0.010440 0.022729
0 0.655820 0.191209 0.010230 0.021404
0 0.667385 0.191400 0.009910 0.022160
0 0.679463 0.190453 0.009775 0.022542
0 0.612025 0.216782 0.010660 0.022169
0 0.624545 0.216498 0.009910 0.021973
0 0.636800 0.216311 0.009700 0.021973
0 0.649162 0.215173 0.009485 0.020836
0 0.661255 0.214707 0.009590 0.021769
0 0.672978 0.214693 0.009165 0.021031
0 0.684805 0.212898 0.010020 0.020836
0 0.605668 0.240600 0.010645 0.022320
0 0.617960 0.240449 0.010130 0.021698
0 0.630733 0.239373 0.010045 0.022320
0 0.642420 0.238600 0.009870 0.020471
0 0.654800 0.238138 0.010390 0.021396
0 0.666747 0.237138 0.010045 0.021547
0 0.678697 0.236058 0.010045 0.020009
0 0.611902 0.264076 0.010305 0.021236
0 0.624240 0.262844 0.009870 0.020320
0 0.636490 0.261538 0.009960 0.020160
0 0.648308 0.260764 0.009695 0.019858
0 0.660473 0.260302 0.010475 0.019858
0 0.672118 0.259147 0.009695 0.020320
0 0.683675 0.258004 0.009610 0.019831
0 0.605148 0.287022 0.010475 0.021867
0 0.617787 0.286547 0.009955 0.021556
0 0.629955 0.285316 0.009350 0.021547
0 0.641977 0.284164 0.009845 0.020471
0 0.653977 0.283080 0.009785 0.020471
0 0.666180 0.282311 0.009940 0.022009
0 0.677658 0.281009 0.009175 0.020933
0 0.611208 0.309324 0.009955 0.021244
0 0.623588 0.308787 0.010475 0.021396
0 0.635710 0.306867 0.009610 0.020009
0 0.647615 0.306636 0.010910 0.022320
0 0.659518 0.305249 0.010135 0.021093
0 0.671615 0.303884 0.009800 0.019644
0 0.682965 0.302107 0.009000 0.019467
0 0.682300 0.346071 0.009950 0.019396
0 0.604730 0.377396 0.009440 0.020782
0 0.616720 0.376778 0.009700 0.020471
0 0.629103 0.375240 0.009525 0.020471
0 0.640833 0.372853 0.009785 0.020622
0 0.652952 0.372004 0.009955 0.019547
0 0.664428 0.370391 0.009525 0.019396
0 0.676240 0.368698 0.008910 0.019707
0 0.610375 0.399449 0.009300 0.020089
0 0.622275 0.398071 0.010100 0.020533
0 0.634700 0.396338 0.009850 0.019733
0 0.646450 0.395049 0.009950 0.020711
0 0.658400 0.393093 0.009350 0.020178
0 0.669832 0.390920 0.008725 0.018569
0 0.681142 0.389684 0.009555 0.018480
0 0.603928 0.423471 0.009055 0.019262
0 0.615960 0.421444 0.009780 0.021342
0 0.628267 0.419422 0.009725 0.020249
0 0.639910 0.417498 0.008890 0.018373
0 0.652025 0.415813 0.009670 0.019360
0 0.663610 0.413889 0.009500 0.019458
0 0.675003 0.411964 0.008725 0.018578
0 0.609707 0.444418 0.008615 0.018276
0 0.621710 0.442093 0.008840 0.018569
0 0.634047 0.440151 0.009055 0.019502
0 0.645547 0.438244 0.008725 0.019760
0 0.657638 0.436564 0.008335 0.019564
0 0.669083 0.434436 0.008555 0.019662
0 0.680088 0.432267 0.009225 0.019858
0 0.603622 0.466796 0.009225 0.019760
0 0.615735 0.464324 0.009780 0.019564
0 0.627822 0.462889 0.009165 0.019858
0 0.602240 0.591440 0.008850 0.018933
0 0.614265 0.589609 0.009200 0.018862
0 0.626265 0.586196 0.009000 0.019111
0 0.637740 0.583609 0.009150 0.019307
0 0.649415 0.580596 0.008900 0.018578
0 0.666640 0.555964 0.009150 0.018596
0 0.678165 0.553040 0.008700 0.018578
0 0.624865 0.669138 0.008930 0.017831
0 0.636423 0.666742 0.009295 0.018267
0 0.647923 0.663044 0.008685 0.018053
0 0.659513 0.659889 0.008625 0.018267
0 0.670735 0.656409 0.008810 0.018702
0 0.606915 0.694578 0.009110 0.018044
0 0.619025 0.691751 0.009360 0.018702
0 0.630277 0.688049 0.009235 0.018267
0 0.641805 0.685116 0.008440 0.017182
0 0.653263 0.681147 0.008525 0.017938
0 0.664375 0.678049 0.008810 0.017609
0 0.675567 0.674680 0.008075 0.016738
0 0.600402 0.717138 0.009785 0.020338
0 0.612510 0.713987 0.009050 0.019244
0 0.624285 0.710120 0.009110 0.018284
0 0.635842 0.706702 0.009115 0.017067
0 0.646820 0.703222 0.008560 0.017076
0 0.658658 0.699742 0.009235 0.017724
0 0.669940 0.696422 0.008680 0.019138
0 0.606058 0.736364 0.009355 0.017973
0 0.618075 0.732187 0.008560 0.018507
0 0.629665 0.729044 0.008870 0.018053
0 0.641257 0.725507 0.008195 0.017289
0 0.652353 0.721853 0.008765 0.017164
0 0.663582 0.718076 0.008495 0.016916
0 0.674780 0.713880 0.008970 0.017271
0 0.600003 0.758067 0.009795 0.018747
0 0.611915 0.754302 0.009520 0.017760
0 0.623660 0.750396 0.008490 0.017040
0 0.635162 0.747356 0.008765 0.017289
0 0.646628 0.743062 0.008455 0.016596
0 0.657593 0.739436 0.008275 0.017342
0 0.718295 0.188613 0.008750 0.019858
0 0.729378 0.188453 0.008335 0.019964
0 0.719905 0.341622 0.008680 0.018818
0 0.730660 0.340160 0.008090 0.018702
0 0.741872 0.338813 0.008155 0.017893
0 0.715740 0.277209 0.008800 0.019573
0 0.752597 0.337444 0.007585 0.018551
0 0.763257 0.336431 0.007915 0.019013
0 0.773572 0.334911 0.008035 0.018000
0 0.783882 0.333849 0.007525 0.017884
0 0.714195 0.362924 0.008350 0.017547
0 0.724977 0.362018 0.008535 0.018222
0 0.736335 0.360387 0.008860 0.018782
0 0.746900 0.359151 0.007850 0.018107
0 0.757182 0.357862 0.008165 0.019120
0 0.767622 0.356227 0.007905 0.018107
0 0.778128 0.354658 0.007525 0.017884
0 0.788372 0.353756 0.008155 0.018338
0 0.707832 0.385196 0.009055 0.019796
0 0.719030 0.384067 0.009040 0.019796
0 0.729943 0.382884 0.008605 0.018338
0 0.740762 0.381311 0.007965 0.018782
0 0.751238 0.379342 0.008295 0.017102
0 0.761515 0.377489 0.008220 0.016311
0 0.772462 0.376133 0.007855 0.017209
0 0.782775 0.374676 0.007330 0.017209
0 0.792487 0.372871 0.007525 0.017209
0 0.712767 0.405653 0.008295 0.018240
0 0.723780 0.404369 0.008540 0.019227
0 0.734372 0.402516 0.008725 0.018222
0 0.745287 0.400938 0.007535 0.017324
0 0.755973 0.399027 0.007755 0.018676
0 0.766548 0.397507 0.008545 0.017662
0 0.776763 0.396102 0.007585 0.018000
0 0.786852 0.394018 0.008035 0.017209
0 0.706690 0.427711 0.008670 0.018000
0 0.717862 0.426311 0.007965 0.018489
0 0.728932 0.424947 0.008235 0.018551
0 0.739247 0.422724 0.008105 0.018373
0 0.750158 0.420791 0.008415 0.018329
0 0.760565 0.418822 0.008350 0.017324
0 0.770945 0.416742 0.007850 0.017431
0 0.709025 0.566156 0.008510 0.018053
0 0.720063 0.563422 0.008405 0.017671
0 0.730495 0.560787 0.008290 0.018053
0 0.741120 0.558298 0.007690 0.018356
0 0.751525 0.555418 0.007520 0.017662
0 0.761612 0.552911 0.007555 0.017502
0 0.771628 0.550627 0.007755 0.017502
0 0.782010 0.547933 0.007620 0.017378
0 0.703352 0.587191 0.008225 0.018702
0 0.713970 0.584440 0.007890 0.017982
0 0.724828 0.582036 0.008025 0.018702
0 0.735112 0.579760 0.008095 0.018702
0 0.745598 0.576529 0.007755 0.017982
0 0.755983 0.574124 0.007755 0.018222
0 0.766095 0.571373 0.007890 0.017502
0 0.776075 0.568973 0.008160 0.018462
0 0.708207 0.605956 0.008765 0.018098
0 0.632385 0.564044 0.008870 0.019573
0 0.729445 0.600244 0.008160 0.016667
0 0.740073 0.597942 0.008275 0.016916
0 0.749925 0.594947 0.007870 0.017253
0 0.760110 0.591644 0.007680 0.017067
0 0.770458 0.589231 0.007695 0.017662
0 0.702015 0.627369 0.008560 0.017973
0 0.713045 0.624458 0.007870 0.018071
0 0.723442 0.622009 0.007525 0.018080
0 0.733868 0.618796 0.007925 0.018178
0 0.744553 0.615627 0.007585 0.016551
0 0.754605 0.613071 0.007930 0.017360
0 0.764830 0.610320 0.008160 0.017564
0 0.707305 0.645240 0.007990 0.015724
0 0.717880 0.643049 0.008200 0.016889
0 0.728205 0.639671 0.007750 0.016533
0 0.738755 0.637138 0.007950 0.016800
0 0.748655 0.633538 0.007850 0.017600
0 0.758905 0.630738 0.008050 0.016267
0 0.701477 0.666693 0.008895 0.017778
0 0.712105 0.664382 0.008350 0.017778
0 0.722455 0.660782 0.008050 0.017333
0 0.732905 0.657493 0.007650 0.017867
0 0.743055 0.654293 0.007350 0.015556
0 0.753480 0.651227 0.007600 0.015822
0 0.474620 0.555409 0.011080 0.020400
0 0.488498 0.552449 0.010985 0.021093
0 0.502422 0.549569 0.011375 0.021271
0 0.718817 0.603369 0.007925 0.017973
0 0.643765 0.561267 0.008930 0.018533
0 0.655388 0.558951 0.008865 0.019058
0 0.522138 0.481573 0.010975 0.020569
0 0.535235 0.479373 0.010670 0.020791
0 0.561063 0.474178 0.009625 0.021422
0 0.467263 0.532658 0.012455 0.022667
0 0.481925 0.529342 0.011770 0.023360
0 0.494920 0.527080 0.011280 0.020578
0 0.508895 0.524898 0.011570 0.021440
0 0.522037 0.522022 0.010785 0.021964
0 0.535180 0.519493 0.011180 0.022844
0 0.548175 0.517053 0.010690 0.020756
0 0.561020 0.514698 0.010300 0.021964
0 0.574163 0.512080 0.009905 0.019876
0 0.495228 0.662569 0.010755 0.021138
0 0.508972 0.658902 0.010415 0.019849
0 0.521933 0.655458 0.010175 0.020427
0 0.534985 0.652462 0.010070 0.019520
0 0.547888 0.648640 0.010575 0.019413
0 0.560285 0.645942 0.009680 0.017929
0 0.572477 0.642111 0.009055 0.018978
0 0.502185 0.682480 0.009940 0.020071
0 0.515188 0.678449 0.009775 0.018942
0 0.528145 0.674844 0.009860 0.019556
0 0.541233 0.671773 0.009365 0.017947
0 0.553830 0.668542 0.010010 0.018667
0 0.566468 0.665169 0.010255 0.018800
0 0.578980 0.661649 0.009940 0.018373
0 0.508687 0.702493 0.010505 0.018800
0 0.521813 0.698453 0.009775 0.019627
0 0.534942 0.695462 0.009985 0.020240
0 0.547527 0.692013 0.009685 0.020240
0 0.560087 0.687920 0.009445 0.018951
0 0.572358 0.684476 0.008955 0.018373
0 0.515225 0.722089 0.010330 0.018667
0 0.528145 0.718502 0.010490 0.018658
0 0.541033 0.714627 0.009125 0.018942
0 0.553670 0.711164 0.009690 0.019840
0 0.565820 0.707231 0.009610 0.018516
0 0.578178 0.703351 0.009285 0.019093
0 0.521570 0.741253 0.009450 0.017369
0 0.534408 0.738107 0.010255 0.020213
0 0.547042 0.733933 0.009055 0.017662
0 0.559760 0.729769 0.008970 0.017938
0 0.571923 0.725964 0.009345 0.017511
0 0.527985 0.760636 0.009540 0.018516
0 0.540987 0.756840 0.009845 0.018924
0 0.553300 0.752809 0.009280 0.018667
0 0.565780 0.748716 0.009530 0.018231
0 0.578095 0.745200 0.009610 0.019520
0 0.546268 0.775644 0.009635 0.017778
0 0.559230 0.771662 0.009300 0.017867
0 0.571655 0.767884 0.008950 0.019378
0 0.618737 0.193009 0.011295 0.023493
0 0.604600 0.332062 0.009900 0.021636
0 0.617322 0.331760 0.009685 0.020622
0 0.629445 0.330524 0.010050 0.020320
0 0.641695 0.328831 0.009270 0.020933
0 0.653602 0.327360 0.009695 0.019876
0 0.665378 0.326369 0.009525 0.020311
0 0.676670 0.325062 0.010650 0.020169
0 0.610485 0.355000 0.009870 0.019084
0 0.623082 0.353613 0.008745 0.021236
0 0.635155 0.351996 0.009870 0.019244
0 0.647015 0.350458 0.009870 0.020169
0 0.658922 0.348996 0.009965 0.020320
0 0.670530 0.348613 0.009610 0.020160
0 0.639463 0.461013 0.009225 0.020053
0 0.651305 0.458551 0.009690 0.018329
0 0.662960 0.457031 0.009070 0.019164
0 0.674470 0.454484 0.009480 0.018800
0 0.603062 0.505964 0.009965 0.021067
0 0.615370 0.503151 0.010030 0.018693
0 0.627343 0.501209 0.009665 0.019982
0 0.639375 0.499102 0.009420 0.019236
0 0.651042 0.496942 0.009545 0.020960
0 0.662557 0.494582 0.008995 0.020773
0 0.673790 0.492422 0.009220 0.018800
0 0.609065 0.526618 0.008920 0.017876
0 0.621243 0.524036 0.009775 0.018756
0 0.633315 0.522084 0.009130 0.019387
0 0.645140 0.519884 0.009560 0.019769
0 0.656503 0.516404 0.009345 0.018409
0 0.667727 0.514298 0.009135 0.019351
0 0.679128 0.512204 0.008995 0.019253
0 0.602763 0.548711 0.009205 0.018507
0 0.615047 0.547013 0.008995 0.020142
0 0.626837 0.543991 0.009065 0.018880
0 0.638695 0.541911 0.008710 0.018507
0 0.650207 0.539071 0.008915 0.019653
0 0.661622 0.536484 0.009395 0.019778
0 0.673007 0.533809 0.008985 0.018604
0 0.608570 0.569760 0.009790 0.019698
0 0.620332 0.566667 0.008635 0.017618
0 0.515368 0.546604 0.010785 0.020231
0 0.528460 0.543813 0.009120 0.019876
0 0.541597 0.541382 0.010895 0.021253
0 0.554695 0.538498 0.010200 0.020391
0 0.567247 0.535533 0.010595 0.020044
0 0.580050 0.532676 0.009700 0.019840
0 0.481637 0.575627 0.010775 0.020764
0 0.495410 0.573716 0.011080 0.020053
0 0.508992 0.570569 0.010005 0.020071
0 0.522092 0.567262 0.010285 0.020747
0 0.535130 0.564564 0.010300 0.020578
0 0.547915 0.561502 0.009830 0.020071
0 0.561020 0.558560 0.010490 0.018987
0 0.573720 0.555338 0.010400 0.020542
0 0.474768 0.600653 0.011375 0.021964
0 0.488743 0.597764 0.010885 0.020418
0 0.502088 0.595071 0.010675 0.020222
0 0.515417 0.591849 0.011275 0.020391
0 0.528610 0.587644 0.011180 0.019733
0 0.541652 0.585138 0.010985 0.019876
0 0.554155 0.582084 0.010300 0.018658
0 0.566855 0.579382 0.010590 0.019173
0 0.562430 0.195227 0.011270 0.020462
0 0.575735 0.195013 0.011030 0.020889
0 0.555955 0.219098 0.010790 0.021307
0 0.569025 0.219738 0.011030 0.023440
0 0.582450 0.218671 0.011990 0.023013
0 0.522510 0.246164 0.011030 0.021733
0 0.535898 0.245320 0.011205 0.021716
0 0.549340 0.244196 0.011200 0.021244
0 0.562283 0.243093 0.011205 0.019911
0 0.575973 0.243311 0.011695 0.019476
0 0.515235 0.270258 0.011530 0.020498
0 0.529080 0.269653 0.011540 0.021760
0 0.542447 0.268818 0.010145 0.019271
0 0.556170 0.267387 0.011300 0.021316
0 0.568965 0.265947 0.011070 0.020907
0 0.582060 0.265213 0.011920 0.021627
0 0.508380 0.295071 0.011190 0.021164
0 0.522665 0.294013 0.011190 0.020738
0 0.535640 0.292324 0.011430 0.020738
0 0.549455 0.292120 0.010490 0.019493
0 0.562545 0.291053 0.010950 0.021591
0 0.575640 0.289151 0.010950 0.018622
0 0.501117 0.318987 0.011905 0.022436
0 0.515165 0.319204 0.011430 0.021164
0 0.529213 0.316876 0.010955 0.020738
0 0.542545 0.316236 0.010950 0.021164
0 0.555640 0.314542 0.010480 0.020320
0 0.568735 0.314756 0.010950 0.020747
0 0.581592 0.312853 0.010475 0.022009
0 0.494803 0.343956 0.013105 0.024978
0 0.508855 0.343747 0.011670 0.021164
0 0.521825 0.342133 0.010950 0.021333
0 0.535517 0.340569 0.010955 0.021582
0 0.548798 0.339191 0.011295 0.021796
0 0.562017 0.337924 0.011075 0.021378
0 0.574870 0.336547 0.009390 0.019476
0 0.487670 0.369351 0.011440 0.022436
0 0.501833 0.368400 0.011415 0.022222
0 0.515522 0.366502 0.010965 0.023084
0 0.528745 0.365120 0.011190 0.022009
0 0.542250 0.364164 0.010130 0.021378
0 0.555220 0.362049 0.011070 0.021378
0 0.501735 0.462569 0.010790 0.021618
0 0.488200 0.464836 0.011180 0.021973
0 0.515320 0.460476 0.010690 0.020578
0 0.528655 0.458124 0.011280 0.021440
0 0.541995 0.455596 0.010300 0.020916
0 0.555085 0.453502 0.010200 0.020569
0 0.568033 0.450884 0.010395 0.019529
0 0.573917 0.472596 0.010395 0.020747
0 0.580732 0.449320 0.009905 0.020222
0 0.467165 0.491511 0.011280 0.021618
0 0.548135 0.477396 0.010570 0.019858
0 0.481038 0.488876 0.011775 0.021307
0 0.494880 0.486364 0.011360 0.022507
0 0.508447 0.484173 0.010895 0.020258
