0 0.699050 0.581801 0.010750 0.020038
0 0.757106 0.500849 0.011925 0.019653
0 0.747425 0.520103 0.011650 0.021220
0 0.737350 0.539362 0.011650 0.022008
0 0.774716 0.497903 0.010719 0.021604
0 0.765950 0.516764 0.012037 0.021614
0 0.756844 0.536013 0.012188 0.021595
0 0.764234 0.584944 0.011781 0.020432
0 0.843300 0.519611 0.010475 0.021023
0 0.851953 0.533856 0.011519 0.020826
0 0.834597 0.536712 0.010606 0.021417
0 0.826488 0.555277 0.011375 0.020047
0 0.843250 0.551735 0.010600 0.020826
0 0.718612 0.577772 0.012175 0.022598
0 0.709006 0.596538 0.011000 0.022008
0 0.699319 0.616477 0.012825 0.020629
0 0.737153 0.573841 0.012044 0.022205
0 0.727778 0.592509 0.010606 0.021023
0 0.717569 0.610976 0.011125 0.019456
0 0.708419 0.631313 0.010863 0.021220
0 0.698462 0.650568 0.011925 0.021229
0 0.746434 0.588382 0.011519 0.020629
0 0.773331 0.599977 0.012175 0.022205
0 0.755603 0.604001 0.011506 0.020441
0 0.737006 0.607636 0.012562 0.020638
0 0.727525 0.627383 0.011400 0.021220
0 0.745456 0.622472 0.011925 0.019259
0 0.764234 0.618246 0.011519 0.018274
0 0.800372 0.577087 0.011506 0.018471
0 0.842200 0.584550 0.012175 0.020826
0 0.849716 0.598105 0.009944 0.020038
0 0.799134 0.609503 0.011131 0.020038
0 0.790416 0.628663 0.010994 0.021023
0 0.736550 0.641135 0.011650 0.020038
0 0.717384 0.645755 0.012306 0.020629
0 0.707887 0.665990 0.012425 0.022598
0 0.726803 0.660394 0.012556 0.022402
0 0.816412 0.605572 0.011125 0.020038
0 0.833103 0.602134 0.012831 0.019841
0 0.808153 0.624240 0.012169 0.020038
0 0.824525 0.620310 0.011400 0.020038
0 0.841484 0.616970 0.011781 0.020038
0 0.858228 0.612842 0.012556 0.019644
0 0.832444 0.633766 0.010750 0.019841
0 0.816019 0.638879 0.011388 0.021023
0 0.798606 0.642810 0.011925 0.020629
0 0.840756 0.647720 0.011375 0.019456
0 0.823672 0.652237 0.011506 0.019841
0 0.807303 0.656660 0.011519 0.021614
0 0.815678 0.671689 0.011519 0.020638
0 0.772494 0.666187 0.012825 0.021417
0 0.839903 0.680333 0.012319 0.020235
0 0.744931 0.723265 0.012425 0.020432
0 0.762469 0.718743 0.012700 0.020826
0 0.797037 0.708133 0.012175 0.020038
0 0.814837 0.703715 0.012425 0.021801
0 0.823147 0.716881 0.011794 0.019841
0 0.789175 0.726801 0.011650 0.020038
0 0.797300 0.740258 0.011650 0.021023
0 0.806325 0.722477 0.011400 0.020432
0 0.815419 0.736135 0.011000 0.019850
0 0.752584 0.737214 0.011519 0.019250
0 0.743434 0.756079 0.011256 0.019644
0 0.761688 0.751163 0.011925 0.021220
0 0.753050 0.770127 0.011900 0.021417
0 0.770778 0.764719 0.012569 0.021220
0 0.757500 0.467448 0.011138 0.021614
0 0.775622 0.464306 0.011256 0.021220
0 0.747550 0.485624 0.010850 0.020629
0 0.765822 0.483269 0.011781 0.021417
0 0.738000 0.504489 0.011388 0.020235
0 0.728113 0.523640 0.011275 0.022402
0 0.718875 0.543194 0.011650 0.022598
0 0.709066 0.561857 0.012419 0.022195
0 0.774141 0.532083 0.011956 0.020807
0 0.765350 0.550957 0.011650 0.021614
0 0.728575 0.558222 0.011388 0.021998
0 0.745975 0.554587 0.011650 0.022195
0 0.755728 0.570206 0.011256 0.021220
0 0.773803 0.566571 0.012306 0.019841
0 0.793697 0.460966 0.011794 0.022008
0 0.810772 0.458311 0.010606 0.019062
0 0.801744 0.476782 0.011400 0.020638
0 0.819288 0.473344 0.010850 0.020441
0 0.792581 0.494756 0.011375 0.021220
0 0.810197 0.491811 0.010994 0.020826
0 0.827016 0.489357 0.010606 0.020629
0 0.801353 0.510084 0.011406 0.021220
0 0.792131 0.528555 0.011262 0.020826
0 0.835053 0.503996 0.010469 0.020826
0 0.818494 0.506745 0.010337 0.020038
0 0.809397 0.524625 0.011256 0.020432
0 0.800641 0.543096 0.011781 0.020038
0 0.791797 0.561567 0.011406 0.021614
0 0.826422 0.521187 0.010194 0.020235
0 0.817128 0.539948 0.010719 0.020047
0 0.808884 0.558415 0.011781 0.021614
0 0.817781 0.572467 0.012313 0.021032
0 0.834528 0.569517 0.011519 0.020629
0 0.850900 0.566083 0.010725 0.019653
0 0.859153 0.580328 0.010469 0.019456
0 0.790947 0.595061 0.011506 0.020629
0 0.807900 0.591524 0.010850 0.020235
0 0.825444 0.587594 0.012700 0.021811
0 0.772816 0.633279 0.011931 0.019653
0 0.754613 0.637500 0.012175 0.022205
0 0.790225 0.662059 0.012450 0.021023
0 0.763587 0.651857 0.013625 0.021445
0 0.744941 0.656660 0.014269 0.023189
0 0.849466 0.630427 0.010994 0.020629
0 0.857438 0.644967 0.009950 0.018265
0 0.753841 0.670511 0.011131 0.021811
0 0.717312 0.679939 0.012975 0.021417
0 0.707553 0.699592 0.012306 0.021811
0 0.848862 0.661961 0.011650 0.020038
0 0.831847 0.665990 0.011656 0.020629
0 0.797950 0.675910 0.011400 0.020826
0 0.789369 0.694479 0.012037 0.021023
0 0.806981 0.689864 0.011375 0.019653
0 0.824137 0.684855 0.010600 0.020629
0 0.832116 0.699001 0.013494 0.020235
0 0.735375 0.675910 0.011900 0.020826
0 0.744416 0.690155 0.011131 0.020629
0 0.726153 0.695464 0.012306 0.021811
0 0.762278 0.684953 0.011794 0.021220
0 0.771506 0.699395 0.011375 0.020629
0 0.753319 0.704006 0.012175 0.020826
0 0.736294 0.709118 0.011925 0.020038
0 0.716781 0.713935 0.011650 0.020629
0 0.726744 0.729156 0.013225 0.022008
0 0.805534 0.754503 0.011131 0.020432
0 0.788597 0.759221 0.012044 0.021614
0 0.771309 0.731717 0.013081 0.022008
0 0.735116 0.743204 0.012969 0.021417
