0 0.544291 0.693138 0.012219 0.016958
0 0.571953 0.694279 0.012219 0.016958
0 0.601159 0.695879 0.012219 0.016958
0 0.607691 0.462671 0.012219 0.016958
0 0.631400 0.696113 0.012225 0.016958
0 0.425909 0.648462 0.012219 0.016958
0 0.450653 0.647317 0.012219 0.016950
0 0.476422 0.648692 0.012219 0.016950
0 0.502197 0.648462 0.012219 0.016958
0 0.528828 0.648004 0.012219 0.016958
0 0.556147 0.648233 0.012219 0.016950
0 0.585009 0.648692 0.012219 0.016950
0 0.621950 0.426704 0.012225 0.016958
0 0.591884 0.429688 0.012219 0.016958
0 0.563362 0.433121 0.012225 0.016958
0 0.578653 0.465196 0.012219 0.016958
0 0.614563 0.648921 0.012225 0.016958
0 0.627794 0.613413 0.012225 0.016958
0 0.597712 0.613996 0.012888 0.017208
0 0.569031 0.613413 0.012225 0.016958
0 0.611984 0.578821 0.012219 0.016958
0 0.582603 0.579737 0.012219 0.016958
0 0.553913 0.580421 0.012225 0.016958
0 0.541369 0.613413 0.012225 0.016958
0 0.514394 0.615013 0.012225 0.016958
0 0.487934 0.615704 0.012219 0.016958
0 0.462163 0.616162 0.012225 0.016958
0 0.437594 0.617304 0.012225 0.016958
0 0.413369 0.617304 0.012225 0.016958
0 0.389141 0.617538 0.012219 0.016958
0 0.365259 0.618221 0.012219 0.016958
0 0.526766 0.581113 0.012219 0.016958
0 0.499791 0.582946 0.012219 0.016958
0 0.474191 0.583629 0.012219 0.016958
0 0.448763 0.584087 0.012225 0.016958
0 0.424534 0.585238 0.012219 0.016958
0 0.400138 0.587067 0.012225 0.016950
0 0.376600 0.587525 0.012225 0.016950
0 0.353747 0.589129 0.012219 0.016958
0 0.436391 0.553163 0.012219 0.016958
0 0.411478 0.554762 0.012219 0.016958
0 0.387597 0.555221 0.012219 0.016958
0 0.364572 0.556829 0.012219 0.016958
0 0.625216 0.542854 0.012219 0.016958
0 0.595662 0.543538 0.012225 0.016958
0 0.566284 0.546063 0.012219 0.016958
0 0.539478 0.547437 0.012219 0.016958
0 0.511647 0.548579 0.012219 0.016958
0 0.486216 0.549496 0.012219 0.016958
0 0.460616 0.551562 0.012219 0.016958
0 0.623669 0.497037 0.012225 0.016958
0 0.594116 0.498871 0.012219 0.016958
0 0.565422 0.500013 0.012219 0.016958
0 0.413884 0.690387 0.012219 0.016958
0 0.648066 0.733912 0.012219 0.016958
0 0.617309 0.732304 0.012219 0.016958
0 0.587759 0.730471 0.012219 0.016958
0 0.559237 0.729100 0.012225 0.016950
0 0.531747 0.729100 0.012219 0.016950
0 0.504259 0.726812 0.012219 0.016958
0 0.478484 0.726121 0.012219 0.016958
0 0.452372 0.725438 0.012219 0.016958
0 0.427628 0.724063 0.012219 0.016958
0 0.416459 0.755446 0.012219 0.016958
0 0.440859 0.757046 0.012219 0.016958
0 0.466116 0.758879 0.012219 0.016958
0 0.492059 0.759112 0.012219 0.016958
0 0.518691 0.760713 0.012219 0.016958
0 0.547041 0.763238 0.012219 0.016958
0 0.574359 0.764150 0.012219 0.016950
0 0.604425 0.765983 0.012225 0.016950
0 0.633806 0.768271 0.012225 0.016958
0 0.664559 0.770562 0.012219 0.016958
0 0.533466 0.796679 0.012219 0.016958
0 0.561816 0.800121 0.012219 0.016958
0 0.505803 0.795304 0.012219 0.016958
0 0.479172 0.792329 0.012219 0.016958
0 0.453916 0.790496 0.012219 0.016958
0 0.429347 0.789121 0.012219 0.016958
0 0.404259 0.787746 0.012219 0.016958
0 0.391719 0.754754 0.012225 0.016958
0 0.369041 0.754529 0.012219 0.016958
0 0.356497 0.721996 0.012219 0.016958
0 0.378834 0.722687 0.012219 0.016958
0 0.403575 0.723146 0.012225 0.016958
0 0.366806 0.690612 0.012225 0.016958
0 0.389484 0.690846 0.012219 0.016958
0 0.401856 0.649838 0.012225 0.016958
0 0.377975 0.648921 0.012225 0.016958
0 0.354266 0.649604 0.012219 0.016958
0 0.439484 0.691071 0.012219 0.016958
0 0.464225 0.691987 0.012225 0.016958
0 0.490512 0.691987 0.012225 0.016958
0 0.516800 0.692679 0.012225 0.016958
0 0.537416 0.503221 0.012219 0.016958
0 0.511303 0.504367 0.012219 0.016950
0 0.484841 0.507346 0.012219 0.016958
0 0.460103 0.509179 0.012219 0.016958
0 0.434847 0.510554 0.012219 0.016958
0 0.410791 0.512846 0.012219 0.016958
0 0.387078 0.514446 0.012219 0.016958
0 0.363884 0.516054 0.012219 0.016958
0 0.550134 0.468629 0.012219 0.016958
0 0.523328 0.470229 0.012219 0.016958
0 0.496525 0.472754 0.012225 0.016958
0 0.470584 0.476646 0.012219 0.016958
0 0.446528 0.478479 0.012219 0.016958
0 0.421959 0.480542 0.012219 0.016950
0 0.398422 0.483287 0.012219 0.016958
0 0.374022 0.485121 0.012219 0.016958
0 0.351172 0.486729 0.012219 0.016958
0 0.536044 0.436554 0.012225 0.016958
0 0.508897 0.439537 0.012219 0.016958
0 0.483125 0.442288 0.012225 0.016958
0 0.457525 0.445033 0.012225 0.016950
0 0.432953 0.447554 0.012219 0.016958
0 0.409244 0.450071 0.012225 0.016958
0 0.384847 0.452821 0.012219 0.016958
0 0.361309 0.455112 0.012219 0.016958
0 0.605081 0.393917 0.012225 0.016950
0 0.576628 0.397875 0.012219 0.016950
0 0.548175 0.402163 0.012225 0.016958
0 0.520959 0.405796 0.012219 0.016958
0 0.494488 0.408762 0.012225 0.016958
0 0.468263 0.412388 0.012225 0.016958
0 0.443766 0.416021 0.012219 0.016958
0 0.420266 0.418988 0.012219 0.016958
0 0.395769 0.420637 0.012225 0.016958
0 0.372266 0.423279 0.012219 0.016958
0 0.350247 0.425913 0.012219 0.016958
0 0.357916 0.324971 0.012219 0.016958
0 0.348759 0.357300 0.012219 0.016950
0 0.359897 0.385337 0.012219 0.016958
0 0.632159 0.308954 0.012931 0.017258
0 0.646153 0.272188 0.012219 0.016958
0 0.630316 0.240188 0.012219 0.016958
0 0.382872 0.381679 0.012219 0.016958
0 0.406066 0.378471 0.012219 0.016958
0 0.431494 0.375954 0.012225 0.016958
0 0.454859 0.371371 0.012219 0.016958
0 0.480119 0.368163 0.012225 0.016958
0 0.506922 0.364042 0.012219 0.016950
0 0.560353 0.356021 0.012219 0.016958
0 0.533897 0.359687 0.012219 0.016958
0 0.618944 0.346404 0.012225 0.016958
0 0.589047 0.351442 0.012219 0.016950
0 0.602106 0.314104 0.012225 0.016958
0 0.574444 0.319829 0.012225 0.016958
0 0.545750 0.324871 0.012225 0.016958
0 0.519466 0.329446 0.012219 0.016958
0 0.492147 0.334029 0.012219 0.016958
0 0.467403 0.337471 0.012219 0.016958
0 0.441631 0.341821 0.012225 0.016958
0 0.417922 0.345488 0.012219 0.016958
0 0.393522 0.349150 0.012219 0.016950
0 0.370844 0.352354 0.012225 0.016958
0 0.616022 0.277679 0.012219 0.016958
0 0.587159 0.283171 0.012219 0.016958
0 0.559325 0.289358 0.012225 0.016950
0 0.531663 0.293479 0.012225 0.016958
0 0.504516 0.299212 0.012219 0.016958
0 0.478572 0.303562 0.012219 0.016958
0 0.453484 0.307912 0.012219 0.016958
0 0.427716 0.312496 0.012219 0.016958
0 0.404519 0.316850 0.012225 0.016950
0 0.381325 0.320054 0.012225 0.016958
0 0.599528 0.246746 0.012219 0.016958
0 0.572209 0.252479 0.012219 0.016958
0 0.543953 0.258437 0.012219 0.016958
0 0.516884 0.264617 0.011694 0.015567
0 0.490597 0.268971 0.011694 0.015575
0 0.464403 0.274462 0.011694 0.015575
0 0.439828 0.279392 0.011344 0.014883
0 0.415172 0.283858 0.010481 0.014200
0 0.392066 0.289133 0.010481 0.014200
