0 0.1109 0.2468919999999999 0.167724 0.163116
0 0.274818 0.24807 0.148662 0.179674
0 0.429206 0.24452800000000008 0.163912 0.182046
0 0.6045499999999999 0.2386520000000001 0.1639 0.179752
0 0.75895 0.25047200000000003 0.1868 0.156108
0 0.184288 0.4253800000000001 0.17345 0.189116
0 0.36440000000000006 0.41947200000000007 0.17155 0.18676
0 0.5111619999999999 0.4371940000000001 0.182974 0.226946
0 0.684612 0.41710800000000003 0.17535 0.191488
0 0.11376199999999992 0.6038680000000001 0.150576 0.148946
0 0.278632 0.593224 0.171538 0.189116
0 0.4530179999999999 0.602806 0.177288 0.198822
0 0.19953200000000004 0.765806 0.162012 0.189132
