0 0.786916 0.21719200000000005 0.197666 0.29971
0 0.087838 0.46231599999999995 0.174094 0.280064
0 0.280068 0.4706920000000001 0.184968 0.285712
0 0.484078 0.473492 0.179532 0.285712
0 0.68537 0.487506 0.186782 0.285712
0 0.887562 0.4889220000000001 0.19223 0.27728
0 0.177604 0.20038599999999995 0.175896 0.288528
0 0.376172 0.21018599999999998 0.177718 0.313724
0 0.582906 0.211592 0.19223 0.30531
0 0.785104 0.764818 0.190416 0.285712
0 0.582006 0.745206 0.183156 0.274514
0 0.380714 0.741006 0.179532 0.271714
0 0.17488 0.735406 0.184968 0.271714
