0 0.5036259999999999 0.949178 0.05185 0.080458
0 0.2490000000000001 0.500192 0.061 0.089484
0 0.3065500000000001 0.499102 0.0496 0.08348
0 0.3604240000000001 0.490498 0.04995 0.085392
0 0.4115 0.485698 0.0475 0.085584
0 0.46282599999999996 0.47826 0.0477 0.087686
0 0.10816200000000009 0.600536 0.062224 0.089024
0 0.16807400000000006 0.595412 0.05035 0.089484
0 0.22162400000000004 0.591778 0.05925 0.086806
0 0.27735 0.588776 0.0517 0.086156
0 0.33319999999999994 0.581414 0.0499 0.081376
0 0.38264999999999993 0.575584 0.0518 0.079196
0 0.43212399999999995 0.56933 0.05275 0.076406
0 0.485876 0.560994 0.04675 0.080306
0 0.5352380000000001 0.553002 0.049976 0.089636
0 0.584012 0.546978 0.050526 0.094494
0 0.08078800000000008 0.691224 0.059026 0.092046
0 0.139162 0.690364 0.058826 0.090326
0 0.19399999999999995 0.681682 0.0545 0.079848
0 0.3072619999999999 0.668374 0.050526 0.082218
0 0.359 0.66237 0.0505 0.084972
0 0.4111260000000001 0.652772 0.04975 0.078776
0 0.4604999999999999 0.646368 0.0475 0.078586
0 0.5103880000000001 0.638012 0.046776 0.073576
0 0.560562 0.630478 0.048626 0.081606
0 0.6073999999999999 0.623748 0.0488 0.078852
0 0.6745620000000001 0.69002 0.052974 0.080612
0 0.627062 0.697094 0.042026 0.073346
0 0.5824 0.704282 0.0473 0.079924
0 0.532824 0.711148 0.0458 0.084628
0 0.4840120000000001 0.71935 0.047326 0.080994
0 0.4338740000000001 0.725106 0.04845 0.078738
0 0.3822380000000001 0.738394 0.047976 0.083442
0 0.33155 0.745372 0.0492 0.08348
0 0.2768379999999999 0.752352 0.052026 0.080076
0 0.22229999999999994 0.760746 0.0526 0.082332
0 0.1645000000000001 0.766596 0.0535 0.088298
0 0.10781200000000002 0.774512 0.053874 0.083862
0 0.05091200000000007 0.783194 0.057326 0.096406
0 0.07973800000000009 0.867552 0.057724 0.086846
0 0.1388879999999999 0.856062 0.054874 0.087648
0 0.19611200000000006 0.845602 0.055226 0.092122
0 0.251012 0.835718 0.052674 0.084894
0 0.30382599999999993 0.82826 0.0498 0.078624
0 0.3577619999999999 0.820038 0.051024 0.08153
0 0.4091499999999999 0.811836 0.0498 0.080574
0 0.4577880000000001 0.801988 0.049926 0.080152
0 0.505174 0.79327 0.05145 0.081988
0 0.556224 0.78652 0.04505 0.081032
0 0.6034120000000001 0.775182 0.047326 0.076712
0 0.646312 0.76891 0.046076 0.079618
0 0.69675 0.766252 0.05235 0.078126
0 0.05631199999999992 0.95478 0.054874 0.083174
0 0.11212599999999995 0.946806 0.05525 0.084054
0 0.168574 0.935392 0.05385 0.084934
0 0.2237 0.92545 0.0521 0.08738
0 0.2752380000000001 0.911548 0.056024 0.081606
0 0.3301240000000001 0.903978 0.04925 0.080382
0 0.38349999999999995 0.89738 0.0485 0.081032
0 0.43322400000000005 0.88719 0.04655 0.079542
0 0.4811000000000001 0.875392 0.04615 0.078738
0 0.5307379999999999 0.868146 0.045524 0.078164
0 0.5794619999999999 0.858298 0.044576 0.078126
0 0.6243259999999999 0.85107 0.04655 0.08218
0 0.673338 0.842676 0.051476 0.082754
0 0.689376 0.908948 0.04875 0.076406
0 0.6436379999999999 0.919656 0.044274 0.077018
0 0.5974740000000001 0.926042 0.04655 0.079312
0 0.5515380000000001 0.937324 0.049074 0.077552
0 0.4532879999999999 0.95564 0.050324 0.0826
0 0.24902599999999997 0.67304 0.05905 0.093078
