0 0.484083 0.759142 0.017678 0.028117
0 0.494117 0.742317 0.018211 0.028500
0 0.504272 0.724908 0.016367 0.028517
0 0.515228 0.706692 0.018211 0.027717
0 0.526572 0.689267 0.018744 0.028500
0 0.538050 0.671458 0.017944 0.027717
0 0.549400 0.653050 0.017422 0.028900
0 0.561144 0.633258 0.017689 0.031283
0 0.463106 0.755375 0.018478 0.030083
0 0.472472 0.738358 0.016100 0.028517
0 0.481972 0.720350 0.017678 0.026533
0 0.492789 0.704717 0.017156 0.025333
0 0.503483 0.686100 0.017944 0.028500
0 0.514567 0.668492 0.019000 0.026517
0 0.525250 0.649483 0.018211 0.028100
0 0.536606 0.628708 0.018211 0.030083
0 0.450172 0.734600 0.016900 0.026533
0 0.459939 0.716183 0.015300 0.028500
0 0.470889 0.701350 0.017156 0.028100
0 0.481578 0.683333 0.016889 0.025333
0 0.491739 0.661958 0.017678 0.029283
0 0.502822 0.646317 0.016622 0.024933
0 0.514306 0.627917 0.017944 0.029300
0 0.440144 0.713217 0.016889 0.028900
0 0.449250 0.695808 0.016633 0.030483
0 0.459672 0.679175 0.016367 0.029683
0 0.469700 0.662358 0.016889 0.026917
0 0.480128 0.643358 0.018211 0.026917
0 0.429061 0.693625 0.015833 0.026117
0 0.439483 0.676408 0.016633 0.027317
0 0.447139 0.658792 0.018211 0.028517
0 0.457828 0.641175 0.016367 0.027317
0 0.653778 0.620000 0.018733 0.031667
0 0.625144 0.616833 0.019533 0.031667
0 0.597961 0.615442 0.019522 0.032850
0 0.573167 0.611250 0.017889 0.026833
0 0.548611 0.610300 0.018467 0.028100
0 0.524461 0.607725 0.018211 0.030083
0 0.490417 0.625542 0.016633 0.026917
0 0.501767 0.605350 0.016089 0.026933
0 0.511950 0.586742 0.017944 0.029683
0 0.536761 0.589117 0.017944 0.028100
0 0.561039 0.590708 0.020056 0.030483
0 0.585844 0.591300 0.019000 0.029300
0 0.612106 0.595258 0.019789 0.030883
0 0.639289 0.597233 0.019267 0.032467
0 0.663172 0.597433 0.015300 0.030467
0 0.653278 0.575267 0.020844 0.031267
0 0.625033 0.573092 0.021378 0.030883
0 0.637706 0.552108 0.017678 0.032450
0 0.610522 0.551508 0.018200 0.030483
0 0.598117 0.571900 0.019789 0.032467
0 0.572389 0.571108 0.018467 0.030883
0 0.547578 0.569325 0.019000 0.030483
0 0.523039 0.568533 0.016367 0.028100
0 0.469067 0.622767 0.017689 0.027300
0 0.478833 0.604367 0.017156 0.028500
0 0.489261 0.584767 0.017944 0.028100
0 0.501394 0.566558 0.020056 0.030483
0 0.511294 0.544783 0.018211 0.032067
0 0.535178 0.546758 0.019000 0.029683
0 0.560117 0.548742 0.017144 0.028883
0 0.585189 0.549725 0.018733 0.030083
0 0.421039 0.710058 0.016633 0.027717
0 0.410217 0.690058 0.016633 0.027317
0 0.419850 0.671658 0.017411 0.026917
0 0.428694 0.655225 0.016100 0.027317
0 0.436739 0.637417 0.015300 0.026533
0 0.447428 0.620000 0.014522 0.028900
0 0.457061 0.601592 0.016367 0.027717
0 0.468011 0.583183 0.017689 0.028100
0 0.477911 0.563783 0.016356 0.028900
0 0.488861 0.545375 0.018211 0.029283
0 0.499289 0.525383 0.017422 0.028900
0 0.523833 0.525583 0.019000 0.030867
0 0.547711 0.525983 0.017156 0.031667
0 0.572256 0.527767 0.018200 0.032067
0 0.597989 0.527758 0.019533 0.032850
0 0.624772 0.529342 0.019789 0.032850
0 0.611178 0.507575 0.021111 0.031283
0 0.584922 0.505792 0.018733 0.030883
0 0.511161 0.504808 0.017944 0.027317
0 0.559061 0.507375 0.019256 0.032450
0 0.535044 0.505792 0.017156 0.030083
0 0.546789 0.484417 0.019533 0.030867
0 0.571861 0.485008 0.020056 0.032050
0 0.597856 0.485400 0.019267 0.031267
0 0.584261 0.462833 0.022700 0.035233
0 0.665517 0.553675 0.017478 0.031650
0 0.652350 0.531125 0.020056 0.033250
0 0.638628 0.507375 0.020056 0.030883
0 0.625172 0.485800 0.022167 0.034433
0 0.610789 0.464225 0.019267 0.034050
0 0.597983 0.441667 0.020056 0.032467
0 0.665939 0.510150 0.020322 0.035633
0 0.651428 0.486000 0.022433 0.034033
0 0.638500 0.463433 0.019267 0.031667
0 0.624244 0.441858 0.019800 0.033650
0 0.610917 0.419492 0.020589 0.030083
0 0.559856 0.463433 0.019267 0.030100
0 0.571728 0.443050 0.019256 0.029700
0 0.585189 0.420083 0.018733 0.031267
0 0.399794 0.670075 0.017411 0.026917
0 0.408372 0.652658 0.017678 0.027717
0 0.417472 0.635833 0.017411 0.028100
0 0.427500 0.618208 0.017422 0.026917
0 0.435817 0.600208 0.015567 0.024150
0 0.446267 0.580808 0.017467 0.026517
0 0.456006 0.562792 0.017944 0.030883
0 0.466428 0.544383 0.018211 0.031267
0 0.477644 0.524192 0.019000 0.030483
0 0.488600 0.504208 0.018733 0.030083
0 0.499156 0.484217 0.017689 0.029700
0 0.522906 0.484817 0.019256 0.031667
0 0.533861 0.463233 0.017944 0.029700
0 0.546922 0.441858 0.019800 0.029683
0 0.664622 0.465208 0.019267 0.033650
0 0.651161 0.441858 0.020322 0.033650
0 0.637178 0.419692 0.020844 0.033650
0 0.623056 0.397125 0.019000 0.032850
0 0.558667 0.421075 0.019000 0.030883
0 0.571333 0.400683 0.018467 0.028900
0 0.597194 0.398317 0.020056 0.032067
0 0.662511 0.420483 0.015578 0.034433
0 0.650239 0.396533 0.021633 0.034833
0 0.637178 0.374367 0.020844 0.032467
0 0.609733 0.375550 0.018733 0.032467
0 0.623189 0.352192 0.020844 0.033250
0 0.635856 0.329042 0.019800 0.033650
0 0.583739 0.376342 0.018478 0.030883
0 0.596928 0.354575 0.018478 0.032450
0 0.609200 0.331608 0.019267 0.030883
0 0.622394 0.308058 0.020322 0.032050
0 0.509444 0.463825 0.017689 0.030883
0 0.521717 0.442258 0.018478 0.031283
0 0.533594 0.421475 0.017411 0.030083
0 0.545733 0.400092 0.019000 0.030083
0 0.558667 0.377733 0.019000 0.031267
0 0.571067 0.355167 0.020578 0.029700
0 0.583744 0.332817 0.020067 0.031700
0 0.596800 0.309642 0.018733 0.034450
0 0.608806 0.285692 0.017944 0.029283
0 0.545339 0.356758 0.018211 0.030483
0 0.558667 0.334383 0.019533 0.031667
0 0.570806 0.312608 0.019522 0.030083
0 0.583472 0.289450 0.019011 0.031267
0 0.596933 0.265900 0.019533 0.034033
0 0.533194 0.336558 0.017678 0.031283
0 0.546000 0.314592 0.016889 0.033250
0 0.558267 0.292817 0.019267 0.030867
0 0.571333 0.270450 0.018467 0.032867
0 0.388444 0.649883 0.014778 0.025333
0 0.398339 0.632867 0.016100 0.029300
0 0.407578 0.615833 0.016089 0.028500
0 0.417211 0.598225 0.015311 0.028117
0 0.425922 0.578833 0.016889 0.028900
0 0.435950 0.562200 0.015300 0.027300
0 0.445183 0.541617 0.019522 0.030467
0 0.455472 0.522808 0.015833 0.030883
0 0.465506 0.504008 0.015833 0.028117
0 0.477383 0.483825 0.018478 0.030483
0 0.488467 0.463433 0.019000 0.029300
0 0.498622 0.441667 0.016622 0.029300
0 0.509972 0.420292 0.017678 0.033250
0 0.521717 0.401083 0.016367 0.031267
0 0.533856 0.378917 0.016889 0.032067
0 0.521589 0.358925 0.017156 0.030083
0 0.388839 0.613867 0.016100 0.028500
0 0.397156 0.594067 0.016356 0.030867
0 0.406128 0.578033 0.015300 0.028100
0 0.416022 0.560417 0.016622 0.027700
0 0.426183 0.540617 0.017411 0.026100
0 0.434367 0.523208 0.016889 0.029283
0 0.444656 0.503408 0.016356 0.026917
0 0.455739 0.483033 0.020056 0.028100
0 0.464583 0.463042 0.016100 0.027717
0 0.475933 0.444042 0.017156 0.027717
0 0.486750 0.423258 0.016633 0.030483
0 0.497306 0.402867 0.017144 0.030100
0 0.509444 0.379908 0.016622 0.030883
0 0.378678 0.594267 0.015311 0.026533
0 0.385939 0.576258 0.016633 0.026917
0 0.397156 0.558042 0.019533 0.027717
0 0.405067 0.539442 0.016889 0.027717
0 0.414700 0.521033 0.016622 0.028100
0 0.425128 0.501833 0.017411 0.028500
0 0.434100 0.482433 0.016889 0.028500
0 0.445183 0.463833 0.018478 0.029300
0 0.454289 0.444233 0.017689 0.028100
0 0.465239 0.423058 0.015833 0.026917
0 0.475406 0.403458 0.016100 0.030483
0 0.483844 0.382083 0.012933 0.028100
0 0.369444 0.575267 0.015311 0.026533
0 0.378022 0.556858 0.017156 0.026917
0 0.386200 0.538058 0.014511 0.026517
0 0.394383 0.519850 0.015567 0.028900
0 0.403617 0.500842 0.016100 0.027317
0 0.413517 0.481650 0.015833 0.028500
0 0.423544 0.464625 0.016889 0.026917
0 0.368522 0.537067 0.015044 0.029300
0 0.376567 0.519250 0.016356 0.026933
0 0.386072 0.502425 0.017944 0.029683
0 0.366806 0.500642 0.015833 0.026917
0 0.375533 0.484217 0.016933 0.028900
0 0.393722 0.483025 0.015311 0.029683
0 0.403356 0.463633 0.016622 0.028900
0 0.385278 0.463633 0.016356 0.026533
0 0.366278 0.462833 0.017422 0.028900
0 0.433833 0.444433 0.017422 0.027700
0 0.442917 0.424067 0.019144 0.030100
0 0.497383 0.359692 0.018344 0.030050
0 0.509689 0.338025 0.017689 0.031350
0 0.520828 0.317525 0.019300 0.030317
0 0.532544 0.294608 0.017911 0.031350
0 0.545522 0.271175 0.021356 0.031350
0 0.453128 0.403583 0.016367 0.029700
0 0.464344 0.383000 0.017156 0.031267
0 0.474772 0.362417 0.017944 0.028900
0 0.485194 0.340833 0.016100 0.032467
0 0.497994 0.318867 0.017411 0.029700
0 0.509089 0.297258 0.018489 0.030817
0 0.521217 0.275525 0.018478 0.033250
0 0.533089 0.252367 0.014778 0.028900
0 0.557639 0.249983 0.017944 0.031267
0 0.545367 0.229200 0.017689 0.031667
0 0.393189 0.444992 0.015844 0.029683
0 0.402428 0.425208 0.017589 0.027717
0 0.413750 0.444008 0.016056 0.029017
0 0.422772 0.425533 0.016056 0.028367
0 0.432883 0.404750 0.015167 0.025733
0 0.442672 0.383633 0.016278 0.031667
0 0.453339 0.363508 0.017367 0.030350
0 0.464222 0.343083 0.017156 0.034333
0 0.475333 0.321617 0.016933 0.031000
0 0.485772 0.300017 0.016278 0.032000
0 0.497428 0.277583 0.018033 0.031333
0 0.509528 0.256300 0.018478 0.032333
0 0.382967 0.426850 0.014733 0.027700
0 0.392750 0.406067 0.015389 0.025067
0 0.412211 0.405575 0.017822 0.030683
0 0.422328 0.385950 0.015611 0.029700
0 0.432006 0.365500 0.015167 0.029033
0 0.442672 0.343883 0.016722 0.028700
0 0.453228 0.323758 0.015833 0.030017
0 0.463783 0.302325 0.017589 0.030017
0 0.474561 0.279892 0.016278 0.027383
0 0.485889 0.259100 0.017378 0.032000
0 0.400994 0.388092 0.015611 0.028683
0 0.411661 0.367967 0.015389 0.028033
0 0.421450 0.346692 0.016056 0.031017
0 0.432883 0.326400 0.016500 0.028700
0 0.442233 0.305458 0.014956 0.032983
0 0.452350 0.282692 0.016278 0.031017
0 0.463344 0.261750 0.016267 0.031333
0 0.520522 0.232392 0.017156 0.033317
0 0.496772 0.236508 0.018478 0.032983
0 0.373506 0.445983 0.018700 0.026400
0 0.364928 0.427183 0.015611 0.029700
0 0.383517 0.388425 0.015833 0.029350
0 0.392639 0.368958 0.016500 0.024750
0 0.401989 0.347850 0.014511 0.028033
0 0.412100 0.328383 0.015400 0.027367
0 0.421889 0.307950 0.016044 0.028067
0 0.431456 0.286492 0.016711 0.030683
0 0.382411 0.349825 0.016267 0.027383
0 0.391761 0.329208 0.015611 0.029017
0 0.401328 0.309417 0.018033 0.029033
0 0.412211 0.287808 0.016044 0.029350
0 0.441678 0.265050 0.015178 0.028700
0 0.452128 0.243292 0.017589 0.029383
0 0.474778 0.239158 0.017600 0.027083
0 0.374383 0.407225 0.016500 0.029350
0 0.600867 0.741125 0.019000 0.030083
0 0.614322 0.721733 0.020578 0.028500
0 0.626989 0.702333 0.019533 0.032467
0 0.640450 0.683933 0.019522 0.032067
0 0.551906 0.773583 0.018211 0.025333
0 0.564050 0.755383 0.018744 0.031667
0 0.576189 0.737958 0.021378 0.030083
0 0.588067 0.718567 0.019267 0.029300
0 0.600867 0.699967 0.019533 0.028500
0 0.613267 0.679767 0.020067 0.029300
0 0.626594 0.660375 0.020856 0.030883
0 0.639394 0.639000 0.020589 0.031667
0 0.528944 0.768442 0.017156 0.029283
0 0.540822 0.752217 0.017156 0.029300
0 0.551644 0.733217 0.018200 0.029300
0 0.562600 0.714208 0.019533 0.029283
0 0.574733 0.696000 0.019000 0.029300
0 0.587406 0.677000 0.018478 0.029300
0 0.599544 0.656617 0.018467 0.032867
0 0.613400 0.638008 0.018733 0.028883
0 0.505989 0.764083 0.018200 0.031667
0 0.516544 0.747658 0.017689 0.027317
0 0.526839 0.729250 0.015567 0.029300
0 0.538450 0.711442 0.019256 0.029283
0 0.549928 0.693033 0.018478 0.026533
0 0.562067 0.672842 0.019533 0.029683
0 0.573811 0.654825 0.018733 0.030083
0 0.587011 0.635433 0.018733 0.029300
