0 0.379866 0.139532 0.121422 0.186438
0 0.096688 0.843062 0.126088 0.178626
0 0.292356 0.838468 0.134488 0.185188
0 0.480978 0.839124 0.128888 0.178626
0 0.670578 0.837156 0.128888 0.190438
0 0.858288 0.835844 0.130712 0.177312
0 0.0952 0.373312 0.125866 0.195126
0 0.0322 0.141844 0.057912 0.199688
0 0.761712 0.609344 0.129112 0.181562
0 0.578556 0.607062 0.127512 0.186126
0 0.388044 0.601406 0.130578 0.197438
0 0.199312 0.608188 0.130712 0.188376
0 0.289688 0.376718 0.137156 0.179312
0 0.481712 0.368782 0.117822 0.186062
0 0.671334 0.380124 0.125866 0.1815
0 0.856934 0.377844 0.122666 0.186062
0 0.764956 0.146376 0.122622 0.186126
0 0.571288 0.141844 0.135556 0.186062
0 0.192 0.142156 0.127912 0.187562
