0 0.55055 0.975826 0.048624 0.046602
0 0.607432 0.966116 0.048624 0.046602
0 0.659724 0.956408 0.048624 0.046602
0 0.712018 0.949612 0.048624 0.046602
0 0.764312 0.940874 0.048624 0.046602
0 0.820276 0.934078 0.048624 0.046602
0 0.931284 0.968058 0.048624 0.046602
0 0.951468 0.73602 0.048624 0.046602
0 0.945964 0.68068 0.048624 0.046602
0 0.942294 0.624368 0.048624 0.046602
0 0.934954 0.567088 0.048624 0.046602
0 0.903762 0.742816 0.048624 0.046602
0 0.896422 0.690388 0.048624 0.046602
0 0.888166 0.630194 0.048624 0.046602
0 0.880826 0.573884 0.048624 0.046602
0 0.845046 0.751554 0.048624 0.046602
0 0.839542 0.698156 0.048624 0.046602
0 0.834954 0.640874 0.048624 0.046602
0 0.82945 0.579708 0.048624 0.046602
0 0.78633 0.705922 0.048624 0.046602
0 0.776238 0.64767 0.048624 0.046602
0 0.773486 0.590388 0.048624 0.046602
0 0.924862 0.507864 0.048624 0.046602
0 0.872568 0.520486 0.048624 0.046602
0 0.817522 0.524368 0.048624 0.046602
0 0.76523 0.533106 0.048624 0.046602
0 0.969816 0.444758 0.048624 0.046602
0 0.917522 0.450582 0.048624 0.046602
0 0.86523 0.457378 0.048624 0.046602
0 0.810184 0.467088 0.048624 0.046602
0 0.755138 0.879708 0.048624 0.046602
0 0.731284 0.71466 0.048624 0.046602
0 0.726698 0.655436 0.048624 0.046602
0 0.719358 0.601068 0.048624 0.046602
0 0.688166 0.776796 0.048624 0.046602
0 0.67899 0.720486 0.048624 0.046602
0 0.674404 0.665146 0.048624 0.046602
0 0.637706 0.842816 0.048624 0.046602
0 0.635872 0.790388 0.048624 0.046602
0 0.62578 0.730194 0.048624 0.046602
0 0.57899 0.797184 0.048624 0.046602
0 0.587248 0.854466 0.048624 0.046602
0 0.69734 0.83602 0.048624 0.046602
0 0.699174 0.8933 0.048624 0.046602
0 0.65055 0.902038 0.048624 0.046602
0 0.59367 0.910776 0.048624 0.046602
0 0.541376 0.921456 0.048624 0.046602
0 0.530366 0.863204 0.048624 0.046602
0 0.483578 0.92534 0.048624 0.046602
0 0.438624 0.934078 0.048624 0.046602
0 0.426698 0.878738 0.048624 0.046602
0 0.481744 0.868058 0.048624 0.046602
0 0.523028 0.80398 0.048624 0.046602
0 0.571652 0.73699 0.048624 0.046602
0 0.617522 0.67097 0.048624 0.046602
0 0.666146 0.60398 0.048624 0.046602
0 0.709266 0.538932 0.048624 0.046602
0 0.75789 0.473884 0.048624 0.046602
0 0.512936 0.745728 0.048624 0.046602
0 0.564312 0.676796 0.048624 0.046602
0 0.608348 0.611748 0.048624 0.046602
0 0.656056 0.54864 0.048624 0.046602
0 0.701926 0.48068 0.048624 0.046602
0 0.967064 0.389418 0.048624 0.046602
0 0.913854 0.397184 0.048624 0.046602
0 0.860642 0.401068 0.048624 0.046602
0 0.80101 0.408834 0.048624 0.046602
0 0.955138 0.331166 0.048624 0.046602
0 0.907432 0.337962 0.048624 0.046602
0 0.85422 0.341844 0.048624 0.046602
0 0.799174 0.349612 0.048624 0.046602
