0 0.380088 0.408714 0.029978 0.017404
0 0.414549 0.408583 0.026989 0.018218
0 0.445527 0.408445 0.024989 0.018493
0 0.478000 0.407901 0.025978 0.019031
0 0.286912 0.426932 0.030484 0.017955
0 0.320132 0.427344 0.025978 0.017129
0 0.350110 0.426394 0.029978 0.017404
0 0.383330 0.426525 0.028462 0.014414
0 0.415297 0.425981 0.027473 0.013876
0 0.445527 0.425843 0.024989 0.012500
0 0.478000 0.425849 0.029978 0.011962
0 0.478989 0.442428 0.025978 0.013589
0 0.480000 0.458475 0.025978 0.011423
0 0.446022 0.442428 0.026989 0.013589
0 0.413055 0.441752 0.025978 0.014414
0 0.416044 0.458337 0.022989 0.013876
0 0.448022 0.458882 0.025978 0.013313
0 0.382088 0.442291 0.025978 0.012237
0 0.382571 0.459833 0.028967 0.014689
0 0.350604 0.443379 0.026967 0.011687
0 0.350110 0.459426 0.025978 0.014952
0 0.320132 0.444061 0.025978 0.012500
0 0.321132 0.459970 0.027978 0.014414
0 0.288154 0.444330 0.026989 0.011962
0 0.254692 0.443523 0.027978 0.014151
0 0.225209 0.460646 0.028967 0.014139
0 0.257681 0.461190 0.028989 0.013050
0 0.288154 0.460102 0.024967 0.014677
0 0.194989 0.477368 0.026462 0.014952
0 0.227462 0.477775 0.027495 0.014139
0 0.256681 0.476687 0.022989 0.014139
0 0.290407 0.476011 0.023495 0.013313
0 0.321385 0.476687 0.024484 0.011962
0 0.354352 0.475598 0.025495 0.011962
0 0.383681 0.475574 0.023978 0.011962
0 0.414407 0.474755 0.025473 0.013050
0 0.447615 0.474623 0.027978 0.013864
0 0.480341 0.474348 0.024462 0.014414
0 0.481319 0.491752 0.028527 0.014414
0 0.447615 0.490939 0.026967 0.012787
0 0.417648 0.492159 0.026989 0.013050
0 0.383681 0.492434 0.026967 0.013050
0 0.353198 0.492841 0.027978 0.013864
0 0.319978 0.492159 0.026462 0.013050
0 0.288264 0.493523 0.029978 0.014677
0 0.256286 0.493792 0.025978 0.011962
0 0.227560 0.493654 0.025495 0.011687
0 0.198341 0.494474 0.027978 0.012775
0 0.164121 0.493248 0.025473 0.013050
0 0.524462 0.407087 0.027473 0.014414
0 0.556429 0.407225 0.024462 0.016316
0 0.587648 0.406812 0.029978 0.016041
0 0.617879 0.406406 0.025473 0.014677
0 0.523714 0.424486 0.029978 0.013876
0 0.556681 0.424557 0.025407 0.012679
0 0.586857 0.424330 0.027473 0.013134
0 0.619330 0.423882 0.025824 0.013146
0 0.650341 0.423313 0.025385 0.013828
0 0.682407 0.422745 0.026220 0.014510
0 0.713626 0.422769 0.026242 0.014916
0 0.746308 0.438840 0.027473 0.014043
0 0.524835 0.440873 0.026637 0.013589
0 0.558132 0.440760 0.024132 0.013816
0 0.587231 0.440532 0.023736 0.013146
0 0.619703 0.440305 0.025385 0.014510
0 0.649890 0.440532 0.024967 0.014055
0 0.681527 0.439737 0.027495 0.013373
0 0.713791 0.439737 0.028725 0.013373
0 0.525824 0.457865 0.026637 0.012452
0 0.556846 0.457638 0.024549 0.012907
0 0.587857 0.457530 0.025824 0.012691
0 0.618659 0.456728 0.026637 0.014725
0 0.650516 0.456621 0.024549 0.012691
0 0.683187 0.456394 0.025802 0.014055
0 0.745220 0.455939 0.024989 0.014964
0 0.776648 0.455036 0.026220 0.014952
0 0.526451 0.474408 0.028725 0.015634
0 0.557879 0.474522 0.024989 0.014952
0 0.587857 0.474181 0.027495 0.015179
0 0.619286 0.473840 0.026220 0.013589
0 0.651132 0.473158 0.024989 0.014952
0 0.681736 0.472709 0.025407 0.013600
0 0.713374 0.472482 0.026220 0.014055
0 0.744187 0.472482 0.027055 0.013600
0 0.777066 0.471687 0.027055 0.013828
0 0.808923 0.470897 0.026637 0.015861
0 0.525209 0.490945 0.025407 0.013828
0 0.555385 0.490831 0.027473 0.014055
0 0.587440 0.491286 0.026659 0.014510
0 0.620121 0.491286 0.026220 0.014964
0 0.652077 0.490377 0.025429 0.015419
0 0.683308 0.490377 0.027187 0.016687
0 0.713659 0.490455 0.026615 0.015885
0 0.745033 0.489432 0.027473 0.015419
0 0.776253 0.488331 0.027451 0.015419
0 0.809209 0.489121 0.026901 0.017309
0 0.839846 0.489474 0.026593 0.017943
0 0.166242 0.518433 0.035253 0.015742
0 0.135165 0.535269 0.033846 0.016998
0 0.136462 0.552572 0.032967 0.012584
0 0.138923 0.568702 0.032088 0.014318
0 0.138923 0.584593 0.032659 0.014641
0 0.168560 0.535263 0.024286 0.014474
0 0.169418 0.551866 0.024857 0.013684
0 0.171440 0.568469 0.024286 0.014163
0 0.172747 0.584749 0.024000 0.014952
0 0.199780 0.534797 0.025451 0.016675
0 0.200648 0.551334 0.025385 0.012691
0 0.202110 0.567189 0.025802 0.013589
0 0.205022 0.583846 0.026659 0.014270
0 0.229516 0.518014 0.026593 0.015789
0 0.262725 0.517309 0.028044 0.018254
0 0.292934 0.516920 0.024857 0.018409
0 0.324297 0.517793 0.025736 0.015730
0 0.354077 0.516657 0.026308 0.017045
0 0.385736 0.516130 0.025451 0.016208
0 0.418220 0.516304 0.025099 0.015861
0 0.449626 0.514402 0.027165 0.017775
0 0.450341 0.532494 0.026308 0.014318
0 0.419407 0.533206 0.028044 0.013206
0 0.386890 0.533289 0.025429 0.013373
0 0.355088 0.533756 0.027758 0.012751
0 0.323857 0.534151 0.027758 0.013541
0 0.294374 0.534384 0.025451 0.012739
0 0.264154 0.534545 0.028044 0.013373
0 0.231209 0.535173 0.028615 0.013696
0 0.232209 0.550909 0.024286 0.015574
0 0.263736 0.550592 0.026593 0.014629
0 0.295967 0.550203 0.026879 0.014474
0 0.326473 0.550676 0.024286 0.015419
0 0.356813 0.550359 0.026593 0.016364
0 0.388912 0.549647 0.024857 0.014007
0 0.419549 0.549569 0.024286 0.014474
0 0.451209 0.548864 0.025143 0.013684
0 0.452088 0.564994 0.024571 0.015419
0 0.421000 0.565461 0.026000 0.013840
0 0.387901 0.566322 0.028637 0.014318
0 0.355659 0.566639 0.028901 0.013684
0 0.325308 0.567039 0.027758 0.013218
0 0.294670 0.566639 0.031231 0.013684
0 0.263736 0.566561 0.026593 0.013840
0 0.232505 0.567033 0.028352 0.014785
0 0.235396 0.583714 0.025429 0.014151
0 0.266330 0.582925 0.030066 0.014797
0 0.297549 0.583164 0.027758 0.016519
0 0.328495 0.582769 0.028330 0.015419
0 0.360000 0.583008 0.027736 0.016519
0 0.391088 0.582063 0.026308 0.015897
0 0.421582 0.581435 0.026022 0.015574
0 0.453099 0.581585 0.026022 0.014318
0 0.482110 0.514797 0.023385 0.015335
0 0.482703 0.531932 0.028176 0.017620
0 0.481813 0.549384 0.027582 0.014677
0 0.482714 0.565532 0.025780 0.013050
0 0.484516 0.581358 0.025780 0.014031
0 0.528264 0.513654 0.028176 0.015012
0 0.526176 0.530789 0.031165 0.015335
0 0.528264 0.548242 0.028176 0.013708
0 0.527681 0.563577 0.025780 0.014354
0 0.527967 0.579886 0.028769 0.015658
0 0.559154 0.514306 0.023978 0.016962
0 0.559747 0.530622 0.025165 0.013708
0 0.559747 0.546938 0.022791 0.015000
0 0.560341 0.563738 0.023978 0.014031
0 0.560341 0.579240 0.023978 0.012404
0 0.590022 0.513983 0.024571 0.017608
0 0.590615 0.530461 0.028176 0.013385
0 0.591813 0.546447 0.025780 0.015335
0 0.591516 0.562763 0.022769 0.012727
0 0.590626 0.579073 0.025780 0.016639
0 0.621187 0.513002 0.024571 0.013708
0 0.621791 0.529318 0.024593 0.015000
0 0.621484 0.546124 0.023978 0.015335
0 0.623286 0.563415 0.027582 0.015993
0 0.622989 0.579886 0.029363 0.013050
0 0.651769 0.513331 0.025780 0.015658
0 0.652363 0.530132 0.026967 0.015981
0 0.652967 0.546609 0.028176 0.015012
0 0.652967 0.562434 0.028176 0.013385
0 0.654165 0.578589 0.025780 0.014354
0 0.684440 0.511866 0.027560 0.017943
0 0.682637 0.529318 0.026374 0.013708
0 0.684736 0.546124 0.025780 0.015335
0 0.684736 0.562763 0.025780 0.015335
0 0.684736 0.579234 0.025780 0.014354
0 0.715615 0.512189 0.028769 0.017297
0 0.714714 0.529641 0.025780 0.014354
0 0.715308 0.546124 0.025780 0.015335
0 0.716802 0.562925 0.027582 0.013696
0 0.715011 0.578421 0.025187 0.013373
0 0.746484 0.510556 0.026989 0.017955
0 0.747088 0.528014 0.029385 0.015000
0 0.747385 0.544492 0.026374 0.015993
0 0.746780 0.561621 0.027582 0.013696
0 0.746780 0.577117 0.023978 0.013373
0 0.779154 0.510556 0.027582 0.015993
0 0.778549 0.527847 0.026374 0.015335
0 0.777912 0.544468 0.027473 0.014725
0 0.777484 0.561340 0.025824 0.014952
0 0.776451 0.577093 0.027055 0.013373
0 0.808505 0.528606 0.023736 0.016543
0 0.809341 0.544916 0.024571 0.012919
0 0.809121 0.560891 0.025802 0.013600
0 0.807462 0.575957 0.025824 0.013373
0 0.840978 0.510586 0.028725 0.016316
0 0.838264 0.527811 0.027473 0.015407
0 0.840143 0.544348 0.026220 0.013600
0 0.839934 0.560443 0.026637 0.014952
0 0.839516 0.577428 0.028308 0.015861
0 0.870747 0.527697 0.027473 0.017452
0 0.870747 0.544013 0.026637 0.013361
0 0.871363 0.560215 0.030374 0.015407
0 0.872396 0.577207 0.028308 0.013600
0 0.144055 0.608152 0.028769 0.015586
0 0.142198 0.624677 0.029143 0.014282
0 0.144538 0.639970 0.032813 0.012691
0 0.145527 0.656394 0.034967 0.016089
0 0.175505 0.606208 0.026659 0.016316
0 0.176956 0.622978 0.028725 0.014952
0 0.178209 0.639175 0.027055 0.013373
0 0.180088 0.655036 0.025802 0.013828
0 0.206725 0.605640 0.028308 0.016998
0 0.207769 0.623762 0.024549 0.015634
0 0.208396 0.638947 0.025802 0.013373
0 0.209846 0.654581 0.024571 0.015191
0 0.180297 0.671573 0.029560 0.014270
0 0.237308 0.605813 0.027758 0.017560
0 0.238681 0.623941 0.028440 0.016423
0 0.238176 0.639049 0.028791 0.013409
0 0.240593 0.655006 0.028088 0.013600
0 0.240077 0.671244 0.027758 0.014354
0 0.267308 0.606011 0.026703 0.016806
0 0.269912 0.622907 0.023604 0.013971
0 0.270604 0.638104 0.026352 0.014533
0 0.271407 0.654533 0.025670 0.015096
0 0.272099 0.670676 0.027055 0.014151
0 0.298802 0.605724 0.023582 0.016041
0 0.298813 0.622811 0.024967 0.014737
0 0.300538 0.638577 0.024989 0.013038
0 0.302099 0.654061 0.026703 0.013792
0 0.302967 0.669922 0.024967 0.015299
0 0.330209 0.605251 0.026703 0.016244
0 0.331593 0.623283 0.027407 0.015299
0 0.331242 0.638481 0.024989 0.012656
0 0.334198 0.654246 0.026725 0.015861
0 0.334022 0.671053 0.027736 0.013971
0 0.361604 0.605341 0.025319 0.016615
0 0.361604 0.622440 0.025319 0.014928
0 0.361780 0.638858 0.026374 0.014916
0 0.363857 0.654342 0.024989 0.012656
0 0.364066 0.669539 0.025275 0.015108
0 0.392308 0.606358 0.023604 0.015347
0 0.392132 0.622057 0.026022 0.013397
0 0.394033 0.637632 0.027758 0.013589
0 0.394220 0.653965 0.025319 0.014151
0 0.395077 0.670012 0.026374 0.013780
0 0.423352 0.605819 0.027407 0.016423
0 0.424396 0.621585 0.026022 0.011711
0 0.424571 0.636693 0.026374 0.015108
0 0.423780 0.653367 0.025187 0.014366
0 0.425253 0.669055 0.027956 0.014809
0 0.453198 0.606053 0.024593 0.013110
0 0.454275 0.621256 0.025780 0.014163
0 0.453923 0.636866 0.023626 0.012847
0 0.455484 0.652661 0.026264 0.014557
0 0.456571 0.669121 0.027473 0.014940
0 0.485363 0.605921 0.028176 0.012057
0 0.484637 0.620144 0.026242 0.014545
0 0.485604 0.636340 0.028176 0.014163
0 0.486077 0.652596 0.026747 0.015215
0 0.487165 0.668917 0.027956 0.014294
0 0.530912 0.604187 0.029560 0.013158
0 0.561923 0.602949 0.024154 0.015179
0 0.593143 0.602380 0.025802 0.015407
0 0.623538 0.601926 0.024132 0.015861
0 0.653923 0.601244 0.025824 0.017225
0 0.685571 0.601926 0.024989 0.014952
0 0.716582 0.601130 0.024549 0.015634
0 0.747176 0.600335 0.024989 0.016770
0 0.777571 0.600114 0.024989 0.016758
0 0.809813 0.599880 0.027099 0.015861
0 0.840429 0.598642 0.024154 0.016998
0 0.869165 0.598529 0.026637 0.015407
0 0.872044 0.615634 0.030022 0.013373
0 0.530495 0.620616 0.029560 0.014725
0 0.561923 0.619934 0.023319 0.014725
0 0.592099 0.619713 0.026220 0.014282
0 0.622912 0.619031 0.026220 0.014282
0 0.653714 0.618804 0.023736 0.013373
0 0.684527 0.617901 0.025407 0.015634
0 0.713868 0.618128 0.027473 0.015634
0 0.747396 0.617787 0.027890 0.013589
0 0.777154 0.616992 0.025824 0.014725
0 0.807747 0.617105 0.025385 0.014115
0 0.839604 0.616537 0.026637 0.015179
0 0.531538 0.636932 0.028308 0.012907
0 0.563176 0.636029 0.024989 0.012919
0 0.593143 0.635120 0.024967 0.012464
0 0.623538 0.635006 0.025802 0.013600
0 0.654758 0.634892 0.027495 0.013828
0 0.685769 0.633983 0.026220 0.012919
0 0.715385 0.634097 0.025495 0.012691
0 0.746978 0.633870 0.027055 0.012691
0 0.777154 0.632967 0.027495 0.014043
0 0.809791 0.632990 0.025824 0.012464
0 0.840429 0.631854 0.023319 0.013828
0 0.869780 0.630951 0.024571 0.014270
0 0.871022 0.647488 0.027890 0.016986
0 0.841264 0.647602 0.024989 0.014510
0 0.838143 0.663008 0.026220 0.013146
0 0.809835 0.648056 0.027890 0.014964
0 0.748220 0.687919 0.026549 0.013158
0 0.778022 0.647967 0.026637 0.013589
0 0.778648 0.663487 0.027055 0.014270
0 0.747011 0.648756 0.027077 0.013373
0 0.748473 0.663941 0.026659 0.015634
0 0.716626 0.648876 0.027890 0.014498
0 0.716000 0.664737 0.027473 0.014952
0 0.685396 0.649097 0.027055 0.012691
0 0.686231 0.664510 0.027055 0.014498
0 0.655418 0.650120 0.028725 0.014282
0 0.656462 0.665413 0.025802 0.012691
0 0.624824 0.650347 0.024989 0.012919
0 0.625868 0.665413 0.024571 0.014964
0 0.592978 0.650120 0.026220 0.013373
0 0.594440 0.666316 0.026637 0.015407
0 0.561956 0.650801 0.027473 0.012919
0 0.564670 0.666316 0.025385 0.014952
0 0.531571 0.651543 0.025341 0.014163
0 0.533110 0.667279 0.026879 0.013840
0 0.179967 0.693636 0.031802 0.019665
0 0.213374 0.692458 0.025736 0.017620
0 0.243429 0.692219 0.025143 0.016830
0 0.273934 0.693086 0.026593 0.015096
0 0.303857 0.691830 0.024593 0.016364
0 0.335363 0.692380 0.025143 0.015574
0 0.366308 0.691986 0.024000 0.015742
0 0.398110 0.691118 0.024571 0.016208
0 0.427736 0.690885 0.025451 0.016053
0 0.458242 0.690568 0.024571 0.015730
0 0.488593 0.690724 0.026901 0.015419
0 0.489604 0.706770 0.030066 0.014474
0 0.457516 0.707010 0.026022 0.013995
0 0.428604 0.707638 0.026000 0.014629
0 0.398011 0.707877 0.027670 0.014486
0 0.367462 0.708116 0.027451 0.014318
0 0.335802 0.708822 0.025451 0.013218
0 0.306022 0.709139 0.026593 0.014474
0 0.275813 0.709533 0.025736 0.013373
0 0.244495 0.708804 0.025473 0.012775
0 0.213725 0.709551 0.027890 0.014270
0 0.245571 0.724731 0.032462 0.015634
0 0.277626 0.724390 0.024132 0.014043
0 0.306560 0.725299 0.025385 0.013589
0 0.337835 0.724205 0.028110 0.014725
0 0.369231 0.724390 0.025670 0.013971
0 0.398901 0.723260 0.023253 0.012835
0 0.428549 0.723642 0.025670 0.012835
0 0.460473 0.723074 0.026352 0.013971
0 0.489253 0.723260 0.022857 0.014342
0 0.276780 0.740538 0.029473 0.014545
0 0.309396 0.740257 0.024637 0.012835
0 0.340275 0.739779 0.027407 0.014916
0 0.369407 0.739121 0.023253 0.013218
0 0.398714 0.738744 0.024286 0.015861
0 0.428901 0.738367 0.023604 0.013600
0 0.460132 0.738654 0.024967 0.013409
0 0.490132 0.738463 0.022549 0.011902
0 0.310088 0.755742 0.026022 0.013971
0 0.339385 0.755831 0.022857 0.015299
0 0.371659 0.755646 0.023582 0.015670
0 0.400121 0.754886 0.024286 0.013792
0 0.430121 0.754043 0.023934 0.013971
0 0.460132 0.753379 0.022901 0.013409
0 0.597692 0.736124 0.027033 0.014833
0 0.490736 0.753319 0.027451 0.012907
0 0.491890 0.768894 0.025143 0.013840
0 0.460516 0.768971 0.023714 0.013062
0 0.430747 0.769839 0.025451 0.013840
0 0.399231 0.770628 0.025451 0.013218
0 0.533692 0.689611 0.028484 0.014677
0 0.565176 0.689199 0.026484 0.017129
0 0.595396 0.688660 0.024989 0.016579
0 0.626121 0.688660 0.022484 0.016579
0 0.656714 0.688935 0.027890 0.015861
0 0.687736 0.688708 0.027473 0.015861
0 0.717703 0.687572 0.022484 0.015861
0 0.778066 0.686663 0.024967 0.015407
0 0.809703 0.686322 0.024989 0.016543
0 0.839473 0.685305 0.024571 0.016304
0 0.533736 0.705831 0.025670 0.014533
0 0.563582 0.706023 0.023604 0.012644
0 0.594978 0.705927 0.024637 0.012835
0 0.625154 0.704982 0.024637 0.013600
0 0.655857 0.704510 0.024286 0.012273
0 0.687429 0.704228 0.023604 0.012452
0 0.717791 0.703660 0.023934 0.013589
0 0.747967 0.703092 0.024637 0.013218
0 0.778330 0.702817 0.024967 0.013026
0 0.809209 0.703002 0.025670 0.013397
0 0.536000 0.721878 0.025319 0.014163
0 0.565835 0.721316 0.026000 0.013780
0 0.596363 0.720849 0.025341 0.012464
0 0.627066 0.720281 0.023582 0.012835
0 0.657242 0.719809 0.024286 0.012273
0 0.688121 0.719145 0.023582 0.013600
0 0.717780 0.719617 0.022549 0.013876
0 0.747451 0.718953 0.025670 0.012835
0 0.779571 0.718780 0.025429 0.014163
0 0.536297 0.737584 0.025165 0.012440
0 0.566066 0.737189 0.024000 0.013852
0 0.628374 0.736089 0.024879 0.013541
0 0.658011 0.735377 0.025736 0.014318
0 0.688363 0.734833 0.025165 0.014474
0 0.718582 0.735066 0.024286 0.012739
0 0.748934 0.734593 0.027187 0.014952
0 0.537022 0.752135 0.027758 0.013529
0 0.567088 0.751980 0.025429 0.012596
0 0.597297 0.751585 0.022857 0.012428
0 0.628374 0.751274 0.027736 0.012739
0 0.658143 0.751118 0.024286 0.012428
0 0.689077 0.750724 0.026022 0.013218
0 0.719154 0.750173 0.024286 0.014629
0 0.537055 0.767811 0.027033 0.014354
0 0.568154 0.767751 0.024615 0.014474
0 0.597934 0.767751 0.024396 0.015191
0 0.627275 0.767333 0.025055 0.014833
