0 0.315898 0.3431580000000001 0.110626 0.14395
0 0.846534 0.48224 0.103808 0.15758
0 0.727706 0.483212 0.103808 0.155632
0 0.613682 0.48126599999999997 0.102364 0.140056
0 0.49414 0.484186 0.109258 0.153686
0 0.374628 0.4870939999999999 0.10789 0.15171
0 0.247608 0.490988 0.110644 0.155606
0 0.309756 0.6407639999999999 0.109278 0.14395
0 0.431308 0.6407639999999999 0.106524 0.159528
0 0.550146 0.633964 0.106542 0.161446
0 0.664874 0.623254 0.103808 0.1595
0 0.785068 0.6232679999999999 0.101074 0.155632
0 0.845654 0.19457600000000008 0.104238 0.137246
0 0.735206 0.19726 0.096972 0.132268
0 0.61707 0.19726 0.111992 0.14395
0 0.50165 0.19726 0.105176 0.140056
0 0.382832 0.19920800000000005 0.11336 0.147844
0 0.25581 0.19920800000000005 0.102442 0.155632
0 0.90663 0.3324480000000001 0.101074 0.134214
0 0.787802 0.3334220000000001 0.101074 0.14395
0 0.67375 0.33829 0.102422 0.134214
0 0.559698 0.33829 0.103808 0.149792
0 0.442236 0.33731599999999995 0.106542 0.147844
0 0.840654 0.7735320000000001 0.102442 0.15402
0 0.901504 0.9236439999999999 0.112774 0.152712
0 0.727402 0.7767740000000001 0.108126 0.153992
0 0.783174 0.926078 0.10584 0.147844
0 0.611308 0.7808200000000001 0.10129 0.15886
0 0.66538 0.926884 0.111542 0.14623
0 0.489522 0.784076 0.101308 0.15886
0 0.360908 0.799472 0.119512 0.186426
0 0.899794 0.625216 0.101074 0.147844
