0 0.409212 0.345072 0.059842 0.045569
0 0.044171 0.473800 0.068958 0.049363
0 0.061887 0.375450 0.069975 0.048600
0 0.078596 0.280138 0.068958 0.050888
0 0.096825 0.188244 0.075033 0.047850
0 0.108975 0.098247 0.062883 0.045569
0 0.225425 0.057619 0.062883 0.047850
0 0.210238 0.146856 0.064908 0.044050
0 0.196063 0.236469 0.064908 0.050125
0 0.183400 0.331400 0.065917 0.050125
0 0.170237 0.431269 0.063892 0.046325
0 0.279092 0.490506 0.066933 0.049362
0 0.293271 0.387981 0.060858 0.050888
0 0.305417 0.291909 0.062883 0.048606
0 0.313500 0.195072 0.069000 0.050894
0 0.441108 0.063694 0.062883 0.047850
0 0.431487 0.154069 0.061875 0.049362
0 0.419842 0.248622 0.062883 0.048606
0 0.398579 0.444178 0.064908 0.050881
0 0.544900 0.500378 0.067950 0.050881
0 0.559079 0.397475 0.063892 0.050125
0 0.567179 0.300262 0.067942 0.051650
0 0.328079 0.105844 0.065675 0.047088
0 0.576796 0.206472 0.064908 0.050881
0 0.582871 0.110778 0.068958 0.050881
0 0.594517 0.022544 0.065917 0.045088
0 0.703879 0.066731 0.067942 0.049362
0 0.697300 0.160903 0.066933 0.049369
0 0.686163 0.258113 0.068958 0.052400
0 0.679071 0.357222 0.068958 0.051644
0 0.670967 0.455194 0.066933 0.050125
0 0.663883 0.557719 0.066933 0.051638
0 0.783858 0.618466 0.074050 0.053181
0 0.788937 0.511012 0.071992 0.055438
0 0.797546 0.410003 0.073008 0.050881
0 0.802608 0.310897 0.066933 0.051644
0 0.809192 0.214066 0.069967 0.052406
0 0.815771 0.116856 0.068958 0.049363
0 0.822354 0.024063 0.067942 0.048125
0 0.936275 0.074706 0.066933 0.050125
0 0.930213 0.168497 0.068925 0.050881
0 0.925642 0.263809 0.076050 0.051644
0 0.923617 0.364816 0.074017 0.054681
0 0.918554 0.466584 0.074025 0.054681
0 0.911967 0.572147 0.079083 0.057719
