0 0.700954 0.4761200000000001 0.0228 0.031026
0 0.877992 0.033838000000000035 0.024938 0.037552
0 0.758716 0.02467599999999992 0.022908 0.03023
0 0.6029 0.01916399999999996 0.025708 0.03498
0 0.798192 0.01685200000000009 0.024262 0.032992
0 0.780962 0.03533399999999998 0.02377 0.03431
0 0.820508 0.027740000000000098 0.024246 0.036276
0 0.800376 0.047865999999999964 0.02183 0.03431
0 0.839916 0.04028199999999993 0.025216 0.034958
0 0.820838 0.0614539999999999 0.022416 0.03182
0 0.919692 0.02856600000000009 0.02243 0.03182
0 0.899992 0.048859999999999904 0.023984 0.032616
0 0.8612 0.05574199999999996 0.02243 0.029436
0 0.84287 0.07391199999999998 0.023984 0.035524
0 0.882054 0.06714400000000009 0.022816 0.033158
0 0.863246 0.08835799999999994 0.023016 0.032072
0 0.95703 0.0215479999999999 0.023016 0.031548
0 0.940362 0.04102600000000001 0.023584 0.033934
0 0.92213 0.06170600000000004 0.023 0.035
0 0.903508 0.08000999999999991 0.020462 0.03182
0 0.885184 0.1000319999999999 0.0232 0.034206
0 0.979454 0.03413200000000005 0.02497 0.03341
0 0.96093 0.05520999999999998 0.025338 0.036318
0 0.942316 0.07377600000000006 0.021646 0.033158
0 0.982384 0.0676779999999999 0.023784 0.033138
0 0.965124 0.08835799999999994 0.0232 0.034206
0 0.923984 0.09459200000000001 0.021262 0.03182
0 0.945924 0.10757400000000006 0.021446 0.032344
0 0.905462 0.11420600000000003 0.021262 0.032344
0 0.96747 0.12030399999999997 0.022816 0.03341
0 0.986376 0.10068999999999995 0.023984 0.031298
0 0.928662 0.12812800000000002 0.02243 0.033662
0 0.970392 0.15385000000000004 0.022816 0.033682
0 0.949038 0.1405860000000001 0.023 0.033138
0 0.953192 0.17563799999999996 0.019492 0.025962
0 0.930962 0.1619759999999999 0.018724 0.027344
0 0.97513 0.18834799999999996 0.021646 0.029164
0 0.908246 0.146976 0.020862 0.03182
0 0.887576 0.1329499999999999 0.026324 0.03502
0 0.890216 0.16688199999999997 0.023784 0.032384
0 0.911854 0.1797280000000001 0.021462 0.033138
0 0.955046 0.207438 0.0236 0.032866
0 0.9334 0.19430999999999998 0.0228 0.032594
0 0.976784 0.22017799999999998 0.021046 0.032364
0 0.622984 0.03204000000000007 0.021262 0.030482
0 0.585446 0.03774000000000011 0.020276 0.029164
0 0.60563 0.05100400000000005 0.020462 0.030754
0 0.6611 0.02581600000000006 0.021062 0.030754
0 0.643562 0.044110000000000094 0.0234 0.03023
0 0.627176 0.06452999999999998 0.021062 0.03023
0 0.699908 0.018650000000000055 0.020676 0.031276
0 0.681476 0.03694599999999992 0.020862 0.030754
0 0.662954 0.05790800000000007 0.020862 0.032384
0 0.720084 0.030712000000000073 0.020076 0.031548
0 0.740362 0.04304400000000008 0.022816 0.03182
0 0.701562 0.04927799999999993 0.020076 0.028892
0 0.760746 0.05537600000000009 0.019892 0.031548
0 0.722816 0.06319000000000008 0.02203 0.03023
0 0.743576 0.07526199999999994 0.0234 0.033158
0 0.68323 0.07008400000000004 0.02203 0.032344
0 0.781116 0.06889199999999995 0.022416 0.032092
0 0.704 0.08055400000000001 0.022216 0.031026
0 0.725938 0.095418 0.0236 0.037406
0 0.658276 0.051787999999999945 0.02163 0.035
0 0.5874 0.06942399999999993 0.023016 0.030482
0 0.666754 0.08958200000000005 0.022616 0.032092
0 0.60973 0.08374400000000004 0.022816 0.033138
0 0.764346 0.08733199999999997 0.021246 0.031318
0 0.802176 0.08255199999999996 0.021646 0.0318
0 0.7855 0.10151599999999994 0.020662 0.034206
0 0.82323 0.09368200000000004 0.02203 0.030754
0 0.981092 0.255784 0.02363 0.034038
0 0.958162 0.24034599999999995 0.024108 0.035
0 0.936408 0.2268300000000001 0.02223 0.03659
0 0.91417 0.21346200000000004 0.021292 0.03341
0 0.865738 0.12087800000000004 0.022708 0.034058
0 0.84503 0.10735399999999995 0.022924 0.035628
0 0.80607 0.1145179999999999 0.022692 0.034058
0 0.767346 0.11881800000000009 0.019184 0.035628
0 0.746416 0.1100620000000001 0.021292 0.032762
0 0.787124 0.134884 0.022216 0.030858
0 0.82843 0.12771 0.022924 0.032532
0 0.809224 0.14833600000000002 0.02223 0.03069
0 0.830616 0.16093000000000002 0.019876 0.033912
0 0.84713 0.14077399999999995 0.021216 0.030252
0 0.850162 0.1723840000000001 0.023924 0.034812
0 0.86853 0.15337800000000001 0.023584 0.03069
0 0.871554 0.1861299999999999 0.0256 0.036652
0 0.686076 0.10183000000000009 0.02123 0.035754
0 0.72887 0.12633800000000006 0.02257 0.035272
0 0.707308 0.11237399999999997 0.020554 0.033912
0 0.892946 0.1998740000000001 0.023924 0.035732
0 0.748576 0.14055400000000007 0.023584 0.03161
0 0.668392 0.12084800000000007 0.023584 0.035292
0 0.812592 0.178798 0.02223 0.032992
0 0.789516 0.16688199999999997 0.0246 0.036652
0 0.689776 0.1352819999999999 0.023246 0.032072
0 0.983424 0.2869360000000001 0.023584 0.032992
0 0.960676 0.27227 0.024584 0.03115
0 0.832808 0.19277199999999994 0.023584 0.03161
0 0.627792 0.09518800000000005 0.0246 0.035272
0 0.646654 0.07594199999999995 0.021216 0.034352
0 0.648846 0.10939399999999999 0.02157 0.034352
0 0.711016 0.14947599999999994 0.019876 0.030252
0 0.730884 0.16023999999999994 0.023924 0.033452
0 0.569162 0.05898599999999998 0.021892 0.033452
0 0.551808 0.07869199999999998 0.02223 0.034372
0 0.53463 0.09564799999999996 0.020892 0.02795
0 0.57 0.08831600000000006 0.020892 0.02705
0 0.591392 0.10275199999999995 0.023924 0.032072
0 0.55417 0.10962399999999994 0.022246 0.02933
0 0.574884 0.1210659999999999 0.02257 0.035732
0 0.611608 0.11488399999999999 0.023246 0.032532
0 0.5946 0.134822 0.022924 0.033912
0 0.614646 0.14833600000000002 0.02123 0.03161
0 0.517276 0.116946 0.021908 0.02657
0 0.632508 0.12817999999999996 0.02123 0.02979
0 0.538 0.12863000000000002 0.020216 0.02977
0 0.651538 0.1410039999999999 0.022246 0.02979
0 0.634692 0.16162199999999993 0.020892 0.032532
0 0.556862 0.14123400000000008 0.017508 0.025648
0 0.576576 0.15428799999999998 0.018538 0.026108
0 0.671416 0.15290800000000004 0.020892 0.02795
0 0.65407 0.1723840000000001 0.02257 0.02841
0 0.596784 0.165292 0.02123 0.02979
0 0.692308 0.16780400000000006 0.02157 0.02841
0 0.674454 0.18567 0.022908 0.02657
0 0.695846 0.1980440000000001 0.020554 0.033912
0 0.71337 0.179948 0.020554 0.02977
0 0.752454 0.17330599999999996 0.0246 0.02841
0 0.755824 0.2062980000000001 0.023924 0.033892
0 0.735438 0.19369199999999998 0.024938 0.032532
0 0.794662 0.198766 0.022646 0.030252
0 0.777076 0.21993799999999997 0.022246 0.035188
0 0.815892 0.21278200000000003 0.023846 0.03297
0 0.7983 0.23201800000000006 0.024262 0.037384
0 0.836308 0.22652800000000006 0.025876 0.030794
0 0.8541 0.20673600000000003 0.023462 0.035188
0 0.817908 0.24714400000000003 0.020616 0.029142
0 0.858138 0.23890199999999995 0.021016 0.028054
0 0.876538 0.21745799999999993 0.021416 0.029142
0 0.71603 0.21195600000000003 0.023046 0.033536
0 0.616962 0.17869200000000007 0.02223 0.031904
0 0.897162 0.23340000000000005 0.02223 0.033536
0 0.878154 0.25210200000000005 0.019816 0.033536
0 0.915762 0.246046 0.02143 0.029122
0 0.939808 0.25896399999999997 0.024262 0.032992
0 0.897962 0.26693600000000006 0.024662 0.032448
0 0.838938 0.25786599999999993 0.023846 0.037406
0 0.738062 0.22652800000000006 0.021016 0.029708
0 0.860162 0.26941400000000004 0.023462 0.035188
0 0.757462 0.24081599999999992 0.020216 0.030794
0 0.636976 0.1918820000000001 0.023462 0.035188
0 0.658208 0.2034419999999999 0.02143 0.03408
0 0.920408 0.278756 0.024262 0.03408
0 0.881392 0.282332 0.02143 0.03023
0 0.986516 0.31943600000000005 0.024662 0.035188
0 0.964276 0.3051459999999999 0.023046 0.0341
0 0.942438 0.293326 0.024662 0.031338
0 0.925062 0.310376 0.023046 0.034644
0 0.902416 0.2999259999999999 0.026276 0.032448
0 0.780108 0.25210200000000005 0.022646 0.029142
0 0.94507 0.32658999999999994 0.023462 0.035188
0 0.800324 0.2647379999999999 0.023446 0.033536
0 0.678624 0.21855599999999997 0.02183 0.032426
0 0.821146 0.2768299999999999 0.02223 0.032448
0 0.9665 0.3395079999999999 0.023462 0.032448
0 0.841762 0.29057599999999995 0.024662 0.032448
0 0.989338 0.35188200000000003 0.019816 0.0341
0 0.863192 0.30624399999999996 0.02143 0.03408
0 0.69823 0.2301040000000001 0.022246 0.032426
0 0.73947 0.25786599999999993 0.02143 0.03297
0 0.718246 0.2457640000000001 0.021016 0.032992
0 0.88563 0.319164 0.023446 0.031338
0 0.590654 0.31386000000000003 0.020784 0.030564
0 0.573246 0.33313799999999993 0.01797 0.027866
0 0.555554 0.3520399999999999 0.020216 0.031318
0 0.53857 0.3701779999999999 0.017692 0.031694
0 0.629538 0.3071759999999999 0.02163 0.031674
0 0.648492 0.32321200000000005 0.019662 0.027888
0 0.669416 0.33409 0.018246 0.029016
0 0.688224 0.34726999999999997 0.020508 0.02864
0 0.708862 0.3615900000000001 0.018524 0.031298
0 0.730476 0.3734200000000001 0.021908 0.031318
0 0.751676 0.38869200000000004 0.019384 0.026716
0 0.75477 0.42019800000000007 0.020492 0.02864
0 0.755892 0.4507319999999999 0.020492 0.027866
0 0.7608 0.48490600000000006 0.022462 0.031318
0 0.73427 0.40740599999999993 0.019924 0.02979
0 0.736516 0.43985399999999997 0.01937 0.030544
0 0.739462 0.4724999999999999 0.021908 0.031694
0 0.61073 0.327604 0.01937 0.02977
0 0.63137 0.3364339999999999 0.017416 0.030648
0 0.652708 0.3545180000000001 0.020216 0.027866
0 0.671938 0.36597199999999996 0.016554 0.029394
0 0.693 0.37876599999999994 0.022738 0.034352
0 0.71237 0.3940380000000001 0.020492 0.028242
0 0.71503 0.424582 0.020216 0.031298
0 0.592476 0.34630800000000006 0.017692 0.025962
0 0.613962 0.35911000000000004 0.016846 0.026338
0 0.633608 0.37227999999999994 0.016292 0.02979
0 0.970724 0.37362000000000006 0.02157 0.02749
0 0.973762 0.4066099999999999 0.024262 0.02933
0 0.950338 0.361256 0.021908 0.036652
0 0.927592 0.34637000000000007 0.023584 0.03069
0 0.953038 0.3953880000000001 0.025276 0.03161
0 0.930124 0.381192 0.02123 0.02979
0 0.933162 0.4137139999999999 0.023924 0.03069
0 0.904854 0.3323959999999999 0.02257 0.03023
0 0.908892 0.3637760000000001 0.0192 0.032532
0 0.911424 0.3997379999999999 0.020876 0.03023
0 0.916308 0.43457199999999996 0.026616 0.032992
0 0.887838 0.35324200000000006 0.022908 0.02887
0 0.889692 0.38760400000000006 0.024584 0.03161
0 0.865938 0.3376680000000001 0.022246 0.032532
0 0.760308 0.26894400000000007 0.0192 0.03161
0 0.781538 0.28589 0.02123 0.038012
0 0.80293 0.2964340000000001 0.020876 0.03161
0 0.824324 0.31108800000000003 0.020554 0.034352
0 0.84353 0.32438199999999995 0.021892 0.032532
0 0.86897 0.37087800000000004 0.020892 0.030252
0 0.894916 0.4189860000000001 0.020876 0.033912
0 0.870992 0.40341000000000005 0.02223 0.030252
0 0.847238 0.35621400000000003 0.023924 0.034812
0 0.875038 0.437322 0.02223 0.02749
0 0.89643 0.45197599999999993 0.024584 0.032992
0 0.661346 0.23754199999999992 0.023924 0.032532
0 0.644162 0.2572479999999999 0.023924 0.032532
0 0.5879 0.28243799999999997 0.023246 0.032532
0 0.570708 0.3005340000000001 0.02123 0.032072
0 0.553692 0.3202400000000001 0.020892 0.032992
0 0.536846 0.3399380000000001 0.020216 0.02841
0 0.519324 0.359194 0.020892 0.032992
0 0.851716 0.3903460000000001 0.02257 0.03115
0 0.8539 0.424466 0.023584 0.032532
0 0.827454 0.34245799999999993 0.021892 0.02977
0 0.681224 0.250146 0.02257 0.034812
0 0.7011 0.2629699999999999 0.02257 0.031172
0 0.66337 0.268462 0.019876 0.032072
0 0.720816 0.27671599999999996 0.018862 0.032092
0 0.742376 0.29023 0.022908 0.036192
0 0.762762 0.3014540000000001 0.023246 0.032992
0 0.783824 0.3165800000000001 0.023584 0.02931
0 0.804876 0.3289439999999999 0.017846 0.033912
0 0.829638 0.37660000000000005 0.023584 0.033912
0 0.831324 0.40843000000000007 0.020216 0.02795
0 0.857108 0.45425800000000005 0.020554 0.032532
0 0.836046 0.444634 0.022924 0.02977
0 0.839076 0.47602600000000006 0.022924 0.02841
0 0.809592 0.3614740000000001 0.021892 0.033912
0 0.789216 0.35002 0.020216 0.030252
0 0.767984 0.334446 0.0236 0.033912
0 0.746246 0.3213919999999999 0.019876 0.03069
0 0.7252 0.30718599999999996 0.020216 0.032532
0 0.70397 0.295042 0.020216 0.02933
0 0.683584 0.28290799999999994 0.0192 0.02887
0 0.62513 0.275806 0.022908 0.032072
0 0.644162 0.2884 0.018538 0.02885
0 0.665554 0.300994 0.019538 0.03023
0 0.686108 0.315658 0.02157 0.034832
0 0.70683 0.326894 0.0192 0.032532
0 0.727046 0.340398 0.019876 0.030252
0 0.747938 0.354382 0.020554 0.033452
0 0.7695 0.36857800000000007 0.018538 0.031632
0 0.79073 0.3802620000000001 0.017862 0.032072
0 0.810608 0.39469599999999994 0.018538 0.034372
0 0.81583 0.428148 0.02157 0.032532
0 0.817516 0.46136 0.022908 0.02933
0 0.792076 0.4139440000000001 0.020554 0.032532
0 0.795446 0.4466939999999999 0.021908 0.030252
0 0.798776 0.4790380000000001 0.02183 0.028954
0 0.771354 0.40157 0.019538 0.02703
0 0.7759 0.43409999999999993 0.023246 0.02979
0 0.778424 0.46617200000000003 0.023584 0.030712
0 0.607946 0.295272 0.0182 0.031632
0 0.577238 0.36295999999999995 0.02183 0.032992
0 0.557584 0.38276200000000005 0.02037 0.029038
0 0.542576 0.397594 0.022384 0.030962
0 0.595916 0.37683 0.018446 0.032992
0 0.580638 0.3966099999999999 0.02377 0.031674
0 0.617024 0.392668 0.02377 0.032992
0 0.654138 0.385408 0.024246 0.030356
0 0.637154 0.405524 0.021354 0.028368
0 0.601008 0.41113 0.02377 0.030334
0 0.562438 0.41607799999999995 0.023276 0.033662
0 0.620176 0.42333599999999993 0.022324 0.031026
0 0.582816 0.42960200000000004 0.022308 0.03431
0 0.674516 0.3992579999999999 0.023276 0.031652
0 0.658508 0.418064 0.023292 0.036298
0 0.640554 0.4371959999999999 0.023292 0.03364
0 0.601976 0.4441219999999999 0.02183 0.031674
0 0.623576 0.4560040000000001 0.022324 0.036946
0 0.697076 0.4104699999999999 0.025724 0.038264
0 0.677916 0.42993799999999993 0.022324 0.03364
0 0.661416 0.45104600000000006 0.023292 0.03364
0 0.643708 0.46787599999999996 0.0228 0.035628
0 0.69853 0.44511600000000007 0.02183 0.029686
0 0.68107 0.4639120000000001 0.02183 0.03297
0 0.718662 0.45863999999999994 0.02523 0.031674
0 0.382054 0.028378000000000014 0.024662 0.02638
0 0.365676 0.04679999999999995 0.023446 0.034644
0 0.418962 0.023222000000000076 0.02223 0.030252
0 0.401276 0.04177800000000009 0.021908 0.02703
0 0.384592 0.05941400000000008 0.02223 0.02933
0 0.452654 0.015427999999999997 0.023584 0.02839
0 0.437154 0.035585999999999895 0.0256 0.02841
0 0.420646 0.05391199999999996 0.022246 0.02933
0 0.403638 0.0729280000000001 0.023246 0.02979
0 0.387962 0.091256 0.024262 0.03343
0 0.474054 0.027112000000000025 0.023246 0.02979
0 0.45687 0.04658999999999991 0.023246 0.030252
0 0.439854 0.06513600000000008 0.022908 0.03161
0 0.423346 0.08461199999999991 0.023584 0.03115
0 0.408016 0.10201799999999994 0.021908 0.033912
0 0.390324 0.123556 0.0256 0.02933
0 0.500116 0.13498999999999994 0.02063 0.033536
0 0.483138 0.15339999999999998 0.023846 0.029686
0 0.464738 0.1729179999999999 0.022646 0.029142
0 0.450384 0.1916420000000001 0.023846 0.031402
0 0.432392 0.21141199999999993 0.02103 0.029142
0 0.520938 0.147656 0.021846 0.030292
0 0.503754 0.16635 0.022246 0.031402
0 0.48617 0.18612000000000006 0.023446 0.032448
0 0.468776 0.20425800000000005 0.02183 0.03023
0 0.4512 0.22294999999999998 0.019816 0.028034
0 0.43563 0.2424679999999999 0.021016 0.030794
0 0.540346 0.15755199999999991 0.0178 0.030292
0 0.522962 0.1789639999999999 0.0186 0.032448
0 0.506792 0.19683000000000006 0.02183 0.032992
0 0.489608 0.21691400000000005 0.02223 0.033536
0 0.471816 0.23424599999999995 0.021416 0.030836
0 0.456654 0.254572 0.0194 0.03408
0 0.559554 0.17182000000000008 0.023046 0.035732
0 0.543176 0.19161000000000006 0.02263 0.032426
0 0.525792 0.21168399999999998 0.02183 0.036298
0 0.509216 0.2301040000000001 0.022646 0.032426
0 0.49203 0.24852600000000002 0.024676 0.03408
0 0.57977 0.18446600000000002 0.022246 0.033536
0 0.561576 0.20371399999999995 0.019 0.03023
0 0.475862 0.26776200000000006 0.023046 0.031882
0 0.456046 0.28700799999999993 0.024676 0.036276
0 0.5454 0.223808 0.023046 0.030836
0 0.528624 0.24192400000000003 0.025062 0.031882
0 0.510838 0.2611619999999999 0.0186 0.032992
0 0.492638 0.2798639999999999 0.0186 0.03408
0 0.478084 0.2963499999999999 0.02183 0.036298
0 0.59897 0.1965699999999999 0.020216 0.031338
0 0.581384 0.2188380000000001 0.023046 0.032992
0 0.565216 0.23643400000000003 0.020616 0.032992
0 0.54823 0.2567680000000001 0.022246 0.029686
0 0.6204 0.21058599999999994 0.022646 0.035188
0 0.602608 0.22818000000000005 0.024262 0.031882
0 0.58543 0.2471540000000001 0.025476 0.031338
0 0.567838 0.266664 0.02183 0.029686
0 0.531246 0.275188 0.019816 0.032426
0 0.513254 0.293326 0.02103 0.031338
0 0.497692 0.31284599999999996 0.023046 0.030794
0 0.480508 0.33182 0.023446 0.031338
0 0.640008 0.22350399999999992 0.019 0.029142
0 0.62323 0.24412199999999995 0.023446 0.026402
0 0.605038 0.2628140000000001 0.023462 0.032992
0 0.550454 0.288106 0.0186 0.032992
0 0.534076 0.3073539999999999 0.020616 0.032992
0 0.5171 0.3263180000000001 0.02143 0.032426
0 0.500324 0.34335800000000005 0.016984 0.029142
0 0.511746 0.02077400000000007 0.023584 0.02887
0 0.49187 0.03773000000000004 0.023584 0.03161
0 0.47637 0.057898000000000005 0.024924 0.034372
0 0.4607 0.07645400000000002 0.025276 0.03115
0 0.442338 0.0972900000000001 0.024246 0.03161
0 0.426508 0.11676799999999998 0.02157 0.03115
0 0.411338 0.13372399999999995 0.0256 0.034812
0 0.391792 0.15457199999999993 0.023584 0.02977
0 0.52927 0.03176800000000002 0.022908 0.032532
0 0.567176 0.026046000000000014 0.0246 0.033892
0 0.55033 0.04529200000000011 0.023246 0.034812
0 0.511584 0.05124400000000007 0.027292 0.032992
0 0.494054 0.07118200000000008 0.029308 0.033452
0 0.479738 0.08996800000000005 0.0256 0.032532
0 0.462046 0.109896 0.025938 0.033892
0 0.44453 0.12913200000000002 0.025954 0.032072
0 0.532638 0.06452999999999998 0.024938 0.032072
0 0.514784 0.08263599999999993 0.020892 0.02887
0 0.499108 0.10165200000000008 0.019876 0.02933
0 0.481762 0.12248999999999999 0.019554 0.026108
0 0.462724 0.14196600000000004 0.02123 0.02749
0 0.427346 0.1465479999999999 0.02257 0.02933
0 0.411516 0.16716599999999993 0.023246 0.03115
0 0.445716 0.1602920000000001 0.023584 0.030252
0 0.431392 0.17839000000000005 0.02257 0.030712
0 0.414376 0.1978660000000001 0.024938 0.02933
0 0.857438 0.022845999999999922 0.023584 0.036652
