0 0.406682 0.325702 0.046666 0.05113
0 0.3773599999999999 0.366182 0.0443 0.05113
0 0.34772000000000003 0.410582 0.044878 0.05041
0 0.31900400000000007 0.454966 0.04609 0.05541
0 0.29268399999999994 0.496506 0.044878 0.048972
0 0.25977000000000006 0.541232 0.047272 0.056096
0 0.23073600000000005 0.587054 0.046696 0.052534
0 0.19961000000000007 0.63178 0.041876 0.053972
0 0.16939400000000004 0.677226 0.04251 0.049726
0 0.1343859999999999 0.6325 0.046666 0.05541
0 0.10476200000000002 0.677586 0.044906 0.053254
0 0.0739399999999999 0.722328 0.046696 0.056096
0 0.13556999999999997 0.72161 0.038298 0.057534
0 0.10655199999999998 0.769212 0.043694 0.06178
0 0.038038000000000016 0.770616 0.045484 0.056096
0 0.5324960000000001 0.414092 0.042252 0.046816
0 0.588384 0.417722 0.040606 0.0475
0 0.643982 0.41839 0.038384 0.048836
0 0.6987019999999999 0.418682 0.031168 0.044144
0 0.7579659999999999 0.418014 0.040606 0.04548
0 0.4182539999999999 0.585634 0.0428 0.049486
0 0.44549799999999995 0.543082 0.0428 0.046164
0 0.4730160000000001 0.50185 0.043348 0.04815
0 0.5350079999999999 0.499538 0.042828 0.051472
0 0.913362 0.951816 0.038904 0.04685
0 0.9094660000000001 0.869982 0.042252 0.049486
0 0.883348 0.911232 0.042252 0.046164
0 0.860822 0.953784 0.038354 0.048184
0 0.9047480000000001 0.787534 0.038354 0.04685
0 0.8783259999999999 0.831062 0.041154 0.050822
0 0.854978 0.871644 0.042252 0.050136
0 0.8310679999999999 0.913528 0.038932 0.04815
0 0.8068839999999999 0.958716 0.0428 0.0475
0 0.877778 0.74959 0.038904 0.048836
0 0.849148 0.788836 0.03948 0.04685
0 0.827186 0.832054 0.041154 0.044864
0 0.80606 0.87363 0.038904 0.048836
0 0.778254 0.917158 0.044474 0.048836
0 0.50583 0.54274 0.042252 0.04815
0 0.48024599999999995 0.58399 0.047822 0.052774
0 0.45021599999999995 0.629504 0.043348 0.0475
0 0.42213600000000007 0.67339 0.043924 0.04685
0 0.39294399999999996 0.71791 0.044474 0.050136
0 0.752958 0.961696 0.043924 0.048184
0 0.051847999999999894 0.265052 0.046378 0.05565
0 0.11867200000000011 0.27036 0.043406 0.056816
0 0.21493600000000002 0.228664 0.042396 0.052672
0 0.18401200000000006 0.270668 0.044386 0.051472
0 0.250332 0.273922 0.043406 0.056816
0 0.08750400000000003 0.31327 0.041904 0.051472
0 0.05684 0.357946 0.042396 0.054452
0 0.12366600000000005 0.357072 0.045368 0.055034
0 0.1558299999999999 0.316832 0.043896 0.05387
0 0.21966799999999997 0.318014 0.046898 0.052672
0 0.18823999999999996 0.36 0.044878 0.052602
0 0.15857199999999994 0.405 0.045396 0.058562
0 0.09149999999999991 0.403528 0.044878 0.060342
0 0.027171999999999974 0.403528 0.05088 0.058014
0 0.059825999999999935 0.449384 0.047388 0.058562
0 0.029163999999999968 0.493768 0.046898 0.060958
0 0.126652 0.450856 0.046378 0.054452
0 0.09623399999999993 0.49553 0.043376 0.055034
0 0.06555599999999995 0.539624 0.047878 0.054452
0 0.033895999999999926 0.585788 0.04736 0.055616
0 0.0334779999999999 0.679572 0.0486 0.054006
0 0.067604 0.634794 0.046552 0.057672
0 0.09991400000000006 0.586884 0.047562 0.046644
0 0.13020199999999993 0.54053 0.047878 0.0575
0 0.18974000000000002 0.451404 0.05088 0.052534
0 0.313318 0.278134 0.0443 0.055376
0 0.28370800000000007 0.320034 0.049668 0.053972
0 0.253174 0.364778 0.048456 0.052568
0 0.2223520000000001 0.406318 0.043088 0.0575
0 0.372568 0.280274 0.046666 0.052534
0 0.316306 0.366198 0.045484 0.05541
0 0.2887740000000001 0.410942 0.045484 0.05113
0 0.25437200000000004 0.453544 0.044906 0.055376
0 0.2289319999999999 0.496506 0.046666 0.053288
0 0.19723000000000002 0.539812 0.049062 0.054692
0 0.16521000000000008 0.585994 0.048456 0.056096
0 0.46291400000000005 0.244006 0.03694 0.044178
0 0.43627799999999994 0.283322 0.038962 0.04589
0 0.07274200000000008 0.815342 0.0443 0.056096
0 0.040432000000000023 0.860804 0.044272 0.054692
0 0.04490599999999989 0.955958 0.047272 0.048972
0 0.07724400000000009 0.90625 0.044878 0.058938
0 0.11073599999999995 0.858304 0.047272 0.056816
0 0.1389180000000001 0.81315 0.041356 0.05452
0 0.1688019999999999 0.768134 0.042482 0.056816
0 0.20261200000000001 0.721268 0.046666 0.059658
0 0.23281400000000008 0.674812 0.037692 0.046268
0 0.4955560000000001 0.28803 0.047216 0.050376
0 0.4679359999999999 0.326986 0.043232 0.050342
0 0.44111199999999995 0.367364 0.042454 0.047534
0 0.41157200000000005 0.412124 0.042828 0.04815
0 0.380158 0.454658 0.044474 0.048836
0 0.35291399999999995 0.497876 0.043376 0.052124
0 0.32430000000000003 0.541096 0.043924 0.05541
0 0.2937080000000001 0.58661 0.047272 0.05411
0 0.26145799999999997 0.630154 0.040606 0.052774
0 0.5525260000000001 0.288732 0.042252 0.04685
0 0.6070120000000001 0.29072 0.038904 0.053424
0 0.5272300000000001 0.331626 0.0428 0.048184
0 0.585324 0.33459 0.038932 0.050136
0 0.640938 0.335908 0.040028 0.0475
0 0.61785 0.376148 0.040606 0.046198
0 0.5580959999999999 0.375172 0.037806 0.04685
0 0.4996959999999999 0.371198 0.040028 0.04815
0 0.6701159999999999 0.37714 0.039452 0.048184
0 0.4719040000000001 0.412448 0.043376 0.048802
0 0.4440980000000001 0.455326 0.046696 0.050172
0 0.502208 0.455994 0.0428 0.048836
0 0.56091 0.457688 0.04124 0.046952
0 0.6170279999999999 0.459554 0.041154 0.049384
0 0.677344 0.459948 0.043924 0.048802
0 0.729322 0.462586 0.041154 0.046198
0 0.41546799999999995 0.498544 0.042828 0.048184
0 0.3840539999999999 0.541096 0.040028 0.050136
0 0.35513799999999995 0.58661 0.038932 0.050136
0 0.32762 0.630496 0.042828 0.053458
0 0.29701200000000005 0.673458 0.043954 0.049658
0 0.2684120000000001 0.720566 0.043376 0.052774
0 0.33013000000000003 0.71923 0.041154 0.051472
0 0.3598699999999999 0.67536 0.043896 0.053458
0 0.38850000000000007 0.631816 0.043376 0.053424
0 0.453276 0.7156 0.045022 0.050788
0 0.48022999999999993 0.673048 0.042252 0.048836
0 0.508052 0.629828 0.046696 0.04685
0 0.5366820000000001 0.583972 0.043924 0.048836
0 0.5633619999999999 0.542432 0.047244 0.050136
0 0.588384 0.503818 0.0428 0.048184
0 0.6498120000000001 0.503168 0.042252 0.049486
0 0.7043140000000001 0.503494 0.038932 0.046164
0 0.7590760000000001 0.50678 0.036132 0.048836
0 0.6209100000000001 0.5444 0.04228 0.0475
0 0.676234 0.546044 0.040606 0.046816
0 0.734618 0.545376 0.041702 0.04815
0 0.7904899999999999 0.543408 0.046724 0.050788
0 0.5945020000000001 0.587278 0.038354 0.0475
0 0.6492640000000001 0.586626 0.040058 0.046198
0 0.70821 0.587294 0.040028 0.044864
0 0.7610239999999999 0.586302 0.041126 0.04815
0 0.8185720000000001 0.585634 0.041702 0.046816
0 0.11245400000000005 0.952466 0.04505 0.056096
0 0.1438680000000001 0.902004 0.043348 0.052774
0 0.1811259999999999 0.947518 0.046696 0.054076
0 0.17500800000000005 0.857448 0.041154 0.05476
0 0.2058580000000001 0.811284 0.047272 0.05476
0 0.23981199999999991 0.764486 0.040664 0.045616
0 0.20836999999999994 0.90202 0.045598 0.054178
0 0.240332 0.855154 0.043896 0.051472
0 0.27065000000000006 0.809316 0.043406 0.047124
0 0.299264 0.764418 0.0428 0.052124
0 0.36210600000000004 0.762466 0.043924 0.052124
0 0.33430000000000004 0.805668 0.047244 0.048802
0 0.30538200000000004 0.851524 0.043896 0.056062
0 0.27618999999999994 0.898356 0.045598 0.052124
0 0.24590200000000006 0.943544 0.046148 0.052774
0 0.30621999999999994 0.940582 0.046724 0.053424
0 0.3373600000000001 0.895394 0.044474 0.052774
0 0.36542600000000003 0.850206 0.040578 0.052124
0 0.39769199999999993 0.805018 0.043924 0.052774
0 0.424936 0.760462 0.043924 0.049486
0 0.5719479999999999 0.628904 0.041096 0.046302
0 0.5408360000000001 0.672054 0.045598 0.053424
0 0.36793600000000004 0.937946 0.043348 0.04815
0 0.39796600000000004 0.893408 0.043376 0.048802
0 0.4252100000000001 0.84822 0.044474 0.052124
0 0.455786 0.803356 0.041154 0.050822
0 0.48385199999999995 0.757826 0.040606 0.049486
0 0.5161039999999999 0.715942 0.043924 0.051472
0 0.431314 0.933322 0.042252 0.056096
0 0.45936599999999994 0.89089 0.041616 0.044864
0 0.4855259999999999 0.843614 0.041702 0.049486
0 0.513882 0.801044 0.03948 0.051472
0 0.5430600000000001 0.755188 0.042252 0.048184
0 0.570028 0.713304 0.041702 0.051472
0 0.598398 0.668442 0.041702 0.0475
0 0.624806 0.628528 0.041126 0.04815
0 0.4899720000000001 0.931678 0.0428 0.051438
0 0.519164 0.887158 0.043348 0.052124
0 0.547518 0.842278 0.041126 0.05476
0 0.5739240000000001 0.799726 0.037258 0.051438
0 0.6011679999999999 0.75452 0.038354 0.052124
0 0.6270279999999999 0.711986 0.038932 0.048836
0 0.655656 0.670736 0.038354 0.049486
0 0.6812400000000001 0.62786 0.040578 0.050788
0 0.5239240000000001 0.97387 0.038442 0.047466
0 0.551126 0.928048 0.046148 0.052124
0 0.5786579999999999 0.882192 0.040028 0.050136
0 0.6069979999999999 0.841284 0.044474 0.051472
0 0.6317459999999999 0.79577 0.043924 0.052774
0 0.6581680000000001 0.753544 0.044474 0.048802
0 0.6848479999999999 0.711644 0.041154 0.052124
0 0.71404 0.667774 0.0428 0.050136
0 0.737114 0.629504 0.043348 0.0475
0 0.5833919999999999 0.971268 0.041702 0.05411
0 0.608962 0.92541 0.0428 0.052124
0 0.633694 0.879554 0.038932 0.046164
0 0.6623380000000001 0.836678 0.03948 0.048836
0 0.6887300000000001 0.795102 0.044474 0.05411
0 0.71404 0.751576 0.039452 0.050136
0 0.739898 0.710976 0.047822 0.049486
0 0.767128 0.668768 0.041154 0.050822
0 0.7896540000000001 0.627192 0.039452 0.04815
0 0.637316 0.966986 0.03948 0.053424
0 0.6673439999999999 0.923768 0.037258 0.051438
0 0.6934640000000001 0.881216 0.035008 0.049486
0 0.7179359999999999 0.834692 0.041702 0.046164
0 0.7423960000000001 0.792792 0.038384 0.049486
0 0.7701880000000001 0.751558 0.03948 0.043528
0 0.795498 0.709332 0.038904 0.0475
0 0.82023 0.669092 0.040578 0.048802
0 0.84609 0.627534 0.043348 0.048836
0 0.8505339999999999 0.706696 0.038904 0.051472
0 0.694574 0.962364 0.043924 0.052124
0 0.724604 0.917826 0.04505 0.046198
0 0.7426699999999999 0.87726 0.038932 0.04685
0 0.775758 0.833374 0.045022 0.0475
0 0.7982819999999999 0.791148 0.040028 0.050172
0 0.8252379999999999 0.749914 0.038354 0.046816
0 0.09774799999999995 0.506232 0.049062 0.053288
