0 0.443325 0.183039 0.016883 0.014512
0 0.436052 0.197551 0.016883 0.014512
0 0.428519 0.211156 0.016883 0.014512
0 0.420468 0.225669 0.016883 0.014512
0 0.413714 0.241995 0.016883 0.014512
0 0.395013 0.241995 0.016883 0.014512
0 0.378909 0.243129 0.016883 0.014512
0 0.386442 0.228390 0.016883 0.014512
0 0.393714 0.213424 0.016883 0.014512
0 0.400208 0.198912 0.016883 0.014512
0 0.410597 0.183039 0.016883 0.014512
0 0.417610 0.168753 0.016883 0.014512
0 0.426182 0.154467 0.016883 0.014512
0 0.434753 0.139955 0.016883 0.014512
0 0.441247 0.125442 0.016883 0.014512
0 0.449558 0.111610 0.016883 0.014512
0 0.456571 0.097778 0.016883 0.014512
0 0.472935 0.097778 0.016883 0.014512
0 0.465662 0.112063 0.016883 0.014512
0 0.457091 0.125669 0.016883 0.014512
0 0.451117 0.140635 0.016883 0.014512
0 0.442545 0.154014 0.016883 0.014512
0 0.435013 0.168526 0.016883 0.014512
0 0.428260 0.183039 0.016883 0.014512
0 0.418909 0.197551 0.016883 0.014512
0 0.410597 0.212744 0.016883 0.014512
0 0.402805 0.227483 0.016883 0.014512
0 0.510935 0.083560 0.016883 0.014512
0 0.526260 0.084014 0.016883 0.014512
0 0.543662 0.083560 0.016883 0.014512
0 0.560026 0.084014 0.016883 0.014512
0 0.552234 0.098526 0.016883 0.014512
0 0.544961 0.111678 0.016883 0.014512
0 0.537948 0.126190 0.016883 0.014512
0 0.530416 0.140703 0.016883 0.014512
0 0.523143 0.154535 0.016883 0.014512
0 0.515091 0.167687 0.016883 0.014512
0 0.508078 0.181519 0.016883 0.014512
0 0.500286 0.196259 0.016883 0.014512
0 0.494571 0.210544 0.016883 0.014512
0 0.485481 0.224830 0.016883 0.014512
0 0.478468 0.239342 0.016883 0.014512
0 0.461065 0.239342 0.016883 0.014512
0 0.445221 0.240249 0.016883 0.014512
0 0.429377 0.240703 0.016883 0.014512
0 0.504701 0.097846 0.016883 0.014512
0 0.520545 0.098526 0.016883 0.014512
0 0.536130 0.098299 0.016883 0.014512
0 0.497429 0.111905 0.016883 0.014512
0 0.512753 0.112132 0.016883 0.014512
0 0.528597 0.113492 0.016883 0.014512
0 0.490156 0.125964 0.016883 0.014512
0 0.505740 0.126644 0.016883 0.014512
0 0.522623 0.126871 0.016883 0.014512
0 0.482623 0.139342 0.016883 0.014512
0 0.499247 0.140703 0.016883 0.014512
0 0.514831 0.140930 0.016883 0.014512
0 0.475351 0.154308 0.016883 0.014512
0 0.491714 0.154082 0.016883 0.014512
0 0.505740 0.153855 0.016883 0.014512
0 0.466260 0.169955 0.016883 0.014512
0 0.482883 0.169048 0.016883 0.014512
0 0.499766 0.168594 0.016883 0.014512
0 0.459247 0.182200 0.016883 0.014512
0 0.477429 0.183333 0.016883 0.014512
0 0.491195 0.181746 0.016883 0.014512
0 0.452494 0.196939 0.016883 0.014512
0 0.467818 0.197166 0.016883 0.014512
0 0.483662 0.197846 0.016883 0.014512
0 0.443922 0.211451 0.016883 0.014512
0 0.460286 0.211905 0.016883 0.014512
0 0.477688 0.210998 0.016883 0.014512
0 0.434831 0.225510 0.016883 0.014512
0 0.451714 0.224830 0.016883 0.014512
0 0.469636 0.225964 0.016883 0.014512
0 0.493792 0.240249 0.016883 0.014512
0 0.508857 0.240023 0.016883 0.014512
0 0.525221 0.240249 0.016883 0.014512
0 0.573013 0.084921 0.016883 0.014512
0 0.589636 0.084467 0.016883 0.014512
0 0.604961 0.084467 0.016883 0.014512
0 0.620805 0.084467 0.016883 0.014512
0 0.635610 0.084694 0.016883 0.014512
0 0.568078 0.099206 0.016883 0.014512
0 0.582883 0.099206 0.016883 0.014512
0 0.598727 0.098753 0.016883 0.014512
0 0.613532 0.099433 0.016883 0.014512
0 0.627039 0.099887 0.016883 0.014512
0 0.640545 0.100340 0.016883 0.014512
0 0.658468 0.099660 0.016883 0.014512
0 0.671455 0.100113 0.016883 0.014512
0 0.689377 0.100567 0.016883 0.014512
0 0.559506 0.113265 0.016883 0.014512
0 0.577429 0.113492 0.016883 0.014512
0 0.593013 0.113265 0.016883 0.014512
0 0.606260 0.112585 0.016883 0.014512
0 0.621584 0.113039 0.016883 0.014512
0 0.636649 0.113265 0.016883 0.014512
0 0.652494 0.112812 0.016883 0.014512
0 0.666519 0.113492 0.016883 0.014512
0 0.681584 0.113492 0.016883 0.014512
0 0.694571 0.113492 0.016883 0.014512
0 0.708078 0.114172 0.016883 0.014512
0 0.553273 0.126871 0.016883 0.014512
0 0.569896 0.126871 0.016883 0.014512
0 0.584961 0.126871 0.016883 0.014512
0 0.598208 0.126417 0.016883 0.014512
0 0.615870 0.127098 0.016883 0.014512
0 0.629377 0.127098 0.016883 0.014512
0 0.645221 0.126417 0.016883 0.014512
0 0.657688 0.126417 0.016883 0.014512
0 0.672753 0.126417 0.016883 0.014512
0 0.687818 0.126644 0.016883 0.014512
0 0.703403 0.126644 0.016883 0.014512
0 0.714571 0.126871 0.016883 0.014512
0 0.730156 0.126417 0.016883 0.014512
0 0.545221 0.140703 0.016883 0.014512
0 0.561584 0.140476 0.016883 0.014512
0 0.576909 0.140249 0.016883 0.014512
0 0.592234 0.140249 0.016883 0.014512
0 0.608078 0.140476 0.016883 0.014512
0 0.622883 0.141383 0.016883 0.014512
0 0.637948 0.140930 0.016883 0.014512
0 0.651714 0.140930 0.016883 0.014512
0 0.667818 0.140476 0.016883 0.014512
0 0.682623 0.140476 0.016883 0.014512
0 0.696130 0.140703 0.016883 0.014512
0 0.710675 0.140930 0.016883 0.014512
0 0.722623 0.140476 0.016883 0.014512
0 0.738208 0.139796 0.016883 0.014512
0 0.750935 0.139116 0.016883 0.014512
0 0.538208 0.154762 0.016883 0.014512
0 0.553532 0.154535 0.016883 0.014512
0 0.570156 0.154989 0.016883 0.014512
0 0.585740 0.154535 0.016883 0.014512
0 0.600026 0.152721 0.016883 0.014512
0 0.615870 0.154082 0.016883 0.014512
0 0.630416 0.154082 0.016883 0.014512
0 0.646000 0.154082 0.016883 0.014512
0 0.661584 0.153628 0.016883 0.014512
0 0.675610 0.153401 0.016883 0.014512
0 0.689636 0.153628 0.016883 0.014512
0 0.704182 0.154308 0.016883 0.014512
0 0.717429 0.152948 0.016883 0.014512
0 0.731455 0.153855 0.016883 0.014512
0 0.747299 0.153855 0.016883 0.014512
0 0.758468 0.153175 0.016883 0.014512
0 0.774571 0.153175 0.016883 0.014512
0 0.531714 0.167914 0.016883 0.014512
0 0.523403 0.182200 0.016883 0.014512
0 0.515351 0.196485 0.016883 0.014512
0 0.508597 0.210998 0.016883 0.014512
0 0.501844 0.226417 0.016883 0.014512
0 0.546000 0.168141 0.016883 0.014512
0 0.540026 0.179932 0.016883 0.014512
0 0.532234 0.195125 0.016883 0.014512
0 0.524442 0.209864 0.016883 0.014512
0 0.517688 0.226417 0.016883 0.014512
0 0.564182 0.167007 0.016883 0.014512
0 0.554831 0.180385 0.016883 0.014512
0 0.547818 0.195125 0.016883 0.014512
0 0.540805 0.208957 0.016883 0.014512
0 0.533013 0.225283 0.016883 0.014512
0 0.577948 0.169274 0.016883 0.014512
0 0.570675 0.181293 0.016883 0.014512
0 0.563143 0.195805 0.016883 0.014512
0 0.555351 0.208730 0.016883 0.014512
0 0.549636 0.224150 0.016883 0.014512
0 0.542364 0.239116 0.016883 0.014512
0 0.591974 0.168367 0.016883 0.014512
0 0.586260 0.182200 0.016883 0.014512
0 0.579506 0.195125 0.016883 0.014512
0 0.571714 0.210771 0.016883 0.014512
0 0.565221 0.223016 0.016883 0.014512
0 0.558208 0.237982 0.016883 0.014512
0 0.608338 0.167687 0.016883 0.014512
0 0.600805 0.181293 0.016883 0.014512
0 0.594312 0.194671 0.016883 0.014512
0 0.587039 0.208503 0.016883 0.014512
0 0.580026 0.222562 0.016883 0.014512
0 0.573273 0.237075 0.016883 0.014512
0 0.622883 0.168367 0.016883 0.014512
0 0.615091 0.181519 0.016883 0.014512
0 0.609377 0.195351 0.016883 0.014512
0 0.602623 0.208957 0.016883 0.014512
0 0.595610 0.222562 0.016883 0.014512
0 0.588078 0.236848 0.016883 0.014512
0 0.638208 0.168141 0.016883 0.014512
0 0.630675 0.181293 0.016883 0.014512
0 0.624961 0.195351 0.016883 0.014512
0 0.616649 0.208730 0.016883 0.014512
0 0.610156 0.222562 0.016883 0.014512
0 0.603403 0.236621 0.016883 0.014512
0 0.653792 0.166780 0.016883 0.014512
0 0.646260 0.180612 0.016883 0.014512
0 0.638987 0.193311 0.016883 0.014512
0 0.632234 0.208050 0.016883 0.014512
0 0.625481 0.221202 0.016883 0.014512
0 0.618727 0.235941 0.016883 0.014512
0 0.669377 0.167234 0.016883 0.014512
0 0.660026 0.180612 0.016883 0.014512
0 0.654052 0.194218 0.016883 0.014512
0 0.648078 0.207596 0.016883 0.014512
0 0.640805 0.221882 0.016883 0.014512
0 0.633013 0.235261 0.016883 0.014512
0 0.682104 0.167687 0.016883 0.014512
0 0.675870 0.180612 0.016883 0.014512
0 0.669117 0.193537 0.016883 0.014512
0 0.661584 0.208050 0.016883 0.014512
0 0.655351 0.221202 0.016883 0.014512
0 0.648338 0.235034 0.016883 0.014512
0 0.696909 0.166780 0.016883 0.014512
0 0.711714 0.165873 0.016883 0.014512
0 0.725740 0.165420 0.016883 0.014512
0 0.739247 0.164966 0.016883 0.014512
0 0.753013 0.165193 0.016883 0.014512
0 0.767299 0.166327 0.016883 0.014512
0 0.781065 0.166780 0.016883 0.014512
0 0.690675 0.180385 0.016883 0.014512
0 0.682104 0.193537 0.016883 0.014512
0 0.676390 0.206463 0.016883 0.014512
0 0.670156 0.220975 0.016883 0.014512
0 0.663143 0.235034 0.016883 0.014512
0 0.705740 0.180159 0.016883 0.014512
0 0.696909 0.193311 0.016883 0.014512
0 0.691195 0.206463 0.016883 0.014512
0 0.683922 0.219161 0.016883 0.014512
0 0.677948 0.234127 0.016883 0.014512
0 0.720545 0.179478 0.016883 0.014512
0 0.711195 0.192630 0.016883 0.014512
0 0.705481 0.205782 0.016883 0.014512
0 0.699766 0.220748 0.016883 0.014512
0 0.691714 0.234127 0.016883 0.014512
0 0.732494 0.179478 0.016883 0.014512
0 0.725740 0.192177 0.016883 0.014512
0 0.719247 0.204649 0.016883 0.014512
0 0.747299 0.177664 0.016883 0.014512
0 0.761844 0.178571 0.016883 0.014512
0 0.741325 0.192857 0.016883 0.014512
0 0.733532 0.205329 0.016883 0.014512
0 0.711455 0.219615 0.016883 0.014512
0 0.706000 0.234354 0.016883 0.014512
0 0.775610 0.179252 0.016883 0.014512
0 0.787299 0.179478 0.016883 0.014512
0 0.801584 0.179478 0.016883 0.014512
0 0.754312 0.192857 0.016883 0.014512
0 0.727558 0.220295 0.016883 0.014512
0 0.720805 0.233447 0.016883 0.014512
0 0.734312 0.232540 0.016883 0.014512
0 0.740545 0.218934 0.016883 0.014512
0 0.747558 0.205556 0.016883 0.014512
0 0.767299 0.191950 0.016883 0.014512
0 0.762104 0.205102 0.016883 0.014512
0 0.755870 0.219388 0.016883 0.014512
0 0.748078 0.232313 0.016883 0.014512
0 0.780286 0.192177 0.016883 0.014512
0 0.796649 0.191497 0.016883 0.014512
0 0.808597 0.191270 0.016883 0.014512
0 0.775870 0.204875 0.016883 0.014512
0 0.789377 0.205102 0.016883 0.014512
0 0.802623 0.204649 0.016883 0.014512
0 0.815870 0.204875 0.016883 0.014512
0 0.769117 0.219388 0.016883 0.014512
0 0.783403 0.218707 0.016883 0.014512
0 0.796130 0.218707 0.016883 0.014512
0 0.810675 0.217574 0.016883 0.014512
0 0.822883 0.217800 0.016883 0.014512
0 0.762883 0.231859 0.016883 0.014512
0 0.777688 0.231406 0.016883 0.014512
0 0.789636 0.230952 0.016883 0.014512
0 0.803403 0.230726 0.016883 0.014512
0 0.817948 0.230272 0.016883 0.014512
0 0.829896 0.229819 0.016883 0.014512
0 0.843143 0.229592 0.016883 0.014512
0 0.161740 0.279683 0.016883 0.014512
0 0.180442 0.278776 0.016883 0.014512
0 0.199922 0.278322 0.016883 0.014512
0 0.190312 0.293968 0.016883 0.014512
0 0.171351 0.295102 0.016883 0.014512
0 0.152909 0.295782 0.016883 0.014512
0 0.142779 0.311882 0.016883 0.014512
0 0.163039 0.310748 0.016883 0.014512
0 0.181740 0.309615 0.016883 0.014512
0 0.172390 0.325261 0.016883 0.014512
0 0.162519 0.341814 0.016883 0.014512
0 0.153948 0.356327 0.016883 0.014512
0 0.145377 0.373107 0.016883 0.014512
0 0.134208 0.387619 0.016883 0.014512
0 0.125896 0.404626 0.016883 0.014512
0 0.116805 0.420272 0.016883 0.014512
0 0.106935 0.436372 0.016883 0.014512
0 0.098623 0.453832 0.016883 0.014512
0 0.089273 0.468571 0.016883 0.014512
0 0.134727 0.328662 0.016883 0.014512
0 0.153429 0.327302 0.016883 0.014512
0 0.123818 0.342268 0.016883 0.014512
0 0.143299 0.342041 0.016883 0.014512
0 0.133948 0.357687 0.016883 0.014512
0 0.125117 0.374240 0.016883 0.014512
0 0.115766 0.388980 0.016883 0.014512
0 0.107714 0.405760 0.016883 0.014512
0 0.097844 0.422540 0.016883 0.014512
0 0.218104 0.277642 0.016883 0.014512
0 0.236286 0.276508 0.016883 0.014512
0 0.254727 0.275374 0.016883 0.014512
0 0.245636 0.292608 0.016883 0.014512
0 0.236805 0.307574 0.016883 0.014512
0 0.229013 0.323447 0.016883 0.014512
0 0.220442 0.338186 0.016883 0.014512
0 0.211351 0.353832 0.016883 0.014512
0 0.202260 0.369932 0.016883 0.014512
0 0.192390 0.385125 0.016883 0.014512
0 0.183818 0.400544 0.016883 0.014512
0 0.175506 0.416417 0.016883 0.014512
0 0.166156 0.432290 0.016883 0.014512
0 0.156026 0.447937 0.016883 0.014512
0 0.148234 0.464943 0.016883 0.014512
0 0.138623 0.479909 0.016883 0.014512
0 0.098364 0.482857 0.016883 0.014512
0 0.119143 0.481497 0.016883 0.014512
0 0.208753 0.293515 0.016883 0.014512
0 0.227714 0.292834 0.016883 0.014512
0 0.199403 0.308934 0.016883 0.014512
0 0.219922 0.308707 0.016883 0.014512
0 0.273688 0.274694 0.016883 0.014512
0 0.291870 0.274694 0.016883 0.014512
0 0.308753 0.274014 0.016883 0.014512
0 0.327195 0.272426 0.016883 0.014512
0 0.344338 0.271746 0.016883 0.014512
0 0.362260 0.271519 0.016883 0.014512
0 0.378883 0.271519 0.016883 0.014512
0 0.395766 0.270612 0.016883 0.014512
0 0.387195 0.286712 0.016883 0.014512
0 0.369792 0.286939 0.016883 0.014512
0 0.352649 0.287619 0.016883 0.014512
0 0.335766 0.287846 0.016883 0.014512
0 0.317065 0.288980 0.016883 0.014512
0 0.299922 0.288526 0.016883 0.014512
0 0.283299 0.290340 0.016883 0.014512
0 0.264597 0.291247 0.016883 0.014512
0 0.413429 0.270612 0.016883 0.014512
0 0.527974 0.265850 0.016883 0.014512
0 0.510312 0.266757 0.016883 0.014512
0 0.493948 0.267438 0.016883 0.014512
0 0.478883 0.267664 0.016883 0.014512
0 0.463039 0.268118 0.016883 0.014512
0 0.446156 0.268798 0.016883 0.014512
0 0.429013 0.269252 0.016883 0.014512
0 0.519922 0.281270 0.016883 0.014512
0 0.504078 0.282177 0.016883 0.014512
0 0.489013 0.282177 0.016883 0.014512
0 0.471610 0.283311 0.016883 0.014512
0 0.456026 0.282857 0.016883 0.014512
0 0.438104 0.284444 0.016883 0.014512
0 0.422000 0.285578 0.016883 0.014512
0 0.404857 0.286712 0.016883 0.014512
0 0.527455 0.293968 0.016883 0.014512
0 0.512130 0.295329 0.016883 0.014512
0 0.496545 0.296236 0.016883 0.014512
0 0.478883 0.296916 0.016883 0.014512
0 0.464338 0.297823 0.016883 0.014512
0 0.446935 0.298050 0.016883 0.014512
0 0.430052 0.298730 0.016883 0.014512
0 0.413688 0.299864 0.016883 0.014512
0 0.396286 0.300544 0.016883 0.014512
0 0.380961 0.300544 0.016883 0.014512
0 0.363299 0.302132 0.016883 0.014512
0 0.345636 0.302358 0.016883 0.014512
0 0.328234 0.303492 0.016883 0.014512
0 0.310052 0.304172 0.016883 0.014512
0 0.291870 0.304626 0.016883 0.014512
0 0.274208 0.305986 0.016883 0.014512
0 0.255766 0.306213 0.016883 0.014512
0 0.191091 0.324807 0.016883 0.014512
0 0.209532 0.323900 0.016883 0.014512
0 0.182000 0.340680 0.016883 0.014512
0 0.201740 0.339546 0.016883 0.014512
0 0.173169 0.355873 0.016883 0.014512
0 0.192649 0.354966 0.016883 0.014512
0 0.163558 0.371746 0.016883 0.014512
0 0.183299 0.370839 0.016883 0.014512
0 0.156026 0.386939 0.016883 0.014512
0 0.173688 0.386259 0.016883 0.014512
0 0.145636 0.403492 0.016883 0.014512
0 0.165636 0.401905 0.016883 0.014512
0 0.136026 0.418458 0.016883 0.014512
0 0.155766 0.418231 0.016883 0.014512
0 0.127195 0.435465 0.016883 0.014512
0 0.146675 0.434104 0.016883 0.014512
0 0.117065 0.451111 0.016883 0.014512
0 0.137584 0.449977 0.016883 0.014512
0 0.107714 0.466757 0.016883 0.014512
0 0.128753 0.465624 0.016883 0.014512
0 0.109792 0.498050 0.016883 0.014512
0 0.129013 0.496236 0.016883 0.014512
0 0.100961 0.514830 0.016883 0.014512
0 0.121221 0.513016 0.016883 0.014512
0 0.139403 0.511429 0.016883 0.014512
0 0.159143 0.509615 0.016883 0.014512
0 0.178623 0.507800 0.016883 0.014512
0 0.265974 0.321281 0.017351 0.015488
0 0.283896 0.320147 0.017351 0.015488
0 0.301818 0.319240 0.017351 0.015488
0 0.319221 0.317880 0.017351 0.015488
0 0.337662 0.317426 0.017351 0.015488
0 0.355325 0.317200 0.017351 0.015488
0 0.371948 0.315839 0.017351 0.015488
0 0.388831 0.314478 0.017351 0.015488
0 0.239221 0.336927 0.017351 0.015488
0 0.229870 0.352800 0.017351 0.015488
0 0.220260 0.369127 0.017351 0.015488
0 0.212987 0.383639 0.017351 0.015488
0 0.204156 0.399059 0.017351 0.015488
0 0.194545 0.415159 0.017351 0.015488
0 0.186234 0.431712 0.017351 0.015488
0 0.176883 0.447358 0.017351 0.015488
0 0.256364 0.336474 0.017351 0.015488
0 0.248571 0.352347 0.017351 0.015488
0 0.240000 0.367766 0.017351 0.015488
0 0.231169 0.383413 0.017351 0.015488
0 0.222078 0.398152 0.017351 0.015488
0 0.212987 0.414478 0.017351 0.015488
0 0.204416 0.428991 0.017351 0.015488
0 0.195844 0.445771 0.017351 0.015488
0 0.186753 0.461644 0.017351 0.015488
0 0.178442 0.477744 0.017351 0.015488
0 0.168312 0.493390 0.017351 0.015488
0 0.275325 0.335340 0.017351 0.015488
0 0.265714 0.350986 0.017351 0.015488
0 0.258442 0.367086 0.017351 0.015488
0 0.248831 0.380465 0.017351 0.015488
0 0.239221 0.397018 0.017351 0.015488
0 0.231429 0.412438 0.017351 0.015488
0 0.223377 0.429671 0.017351 0.015488
0 0.212727 0.444184 0.017351 0.015488
0 0.205974 0.460057 0.017351 0.015488
0 0.196883 0.475930 0.017351 0.015488
0 0.187532 0.491349 0.017351 0.015488
0 0.405714 0.315385 0.017351 0.015488
0 0.423896 0.313798 0.017351 0.015488
0 0.440519 0.313798 0.017351 0.015488
0 0.456623 0.312891 0.017351 0.015488
0 0.472208 0.312664 0.017351 0.015488
0 0.489091 0.310850 0.017351 0.015488
0 0.505455 0.310170 0.017351 0.015488
0 0.521299 0.308129 0.017351 0.015488
0 0.292987 0.336020 0.017351 0.015488
0 0.283377 0.349399 0.017351 0.015488
0 0.311169 0.333980 0.017351 0.015488
0 0.328571 0.332619 0.017351 0.015488
0 0.346234 0.331485 0.017351 0.015488
0 0.363896 0.330578 0.017351 0.015488
0 0.381039 0.329898 0.017351 0.015488
0 0.274805 0.365272 0.017351 0.015488
0 0.266753 0.380465 0.017351 0.015488
0 0.258701 0.395884 0.017351 0.015488
0 0.249870 0.411757 0.017351 0.015488
0 0.240779 0.427857 0.017351 0.015488
0 0.232208 0.443277 0.017351 0.015488
0 0.223377 0.457789 0.017351 0.015488
0 0.214805 0.473889 0.017351 0.015488
0 0.206494 0.490669 0.017351 0.015488
0 0.222338 0.487948 0.017351 0.015488
0 0.242338 0.486587 0.017351 0.015488
0 0.260000 0.485000 0.017351 0.015488
0 0.279481 0.483186 0.017351 0.015488
0 0.297922 0.482506 0.017351 0.015488
0 0.315584 0.481145 0.017351 0.015488
0 0.333506 0.479785 0.017351 0.015488
0 0.341818 0.493390 0.017351 0.015488
0 0.367013 0.475930 0.017351 0.015488
0 0.358961 0.490669 0.017351 0.015488
0 0.350130 0.477744 0.017351 0.015488
0 0.392987 0.459830 0.017351 0.015488
0 0.376364 0.460964 0.017351 0.015488
0 0.341039 0.463912 0.017351 0.015488
0 0.332468 0.449399 0.017351 0.015488
0 0.341558 0.433073 0.017351 0.015488
0 0.348052 0.419014 0.017351 0.015488
0 0.366234 0.417880 0.017351 0.015488
0 0.384156 0.416746 0.017351 0.015488
0 0.409091 0.429671 0.017351 0.015488
0 0.399740 0.414478 0.017351 0.015488
0 0.397662 0.330351 0.017351 0.015488
0 0.414805 0.329444 0.017351 0.015488
0 0.432468 0.329444 0.017351 0.015488
0 0.447792 0.326497 0.017351 0.015488
0 0.528571 0.322188 0.017351 0.015488
0 0.511169 0.322868 0.017351 0.015488
0 0.496883 0.324456 0.017351 0.015488
0 0.480260 0.325136 0.017351 0.015488
0 0.463896 0.326497 0.017351 0.015488
0 0.521558 0.336247 0.017351 0.015488
0 0.505195 0.336701 0.017351 0.015488
0 0.489091 0.338061 0.017351 0.015488
0 0.472987 0.339195 0.017351 0.015488
0 0.456883 0.341236 0.017351 0.015488
0 0.440260 0.341236 0.017351 0.015488
0 0.422338 0.342370 0.017351 0.015488
0 0.405455 0.342596 0.017351 0.015488
0 0.390130 0.343503 0.017351 0.015488
0 0.371948 0.344637 0.017351 0.015488
0 0.356104 0.345544 0.017351 0.015488
0 0.337922 0.346905 0.017351 0.015488
0 0.319740 0.347132 0.017351 0.015488
0 0.301818 0.348719 0.017351 0.015488
0 0.293506 0.363458 0.017351 0.015488
0 0.285195 0.379558 0.017351 0.015488
0 0.276364 0.395658 0.017351 0.015488
0 0.268312 0.411077 0.017351 0.015488
0 0.258961 0.426723 0.017351 0.015488
0 0.250390 0.441009 0.017351 0.015488
0 0.241818 0.457109 0.017351 0.015488
0 0.232987 0.472982 0.017351 0.015488
0 0.311688 0.363231 0.017351 0.015488
0 0.303117 0.378424 0.017351 0.015488
0 0.295325 0.393390 0.017351 0.015488
0 0.287013 0.409263 0.017351 0.015488
0 0.278442 0.424456 0.017351 0.015488
0 0.270649 0.440329 0.017351 0.015488
0 0.261558 0.455975 0.017351 0.015488
0 0.252727 0.471395 0.017351 0.015488
0 0.328831 0.361871 0.017351 0.015488
0 0.320519 0.377290 0.017351 0.015488
0 0.313766 0.392483 0.017351 0.015488
0 0.304156 0.408129 0.017351 0.015488
0 0.295325 0.422868 0.017351 0.015488
0 0.287013 0.439422 0.017351 0.015488
0 0.279221 0.454388 0.017351 0.015488
0 0.270130 0.470714 0.017351 0.015488
0 0.347532 0.361417 0.017351 0.015488
0 0.337662 0.375249 0.017351 0.015488
0 0.330390 0.390442 0.017351 0.015488
0 0.321558 0.406315 0.017351 0.015488
0 0.311688 0.421735 0.017351 0.015488
0 0.305195 0.436701 0.017351 0.015488
0 0.295844 0.452347 0.017351 0.015488
0 0.287792 0.468900 0.017351 0.015488
0 0.363636 0.359376 0.017351 0.015488
0 0.356364 0.375023 0.017351 0.015488
0 0.348571 0.389308 0.017351 0.015488
0 0.339221 0.404501 0.017351 0.015488
0 0.332208 0.420374 0.017351 0.015488
0 0.323117 0.436474 0.017351 0.015488
0 0.315065 0.452574 0.017351 0.015488
0 0.305714 0.467540 0.017351 0.015488
0 0.323896 0.465726 0.017351 0.015488
0 0.381299 0.358243 0.017351 0.015488
0 0.381558 0.358243 0.017351 0.015488
0 0.374026 0.373209 0.017351 0.015488
0 0.365455 0.389308 0.017351 0.015488
0 0.356364 0.402914 0.017351 0.015488
0 0.529351 0.350760 0.017351 0.015488
0 0.523636 0.363912 0.017351 0.015488
0 0.530390 0.377971 0.017351 0.015488
0 0.522857 0.391349 0.017351 0.015488
0 0.530909 0.405635 0.017351 0.015488
0 0.523377 0.421281 0.017351 0.015488
0 0.516104 0.435113 0.017351 0.015488
0 0.508312 0.450533 0.017351 0.015488
0 0.508831 0.477971 0.017351 0.015488
0 0.499221 0.434887 0.017351 0.015488
0 0.426234 0.428311 0.017351 0.015488
0 0.398442 0.358469 0.017351 0.015488
0 0.415325 0.356655 0.017351 0.015488
0 0.390649 0.373209 0.017351 0.015488
0 0.381558 0.387041 0.017351 0.015488
0 0.373766 0.402687 0.017351 0.015488
0 0.392727 0.401553 0.017351 0.015488
0 0.399740 0.386814 0.017351 0.015488
0 0.406494 0.371848 0.017351 0.015488
0 0.431169 0.355748 0.017351 0.015488
0 0.448065 0.354841 0.017377 0.015488
0 0.464688 0.354161 0.017377 0.015488
0 0.481312 0.353707 0.017377 0.015488
0 0.497935 0.352347 0.017377 0.015488
0 0.513000 0.351667 0.017377 0.015488
0 0.442351 0.426497 0.017377 0.015488
0 0.458455 0.424229 0.017377 0.015488
0 0.476117 0.423095 0.017377 0.015488
0 0.493260 0.423095 0.017377 0.015488
0 0.507805 0.420374 0.017377 0.015488
0 0.516377 0.405635 0.017377 0.015488
0 0.505987 0.366179 0.017377 0.015488
0 0.490143 0.365726 0.017377 0.015488
0 0.475078 0.366859 0.017377 0.015488
0 0.458455 0.367993 0.017377 0.015488
0 0.442091 0.369127 0.017377 0.015488
0 0.424935 0.370714 0.017351 0.015488
0 0.416896 0.385680 0.017377 0.015488
0 0.407286 0.401327 0.017377 0.015488
0 0.431701 0.384773 0.017377 0.015488
0 0.424935 0.398379 0.017351 0.015488
0 0.417143 0.413798 0.017351 0.015488
0 0.449364 0.382732 0.017377 0.015488
0 0.465987 0.382732 0.017377 0.015488
0 0.483377 0.380918 0.017351 0.015488
0 0.497662 0.380011 0.017351 0.015488
0 0.515844 0.378878 0.017351 0.015488
0 0.441818 0.397472 0.017351 0.015488
0 0.434299 0.413345 0.017377 0.015488
0 0.459494 0.398152 0.017377 0.015488
0 0.449883 0.411531 0.017377 0.015488
0 0.474286 0.395431 0.017351 0.015488
0 0.467026 0.409490 0.017377 0.015488
0 0.490922 0.394297 0.017377 0.015488
0 0.506506 0.392937 0.017377 0.015488
0 0.484169 0.408583 0.017377 0.015488
0 0.498195 0.408356 0.017377 0.015488
0 0.410234 0.486667 0.017351 0.015510
0 0.428156 0.485068 0.017351 0.015488
0 0.444000 0.483027 0.017351 0.015488
0 0.501403 0.465578 0.017351 0.015510
0 0.475961 0.452653 0.017377 0.015510
0 0.459078 0.453107 0.017377 0.015510
0 0.427909 0.457857 0.017377 0.015488
0 0.435169 0.470113 0.017351 0.015510
0 0.451532 0.468288 0.017351 0.015488
0 0.428675 0.515238 0.017351 0.015510
0 0.433351 0.441542 0.017351 0.015510
0 0.418818 0.442211 0.017377 0.015488
0 0.679494 0.314592 0.014519 0.013628
0 0.664169 0.315045 0.014519 0.013628
0 0.650662 0.315499 0.014519 0.013628
0 0.635338 0.316406 0.014519 0.013628
0 0.628584 0.330238 0.014519 0.013628
0 0.644429 0.330238 0.014519 0.013628
0 0.658974 0.329331 0.014519 0.013628
0 0.673519 0.328197 0.014519 0.013628
0 0.621312 0.344977 0.014519 0.013628
0 0.636377 0.343617 0.014519 0.013628
0 0.651701 0.343163 0.014519 0.013628
0 0.667286 0.342483 0.014519 0.013628
0 0.614039 0.359490 0.014519 0.013628
0 0.629364 0.358356 0.014519 0.013628
0 0.607026 0.372868 0.014519 0.013628
0 0.622351 0.371735 0.014519 0.013628
0 0.636896 0.370828 0.014519 0.013628
0 0.651442 0.369014 0.014519 0.013628
0 0.643909 0.357449 0.014519 0.013628
0 0.659234 0.356088 0.014519 0.013628
0 0.558364 0.264444 0.012987 0.011111
0 0.572623 0.265011 0.012987 0.011111
0 0.589013 0.263651 0.012987 0.011111
0 0.604597 0.263651 0.012987 0.011111
0 0.618623 0.262290 0.012987 0.011111
0 0.634727 0.261610 0.012987 0.011111
0 0.648494 0.260930 0.012987 0.011111
0 0.566935 0.278844 0.012987 0.011111
0 0.581974 0.277710 0.012987 0.011111
0 0.597558 0.277483 0.012987 0.011111
0 0.612649 0.277029 0.012987 0.011111
0 0.627169 0.276349 0.012987 0.011111
0 0.559403 0.292676 0.012987 0.011111
0 0.567195 0.306054 0.012987 0.011111
0 0.559143 0.320567 0.012987 0.011111
0 0.560701 0.348685 0.012987 0.011111
0 0.567974 0.334172 0.012987 0.011111
0 0.642753 0.275442 0.012987 0.011111
0 0.634961 0.289955 0.012987 0.011111
0 0.628727 0.302653 0.012987 0.011111
0 0.622234 0.316032 0.012987 0.011111
0 0.613948 0.331678 0.012987 0.011111
0 0.606844 0.346168 0.014364 0.013787
0 0.598857 0.360249 0.012987 0.011111
0 0.592649 0.372948 0.012987 0.011111
0 0.585610 0.388141 0.012987 0.011111
0 0.577325 0.401746 0.012987 0.011111
0 0.570026 0.416939 0.012987 0.011111
0 0.578727 0.429546 0.012987 0.011111
0 0.593792 0.428413 0.012987 0.011111
0 0.609117 0.427959 0.012987 0.011111
0 0.624416 0.426599 0.012987 0.011111
0 0.607558 0.400295 0.012987 0.011111
0 0.570156 0.390091 0.012987 0.011111
0 0.563403 0.403243 0.012987 0.011111
0 0.561312 0.375726 0.014519 0.013628
0 0.592481 0.400760 0.014519 0.013628
0 0.585727 0.415499 0.014519 0.013628
0 0.600532 0.414365 0.014519 0.013628
0 0.615597 0.413685 0.014519 0.013628
0 0.630922 0.413458 0.014519 0.013628
0 0.640013 0.425930 0.014519 0.013628
0 0.646247 0.411417 0.014519 0.013628
0 0.652740 0.397132 0.014519 0.013628
0 0.659753 0.382392 0.014519 0.013628
0 0.666506 0.368107 0.014519 0.013628
0 0.673779 0.354955 0.014519 0.013628
0 0.680532 0.340669 0.014519 0.013628
0 0.686506 0.326837 0.014519 0.013628
0 0.693519 0.313912 0.014519 0.013628
0 0.622351 0.399626 0.014519 0.013628
0 0.637156 0.398492 0.014519 0.013628
0 0.577416 0.374909 0.014519 0.013628
0 0.568584 0.361077 0.014519 0.013628
0 0.583909 0.360397 0.014519 0.013628
0 0.575338 0.347472 0.014519 0.013628
0 0.591701 0.347018 0.014519 0.013628
0 0.598455 0.332279 0.014519 0.013628
0 0.582351 0.333413 0.014519 0.013628
0 0.700792 0.300079 0.014519 0.013628
0 0.707805 0.285113 0.014519 0.013628
0 0.714558 0.272642 0.014519 0.013628
0 0.720792 0.258810 0.014519 0.013628
0 0.574818 0.292143 0.014519 0.013628
0 0.574299 0.320714 0.014519 0.013628
0 0.581571 0.306882 0.014519 0.013628
0 0.589883 0.291689 0.014519 0.013628
0 0.589883 0.319807 0.014519 0.013628
0 0.598195 0.304841 0.014519 0.013628
0 0.604169 0.289875 0.014519 0.013628
0 0.621312 0.290329 0.014519 0.013628
0 0.613779 0.304615 0.014519 0.013628
0 0.606506 0.318900 0.014519 0.013628
0 0.663909 0.260624 0.014519 0.013628
0 0.679753 0.260170 0.014519 0.013628
0 0.693260 0.259717 0.014519 0.013628
0 0.706506 0.260170 0.014519 0.013628
0 0.656896 0.275136 0.014519 0.013628
0 0.672481 0.274456 0.014519 0.013628
0 0.685727 0.274456 0.014519 0.013628
0 0.700792 0.274002 0.014519 0.013628
0 0.599234 0.386927 0.014519 0.013628
0 0.614818 0.386474 0.014519 0.013628
0 0.630403 0.384887 0.014519 0.013628
0 0.644169 0.384433 0.014519 0.013628
0 0.650922 0.289875 0.014519 0.013628
0 0.665208 0.288968 0.014519 0.013628
0 0.680013 0.287608 0.014519 0.013628
0 0.693779 0.288061 0.014519 0.013628
0 0.643130 0.302347 0.014519 0.013628
0 0.657935 0.302347 0.014519 0.013628
0 0.672221 0.301440 0.014519 0.013628
0 0.687545 0.301213 0.014519 0.013628
0 0.317039 0.570249 0.013766 0.012698
0 0.299714 0.571769 0.013766 0.012698
0 0.280208 0.574422 0.013766 0.012698
0 0.262857 0.575941 0.013766 0.012698
0 0.244234 0.577460 0.013766 0.012698
0 0.253169 0.561882 0.013766 0.012698
0 0.270935 0.560839 0.013766 0.012698
0 0.290182 0.558730 0.013766 0.012698
0 0.306753 0.557166 0.013766 0.012698
0 0.325117 0.554535 0.013766 0.012698
0 0.343481 0.552948 0.013766 0.012698
0 0.360623 0.550862 0.013766 0.012698
0 0.378390 0.548481 0.013766 0.012698
0 0.394935 0.547438 0.013766 0.012698
0 0.412701 0.545850 0.013766 0.012698
0 0.428364 0.543220 0.013766 0.012698
0 0.218364 0.626780 0.016883 0.014512
0 0.236104 0.624150 0.016883 0.014512
0 0.253870 0.622041 0.016883 0.014512
0 0.273143 0.619433 0.016883 0.014512
0 0.291506 0.617846 0.016883 0.014512
0 0.307143 0.615737 0.016883 0.014512
0 0.327610 0.613651 0.016883 0.014512
0 0.343273 0.611542 0.016883 0.014512
0 0.361948 0.608912 0.016883 0.014512
0 0.380000 0.608639 0.016883 0.014512
0 0.396545 0.605488 0.016883 0.014512
0 0.412805 0.603129 0.016883 0.014512
0 0.429662 0.601293 0.016883 0.014512
0 0.446208 0.598662 0.016883 0.014512
0 0.463377 0.597347 0.016883 0.014512
0 0.478727 0.594717 0.016883 0.014512
0 0.496805 0.593401 0.016883 0.014512
0 0.511532 0.591315 0.016883 0.014512
0 0.527506 0.590000 0.016883 0.014512
0 0.519662 0.574490 0.016883 0.014512
0 0.504623 0.577120 0.016883 0.014512
0 0.487169 0.579229 0.016883 0.014512
0 0.454649 0.583424 0.016883 0.014512
0 0.438987 0.585261 0.016883 0.014512
0 0.421247 0.587619 0.016883 0.014512
0 0.388727 0.590794 0.016883 0.014512
0 0.369455 0.593673 0.016883 0.014512
0 0.353506 0.596304 0.016883 0.014512
0 0.317403 0.598934 0.016883 0.014512
0 0.299922 0.601814 0.016883 0.014512
0 0.281870 0.604195 0.016883 0.014512
0 0.263195 0.605238 0.016883 0.014512
0 0.246052 0.608390 0.016883 0.014512
0 0.225584 0.610227 0.016883 0.014512
0 0.234312 0.593401 0.016883 0.014512
0 0.253273 0.592630 0.016883 0.014512
0 0.272234 0.589728 0.016883 0.014512
0 0.290286 0.587370 0.016883 0.014512
0 0.309247 0.585533 0.016883 0.014512
0 0.327013 0.583673 0.016883 0.014512
0 0.344182 0.583673 0.016883 0.014512
0 0.361636 0.580794 0.016883 0.014512
0 0.378182 0.578685 0.016883 0.014512
0 0.395662 0.576327 0.016883 0.014512
0 0.411610 0.574490 0.016883 0.014512
0 0.430260 0.572653 0.016883 0.014512
0 0.446208 0.570023 0.016883 0.014512
0 0.462182 0.568435 0.016883 0.014512
0 0.478130 0.566871 0.016883 0.014512
0 0.495299 0.564512 0.016883 0.014512
0 0.510935 0.563447 0.016883 0.014512
0 0.527792 0.560295 0.016883 0.014512
0 0.534727 0.547415 0.016883 0.014512
0 0.518468 0.547937 0.016883 0.014512
0 0.502208 0.549524 0.016883 0.014512
0 0.486857 0.551633 0.016883 0.014512
0 0.470909 0.553469 0.016883 0.014512
0 0.453740 0.553991 0.016883 0.014512
0 0.436597 0.557664 0.016883 0.014512
0 0.421844 0.558980 0.016883 0.014512
0 0.403481 0.561088 0.016883 0.014512
0 0.385714 0.562132 0.016883 0.014512
0 0.316987 0.541043 0.016883 0.014512
0 0.298675 0.542925 0.016883 0.014512
0 0.282000 0.544785 0.016883 0.014512
0 0.264208 0.546667 0.016883 0.014512
0 0.307844 0.526927 0.016883 0.014490
0 0.291143 0.529274 0.016883 0.014512
0 0.272831 0.529751 0.016883 0.014512
0 0.154883 0.712177 0.016883 0.014512
0 0.145221 0.729229 0.016883 0.014512
0 0.161844 0.695488 0.016883 0.014512
0 0.172675 0.678776 0.016883 0.014512
0 0.182416 0.662381 0.016883 0.014512
0 0.191091 0.645986 0.016883 0.014512
0 0.198312 0.629909 0.016883 0.014512
0 0.208078 0.612245 0.016883 0.014512
0 0.217818 0.597732 0.016883 0.014512
0 0.226857 0.580385 0.016883 0.014512
0 0.234442 0.563673 0.016883 0.014512
0 0.244208 0.548549 0.016883 0.014512
0 0.253896 0.531565 0.016883 0.014512
0 0.161351 0.602880 0.016883 0.014512
0 0.152727 0.618390 0.016883 0.014512
0 0.143039 0.636259 0.016883 0.014512
0 0.132260 0.651315 0.016883 0.014512
0 0.123091 0.668254 0.016883 0.014512
0 0.113403 0.654127 0.016883 0.014512
0 0.123091 0.637211 0.016883 0.014512
0 0.132805 0.620748 0.016883 0.014512
0 0.140883 0.603832 0.016883 0.014512
0 0.152182 0.586893 0.016883 0.014512
0 0.159247 0.571111 0.016883 0.014512
0 0.169351 0.555442 0.016883 0.014512
0 0.104078 0.639297 0.016883 0.014512
0 0.112390 0.622517 0.016883 0.014512
0 0.121740 0.607778 0.016883 0.014512
0 0.132130 0.590998 0.016883 0.014512
0 0.140442 0.573311 0.016883 0.014512
0 0.149532 0.556757 0.016883 0.014512
0 0.130312 0.559025 0.016883 0.014512
0 0.120701 0.575125 0.016883 0.014512
0 0.111091 0.591678 0.016883 0.014512
0 0.102779 0.609819 0.016883 0.014512
0 0.093169 0.593265 0.016883 0.014512
0 0.100961 0.577392 0.016883 0.014512
0 0.111610 0.561066 0.016883 0.014512
0 0.178364 0.538844 0.013766 0.012698
0 0.160182 0.541111 0.013766 0.012698
0 0.139403 0.542472 0.013766 0.012698
0 0.120701 0.544966 0.013766 0.012698
0 0.100701 0.545873 0.013766 0.012698
0 0.136130 0.715510 0.016883 0.014512
0 0.143922 0.698639 0.016883 0.014512
0 0.152961 0.681769 0.016883 0.014512
0 0.162312 0.664898 0.016883 0.014512
0 0.171662 0.647211 0.016883 0.014512
0 0.180701 0.631429 0.016883 0.014512
0 0.190364 0.614014 0.016883 0.014512
0 0.198156 0.598776 0.016883 0.014512
0 0.207818 0.582449 0.016883 0.014512
0 0.215922 0.565578 0.016883 0.014512
0 0.225896 0.550884 0.016883 0.014512
0 0.234623 0.534286 0.016883 0.014512
0 0.134260 0.683946 0.016883 0.014512
0 0.142364 0.667075 0.016883 0.014512
0 0.152338 0.650476 0.016883 0.014512
0 0.161377 0.633333 0.016883 0.014512
0 0.170416 0.617551 0.016883 0.014512
0 0.179143 0.600680 0.016883 0.014512
0 0.188805 0.584898 0.016883 0.014512
0 0.198468 0.568571 0.016883 0.014512
0 0.205325 0.552517 0.016883 0.014512
0 0.216545 0.536190 0.016883 0.014512
0 0.170104 0.587075 0.016883 0.014512
0 0.179143 0.571020 0.016883 0.014512
0 0.188805 0.553605 0.016883 0.014512
0 0.196909 0.537551 0.016883 0.014512
0 0.336156 0.596621 0.013766 0.012698
0 0.403948 0.588005 0.013766 0.012698
0 0.471740 0.580295 0.013766 0.012698
0 0.419273 0.530862 0.013766 0.012698
0 0.403688 0.531769 0.013766 0.012698
0 0.386260 0.533356 0.013766 0.012698
0 0.369636 0.535624 0.013766 0.012698
0 0.334312 0.538798 0.013766 0.012698
0 0.351455 0.536757 0.013766 0.012698
0 0.325221 0.524512 0.013766 0.012698
0 0.525481 0.532902 0.013766 0.012698
0 0.508597 0.534943 0.013766 0.012698
0 0.445766 0.541746 0.013766 0.012698
0 0.494312 0.536304 0.013766 0.012698
0 0.478727 0.537664 0.013766 0.012698
0 0.462130 0.539252 0.013766 0.012698
0 0.436416 0.528141 0.013766 0.012698
0 0.510442 0.507052 0.013766 0.012698
0 0.501844 0.521565 0.013766 0.012698
0 0.517195 0.519977 0.013766 0.012698
0 0.535610 0.573946 0.013766 0.012698
0 0.565740 0.570091 0.013766 0.012698
0 0.581610 0.567143 0.013766 0.012698
0 0.597948 0.565329 0.013766 0.012698
0 0.612779 0.564875 0.013766 0.012698
0 0.627584 0.563061 0.013766 0.012698
0 0.573039 0.554898 0.013766 0.012698
0 0.589922 0.553311 0.013766 0.012698
0 0.604208 0.551723 0.013766 0.012698
0 0.619273 0.551270 0.013766 0.012698
0 0.634857 0.548549 0.013766 0.012698
0 0.641870 0.561474 0.013766 0.012698
0 0.657195 0.559433 0.013766 0.012698
0 0.671221 0.557619 0.013766 0.012698
0 0.685506 0.556485 0.013766 0.012698
0 0.700805 0.554444 0.013766 0.012698
0 0.566779 0.542426 0.013766 0.012698
0 0.581870 0.540385 0.013766 0.012698
0 0.596649 0.538571 0.013766 0.012698
0 0.612000 0.537891 0.013766 0.012698
0 0.627818 0.535170 0.013766 0.012698
0 0.649662 0.547415 0.013766 0.012698
0 0.664987 0.545147 0.013766 0.012698
0 0.679273 0.543560 0.013766 0.012698
0 0.694597 0.541746 0.013766 0.012698
0 0.714831 0.553084 0.013766 0.012698
0 0.707584 0.539478 0.013766 0.012698
0 0.728364 0.550816 0.013766 0.012698
0 0.743403 0.549002 0.013766 0.012698
0 0.756935 0.548549 0.013766 0.012698
0 0.764182 0.505918 0.013766 0.012698
0 0.756935 0.495261 0.013766 0.012698
0 0.770675 0.494127 0.013766 0.012698
0 0.763688 0.481655 0.013766 0.012698
0 0.804701 0.478254 0.013766 0.012698
0 0.803143 0.504104 0.013766 0.012698
0 0.816390 0.501837 0.013766 0.012698
0 0.810935 0.489592 0.013766 0.012698
0 0.693013 0.515669 0.013766 0.012698
0 0.706286 0.514082 0.013766 0.012698
0 0.699247 0.501610 0.013766 0.012698
0 0.685766 0.503197 0.013766 0.012698
0 0.678234 0.517029 0.013766 0.012698
0 0.852753 0.510907 0.013766 0.012698
0 0.864987 0.510454 0.013766 0.012698
0 0.843662 0.499342 0.013766 0.012698
0 0.858234 0.499116 0.013766 0.012698
0 0.867844 0.496395 0.013766 0.012698
0 0.851195 0.485283 0.013766 0.012698
0 0.865481 0.485510 0.013766 0.012698
0 0.844961 0.473265 0.013766 0.012698
0 0.858753 0.472132 0.013766 0.012698
0 0.868338 0.471678 0.013766 0.012698
0 0.898753 0.506599 0.013766 0.012698
0 0.896909 0.493673 0.013766 0.012698
0 0.899506 0.480068 0.013766 0.012698
0 0.908338 0.491859 0.013766 0.012698
0 0.913299 0.505465 0.013766 0.012698
0 0.604390 0.524172 0.013766 0.012698
0 0.618156 0.523492 0.013766 0.012698
0 0.588805 0.526213 0.013766 0.012698
0 0.573221 0.528254 0.013766 0.012698
0 0.626727 0.509660 0.013766 0.012698
0 0.610883 0.510340 0.013766 0.012698
0 0.596857 0.510567 0.013766 0.012698
0 0.640234 0.506939 0.013766 0.012698
0 0.634519 0.521451 0.013766 0.012698
0 0.641273 0.533469 0.013766 0.012698
0 0.657117 0.531429 0.013766 0.012698
0 0.672182 0.530068 0.013766 0.012698
0 0.685948 0.528254 0.013766 0.012698
0 0.692442 0.489025 0.013766 0.012698
0 0.707506 0.486531 0.013766 0.012698
0 0.700494 0.527800 0.013766 0.012698
0 0.714519 0.499456 0.013766 0.012698
0 0.721273 0.486531 0.013766 0.012698
0 0.721792 0.511474 0.013766 0.012698
0 0.714779 0.525533 0.013766 0.012698
0 0.721532 0.538458 0.013766 0.012698
0 0.734779 0.536871 0.013766 0.012698
0 0.837636 0.538231 0.013766 0.012698
0 0.825688 0.539819 0.013766 0.012698
0 0.811922 0.540952 0.013766 0.012698
0 0.799195 0.542766 0.013766 0.012698
0 0.784909 0.544127 0.013766 0.012698
0 0.770364 0.546168 0.013766 0.012698
0 0.750104 0.535737 0.013766 0.012698
0 0.764649 0.533923 0.013766 0.012698
0 0.850883 0.536644 0.013766 0.012698
0 0.876597 0.534150 0.013766 0.012698
0 0.864649 0.534830 0.013766 0.012698
0 0.909325 0.518050 0.013766 0.012698
0 0.830623 0.447982 0.013766 0.012698
0 0.843091 0.446848 0.013766 0.012698
0 0.855299 0.445714 0.013766 0.012698
0 0.868805 0.445034 0.013766 0.012698
0 0.817377 0.450703 0.013766 0.012698
0 0.803610 0.451837 0.013766 0.012698
0 0.769325 0.441859 0.013766 0.012698
0 0.783351 0.441406 0.013766 0.012698
0 0.796338 0.440499 0.013766 0.012698
0 0.809584 0.438231 0.013766 0.012698
0 0.822312 0.437324 0.013766 0.012698
0 0.836078 0.435510 0.013766 0.012698
0 0.848545 0.434150 0.013766 0.012698
0 0.862052 0.433016 0.013766 0.012698
0 0.788545 0.426893 0.013766 0.012698
0 0.802571 0.425306 0.013766 0.012698
0 0.816078 0.424172 0.013766 0.012698
0 0.829065 0.423039 0.013766 0.012698
0 0.842312 0.421224 0.013766 0.012698
0 0.856078 0.420317 0.013766 0.012698
0 0.875299 0.430975 0.013766 0.012698
0 0.888545 0.429161 0.013766 0.012698
0 0.881273 0.444127 0.013766 0.012698
0 0.868805 0.419410 0.013766 0.012698
0 0.881792 0.418277 0.013766 0.012698
0 0.896857 0.442540 0.013766 0.012698
0 0.762831 0.455465 0.013766 0.012698
0 0.461273 0.482902 0.013766 0.012698
0 0.755299 0.442086 0.013766 0.012698
0 0.741532 0.444354 0.013766 0.012698
0 0.720753 0.459546 0.013766 0.012698
0 0.727247 0.445714 0.013766 0.012698
0 0.706208 0.460907 0.013766 0.012698
0 0.712442 0.445941 0.013766 0.012698
0 0.691662 0.462494 0.013766 0.012698
0 0.677896 0.462494 0.013766 0.012698
0 0.696857 0.447528 0.013766 0.012698
0 0.683610 0.449342 0.013766 0.012698
0 0.775558 0.428254 0.013766 0.012698
0 0.761273 0.428707 0.013766 0.012698
0 0.748286 0.430295 0.013766 0.012698
0 0.734519 0.431202 0.013766 0.012698
0 0.719195 0.432562 0.013766 0.012698
0 0.705948 0.433469 0.013766 0.012698
0 0.690623 0.435510 0.013766 0.012698
0 0.669065 0.450249 0.013766 0.012698
0 0.675558 0.436644 0.013766 0.012698
0 0.602312 0.469751 0.013766 0.012698
0 0.609844 0.455918 0.013766 0.012698
0 0.630623 0.439592 0.013766 0.012698
0 0.616338 0.440726 0.013766 0.012698
0 0.586468 0.442313 0.013766 0.012698
0 0.595039 0.455465 0.013766 0.012698
0 0.601792 0.441859 0.013766 0.012698
0 0.570364 0.472472 0.013766 0.012698
0 0.563610 0.459546 0.013766 0.012698
0 0.828286 0.397415 0.013766 0.012698
0 0.815039 0.398549 0.013766 0.012698
0 0.834000 0.384490 0.013766 0.012698
0 0.820234 0.384490 0.013766 0.012698
0 0.801273 0.399456 0.013766 0.012698
0 0.841013 0.395828 0.013766 0.012698
0 0.847766 0.383356 0.013766 0.012698
0 0.807766 0.385850 0.013766 0.012698
0 0.788026 0.400363 0.013766 0.012698
0 0.794000 0.386757 0.013766 0.012698
0 0.773740 0.401270 0.013766 0.012698
0 0.779455 0.387438 0.013766 0.012698
0 0.759714 0.402857 0.013766 0.012698
0 0.766468 0.388571 0.013766 0.012698
0 0.746468 0.403537 0.013766 0.012698
0 0.752182 0.389705 0.013766 0.012698
0 0.853481 0.369070 0.013766 0.012698
0 0.840234 0.371338 0.013766 0.012698
0 0.826987 0.372018 0.013766 0.012698
0 0.813740 0.372925 0.013766 0.012698
0 0.801532 0.373379 0.013766 0.012698
0 0.788026 0.373832 0.013766 0.012698
0 0.774000 0.375420 0.013766 0.012698
0 0.760753 0.376100 0.013766 0.012698
0 0.860753 0.380408 0.013766 0.012698
0 0.854779 0.394921 0.013766 0.012698
0 0.868026 0.393787 0.013766 0.012698
0 0.732182 0.404898 0.013766 0.012698
0 0.738935 0.391293 0.013766 0.012698
0 0.745688 0.377007 0.013766 0.012698
0 0.846987 0.357279 0.013766 0.012698
0 0.833481 0.358186 0.013766 0.012698
0 0.820234 0.358866 0.013766 0.012698
0 0.807506 0.359546 0.013766 0.012698
0 0.793740 0.360000 0.013766 0.012698
0 0.778935 0.361587 0.013766 0.012698
0 0.766727 0.362721 0.013766 0.012698
0 0.752442 0.364308 0.013766 0.012698
0 0.840753 0.344354 0.013766 0.012698
0 0.826468 0.345941 0.013766 0.012698
0 0.812961 0.346621 0.013766 0.012698
0 0.799714 0.346168 0.013766 0.012698
0 0.786468 0.348209 0.013766 0.012698
0 0.772442 0.348662 0.013766 0.012698
0 0.759714 0.349569 0.013766 0.012698
0 0.718156 0.405351 0.013766 0.012698
0 0.724390 0.391973 0.013766 0.012698
0 0.731922 0.377687 0.013766 0.012698
0 0.738416 0.364535 0.013766 0.012698
0 0.745429 0.351156 0.013766 0.012698
0 0.689091 0.408073 0.013766 0.012698
0 0.695844 0.393787 0.013766 0.012698
0 0.703636 0.379955 0.013766 0.012698
0 0.709610 0.365896 0.013766 0.012698
0 0.716883 0.352744 0.013766 0.012698
0 0.885974 0.380181 0.013766 0.012698
0 0.892727 0.367256 0.013766 0.012698
0 0.879481 0.367710 0.013766 0.012698
0 0.886234 0.354331 0.013766 0.012698
0 0.871688 0.355465 0.013766 0.012698
0 0.879221 0.342766 0.013766 0.012698
0 0.865714 0.343447 0.013766 0.012698
0 0.853247 0.343220 0.013766 0.012698
0 0.859740 0.355692 0.013766 0.012698
0 0.866753 0.368390 0.013766 0.012698
0 0.873766 0.379728 0.013766 0.012698
0 0.880000 0.392880 0.013766 0.012698
0 0.894026 0.392200 0.013766 0.012698
0 0.675584 0.408299 0.013766 0.012698
0 0.681818 0.395147 0.013766 0.012698
0 0.688312 0.381315 0.013766 0.012698
0 0.695065 0.367483 0.013766 0.012698
0 0.702338 0.353197 0.013766 0.012698
0 0.871169 0.329841 0.013766 0.012698
0 0.859221 0.330748 0.013766 0.012698
0 0.845455 0.332109 0.013766 0.012698
0 0.833506 0.333016 0.013766 0.012698
0 0.819221 0.332789 0.013766 0.012698
0 0.806494 0.333923 0.013766 0.012698
0 0.792987 0.334150 0.013766 0.012698
0 0.778182 0.335283 0.013766 0.012698
0 0.765714 0.335964 0.013766 0.012698
0 0.751948 0.336871 0.013766 0.012698
0 0.737662 0.338458 0.013766 0.012698
0 0.723896 0.338685 0.013766 0.012698
0 0.864416 0.317823 0.013766 0.012698
0 0.851688 0.318957 0.013766 0.012698
0 0.839740 0.319637 0.013766 0.012698
0 0.825455 0.319864 0.013766 0.012698
0 0.812987 0.320771 0.013766 0.012698
0 0.799740 0.321224 0.013766 0.012698
0 0.786234 0.322358 0.013766 0.012698
0 0.772468 0.323492 0.013766 0.012698
0 0.757403 0.323265 0.013766 0.012698
0 0.745195 0.323946 0.013766 0.012698
0 0.730909 0.325306 0.013766 0.012698
0 0.899221 0.403537 0.013766 0.012698
0 0.887273 0.405351 0.013766 0.012698
0 0.874026 0.406259 0.013766 0.012698
0 0.861818 0.407619 0.013766 0.012698
0 0.848052 0.407619 0.013766 0.012698
0 0.834805 0.408980 0.013766 0.012698
0 0.821558 0.410113 0.013766 0.012698
0 0.808571 0.411247 0.013766 0.012698
0 0.794805 0.412608 0.013766 0.012698
0 0.781299 0.414195 0.013766 0.012698
0 0.767532 0.414195 0.013766 0.012698
0 0.754286 0.417143 0.013766 0.012698
0 0.740260 0.416916 0.013766 0.012698
0 0.726234 0.418277 0.013766 0.012698
0 0.711429 0.420771 0.013766 0.012698
0 0.696883 0.421678 0.013766 0.012698
0 0.683117 0.422358 0.013766 0.012698
0 0.668312 0.423265 0.013766 0.012698
0 0.654026 0.424853 0.013766 0.012698
0 0.660519 0.411247 0.013766 0.012698
0 0.667532 0.396054 0.013766 0.012698
0 0.674545 0.381315 0.013766 0.012698
0 0.682597 0.368390 0.013766 0.012698
0 0.689273 0.353356 0.013766 0.012698
0 0.709481 0.340023 0.013766 0.012698
0 0.716753 0.325397 0.013766 0.012698
0 0.737403 0.312245 0.014286 0.012698
0 0.752208 0.312018 0.014286 0.012698
0 0.766234 0.310431 0.014286 0.012698
0 0.778701 0.309977 0.014286 0.012698
0 0.791948 0.309524 0.014286 0.012698
0 0.805714 0.309070 0.014286 0.012698
0 0.820260 0.307710 0.014286 0.012698
0 0.832208 0.307710 0.014286 0.012698
0 0.846753 0.307029 0.014286 0.012698
0 0.858961 0.306122 0.014286 0.012698
0 0.872208 0.305442 0.014286 0.012698
0 0.865195 0.292517 0.014286 0.012698
0 0.852208 0.293651 0.014286 0.012698
0 0.839221 0.294331 0.014286 0.012698
0 0.825974 0.294785 0.014286 0.012698
0 0.813247 0.295011 0.014286 0.012698
0 0.798442 0.296825 0.014286 0.012698
0 0.785195 0.296599 0.014286 0.012698
0 0.771429 0.296825 0.014286 0.012698
0 0.757403 0.298186 0.014286 0.012698
0 0.743377 0.298866 0.014286 0.012698
0 0.722857 0.312245 0.014286 0.012698
0 0.729870 0.298866 0.014286 0.012698
0 0.693506 0.339683 0.014286 0.012698
0 0.701558 0.327211 0.014286 0.012698
0 0.708312 0.313152 0.014286 0.012698
0 0.715844 0.299546 0.014286 0.012698
0 0.844156 0.281406 0.014286 0.012698
0 0.832208 0.280952 0.014286 0.012698
0 0.819481 0.282086 0.014286 0.012698
0 0.805455 0.282540 0.014286 0.012698
0 0.791429 0.283447 0.014286 0.012698
0 0.777662 0.283447 0.014286 0.012698
0 0.763377 0.283900 0.014286 0.012698
0 0.750390 0.285261 0.014286 0.012698
0 0.737922 0.285261 0.014286 0.012698
0 0.722078 0.285261 0.014286 0.012698
0 0.728312 0.271429 0.014286 0.012698
0 0.743896 0.270522 0.014286 0.012698
0 0.758961 0.270748 0.014286 0.012698
0 0.769610 0.270295 0.014286 0.012698
0 0.784935 0.270295 0.014286 0.012698
0 0.797922 0.270068 0.014286 0.012698
0 0.811688 0.268934 0.014286 0.012698
0 0.825195 0.268707 0.014286 0.012698
0 0.838182 0.268481 0.014286 0.012698
0 0.857662 0.280726 0.014286 0.012698
0 0.850390 0.267347 0.014286 0.012698
0 0.907532 0.442404 0.014286 0.012698
0 0.900000 0.429478 0.014286 0.012698
0 0.908052 0.416553 0.014286 0.012698
0 0.911429 0.403628 0.014286 0.012698
0 0.906234 0.390476 0.014286 0.012698
0 0.899481 0.379138 0.014286 0.012698
0 0.903896 0.367120 0.014286 0.012698
0 0.897403 0.353968 0.014286 0.012698
0 0.892208 0.341497 0.014286 0.012698
0 0.885195 0.329478 0.014286 0.012698
0 0.878182 0.316780 0.014286 0.012698
0 0.883636 0.304762 0.014286 0.012698
0 0.877403 0.292063 0.014286 0.012698
0 0.871169 0.279138 0.014286 0.012698
0 0.863636 0.267574 0.014286 0.012698
0 0.856623 0.254422 0.014286 0.012698
0 0.843117 0.255102 0.014286 0.012698
0 0.831169 0.255782 0.014286 0.012698
0 0.818442 0.255782 0.014286 0.012698
0 0.804156 0.256236 0.014286 0.012698
0 0.790909 0.256463 0.014286 0.012698
0 0.777143 0.256463 0.014286 0.012698
0 0.763117 0.257143 0.014286 0.012698
0 0.749610 0.257596 0.014286 0.012698
0 0.735455 0.258050 0.014286 0.012698
0 0.893195 0.417029 0.013766 0.012698
0 0.703844 0.406599 0.013766 0.012698
0 0.711117 0.392766 0.013766 0.012698
0 0.717870 0.378934 0.013766 0.012698
0 0.723844 0.365329 0.013766 0.012698
0 0.730857 0.351043 0.013766 0.012698
0 0.708416 0.647755 0.014805 0.013832
0 0.638364 0.658345 0.014805 0.013832
0 0.622468 0.660317 0.014805 0.013832
0 0.606935 0.661451 0.014805 0.013832
0 0.591377 0.665397 0.014805 0.013832
0 0.696052 0.650136 0.014805 0.013832
0 0.683091 0.652404 0.014805 0.013832
0 0.667532 0.652948 0.014805 0.013832
0 0.652286 0.656349 0.014805 0.013832
0 0.891377 0.608435 0.014805 0.013832
0 0.879403 0.610317 0.014805 0.013832
0 0.867974 0.612358 0.014805 0.013832
0 0.853429 0.613946 0.014805 0.013832
0 0.840182 0.615533 0.014805 0.013832
0 0.827714 0.618254 0.014805 0.013832
0 0.813429 0.620068 0.014805 0.013832
0 0.800442 0.621655 0.014805 0.013832
0 0.787974 0.623469 0.014805 0.013832
0 0.772909 0.624603 0.014805 0.013832
0 0.758883 0.627778 0.014805 0.013832
0 0.744857 0.628912 0.014805 0.013832
0 0.730831 0.630272 0.014805 0.013832
0 0.716805 0.632540 0.014805 0.013832
0 0.702519 0.635034 0.014805 0.013832
0 0.690052 0.637075 0.014805 0.013832
0 0.673688 0.639796 0.014805 0.013832
0 0.658623 0.642063 0.014805 0.013832
0 0.645117 0.643878 0.014805 0.013832
0 0.629013 0.645238 0.014805 0.013832
0 0.614468 0.647279 0.014805 0.013832
0 0.599403 0.649320 0.014805 0.013832
0 0.584078 0.651814 0.014805 0.013832
0 0.872909 0.598299 0.014805 0.013832
0 0.859143 0.600113 0.014805 0.013832
0 0.846701 0.602472 0.014805 0.013832
0 0.832468 0.605011 0.014805 0.013832
0 0.819506 0.605828 0.014805 0.013832
0 0.809766 0.607075 0.014805 0.013832
0 0.795377 0.608435 0.014805 0.013832
0 0.767377 0.611837 0.014805 0.013832
0 0.753766 0.613537 0.014805 0.013832
0 0.738597 0.616599 0.014805 0.013832
0 0.723455 0.618957 0.014805 0.013832
0 0.709818 0.621338 0.014805 0.013832
0 0.694286 0.622358 0.014805 0.013832
0 0.680649 0.624059 0.014805 0.013832
0 0.665896 0.625760 0.014805 0.013832
0 0.651896 0.627460 0.014805 0.013832
0 0.636727 0.630159 0.014805 0.013832
0 0.621558 0.632200 0.014805 0.013832
0 0.606779 0.634580 0.014805 0.013832
0 0.590442 0.635941 0.014805 0.013832
0 0.583818 0.623379 0.014805 0.013832
0 0.598208 0.621678 0.014805 0.013832
0 0.612597 0.619297 0.014805 0.013832
0 0.628935 0.616916 0.014805 0.013832
0 0.644104 0.614218 0.014805 0.013832
0 0.658883 0.613197 0.014805 0.013832
0 0.673273 0.610476 0.014805 0.013832
0 0.688831 0.609456 0.014805 0.013832
0 0.702052 0.607075 0.014805 0.013832
0 0.715662 0.605714 0.014805 0.013832
0 0.730442 0.604354 0.014805 0.013832
0 0.745221 0.603356 0.014805 0.013832
0 0.760000 0.600635 0.014805 0.013832
0 0.772831 0.598934 0.014805 0.013832
0 0.787221 0.596893 0.014805 0.013832
0 0.800442 0.595873 0.014805 0.013832
0 0.812883 0.594512 0.014805 0.013832
0 0.827273 0.591791 0.014805 0.013832
0 0.840104 0.590454 0.014805 0.013832
0 0.852935 0.589093 0.014805 0.013832
0 0.865792 0.587052 0.014805 0.013832
0 0.878234 0.584671 0.014805 0.013832
0 0.891844 0.582971 0.014805 0.013832
0 0.899221 0.569388 0.014805 0.013832
0 0.886000 0.571429 0.014805 0.013832
0 0.871610 0.572789 0.014805 0.013832
0 0.859169 0.575850 0.014805 0.013832
0 0.845558 0.576190 0.014805 0.013832
0 0.833896 0.578231 0.014805 0.013832
0 0.818727 0.579252 0.014805 0.013832
0 0.805117 0.581610 0.014805 0.013832
0 0.792286 0.582971 0.014805 0.013832
0 0.779455 0.584671 0.014805 0.013832
0 0.765065 0.586712 0.014805 0.013832
0 0.750675 0.587732 0.014805 0.013832
0 0.737818 0.590794 0.014805 0.013832
0 0.723455 0.591451 0.014805 0.013832
0 0.709065 0.592812 0.014805 0.013832
0 0.695039 0.595873 0.014805 0.013832
0 0.679896 0.597914 0.014805 0.013832
0 0.666675 0.598254 0.014805 0.013832
0 0.651896 0.601655 0.014805 0.013832
0 0.636338 0.604354 0.014805 0.013832
0 0.621948 0.605034 0.014805 0.013832
0 0.605610 0.607075 0.014805 0.013832
0 0.590442 0.608776 0.014805 0.013832
0 0.583584 0.596009 0.014805 0.013832
0 0.599455 0.594376 0.014805 0.013832
0 0.613922 0.592336 0.014805 0.013832
0 0.627922 0.590703 0.014805 0.013832
0 0.642857 0.588685 0.014805 0.013832
0 0.658727 0.586236 0.014805 0.013832
0 0.672727 0.585011 0.014805 0.013832
0 0.686727 0.582971 0.014805 0.013832
0 0.701662 0.582154 0.014805 0.013832
0 0.715662 0.579705 0.014805 0.013832
0 0.730130 0.577687 0.014805 0.013832
0 0.744597 0.575646 0.014805 0.013832
0 0.758597 0.575238 0.014805 0.013832
0 0.772130 0.572789 0.014805 0.013832
0 0.786597 0.570748 0.014805 0.013832
0 0.800597 0.569524 0.014805 0.013832
0 0.814130 0.567891 0.014805 0.013832
0 0.826260 0.565850 0.014805 0.013832
0 0.840260 0.564240 0.014805 0.013832
0 0.853792 0.561791 0.014805 0.013832
0 0.866857 0.560567 0.014805 0.013832
0 0.878519 0.558934 0.014805 0.013832
0 0.890182 0.557710 0.014805 0.013832
0 0.903247 0.555669 0.014805 0.013832
0 0.908857 0.542222 0.014805 0.013832
0 0.896727 0.543447 0.014805 0.013832
0 0.884130 0.545079 0.014805 0.013832
0 0.872000 0.547120 0.014805 0.013832
0 0.858935 0.548345 0.014805 0.013832
0 0.845403 0.551202 0.014805 0.013832
0 0.833714 0.552426 0.014805 0.013832
0 0.819714 0.553651 0.014805 0.013832
0 0.806182 0.554853 0.014805 0.013832
0 0.793117 0.556485 0.014805 0.013832
0 0.779117 0.558934 0.014805 0.013832
0 0.764182 0.560567 0.014805 0.013832
0 0.752052 0.561791 0.014805 0.013832
0 0.736649 0.563832 0.014805 0.013832
0 0.722649 0.565465 0.014805 0.013832
0 0.708649 0.567075 0.014805 0.013832
0 0.693247 0.570340 0.014805 0.013832
0 0.681117 0.570748 0.014805 0.013832
0 0.664779 0.574014 0.014805 0.013832
0 0.649844 0.573605 0.014805 0.013832
0 0.635844 0.576054 0.014805 0.013832
0 0.619974 0.578095 0.014805 0.013832
0 0.604130 0.580113 0.014805 0.013832
0 0.869195 0.664467 0.014805 0.013832
0 0.855662 0.666077 0.014805 0.013832
0 0.843065 0.667302 0.014805 0.013832
0 0.828597 0.669751 0.014805 0.013832
0 0.816000 0.671791 0.014805 0.013832
0 0.803870 0.675465 0.014805 0.013832
0 0.788935 0.676281 0.014805 0.013832
0 0.774935 0.678299 0.014805 0.013832
0 0.760468 0.680748 0.014805 0.013832
0 0.746468 0.683197 0.014805 0.013832
0 0.732000 0.683605 0.014805 0.013832
0 0.718000 0.688503 0.014805 0.013832
0 0.704909 0.690113 0.014805 0.013832
0 0.690468 0.692154 0.014805 0.013832
0 0.659662 0.695828 0.014805 0.013832
0 0.590584 0.581746 0.014779 0.013832
0 0.676909 0.693787 0.014805 0.013832
0 0.646130 0.699093 0.014805 0.013832
0 0.631662 0.701134 0.014805 0.013832
0 0.616260 0.702358 0.014805 0.013832
0 0.601792 0.704785 0.014805 0.013832
0 0.585922 0.707234 0.014805 0.013832
0 0.570519 0.710091 0.014805 0.013832
0 0.577065 0.694195 0.014805 0.013832
0 0.570052 0.681156 0.014805 0.013832
0 0.576597 0.667302 0.014805 0.013832
0 0.569117 0.653855 0.014805 0.013832
0 0.576597 0.637982 0.014805 0.013832
0 0.568182 0.626576 0.014805 0.013832
0 0.574727 0.611088 0.014805 0.013832
0 0.568182 0.598050 0.014805 0.013832
0 0.530857 0.700726 0.014805 0.013832
0 0.539247 0.715782 0.014805 0.013832
0 0.523844 0.717007 0.014805 0.013832
0 0.507974 0.720272 0.014805 0.013832
0 0.491662 0.722721 0.014805 0.013832
0 0.474857 0.725986 0.014805 0.013832
0 0.459922 0.727608 0.014805 0.013810
0 0.442182 0.729637 0.014805 0.013832
0 0.423974 0.732086 0.014805 0.013832
0 0.408571 0.734535 0.014805 0.013832
0 0.392234 0.736576 0.014805 0.013832
0 0.374052 0.739410 0.014805 0.013832
0 0.357247 0.743084 0.014805 0.013832
0 0.339974 0.745941 0.014805 0.013832
0 0.321766 0.749206 0.014805 0.013832
0 0.304519 0.751655 0.014805 0.013832
0 0.286312 0.754490 0.014805 0.013832
0 0.269039 0.756531 0.014805 0.013832
0 0.250364 0.759796 0.014805 0.013832
0 0.231247 0.763061 0.014805 0.013832
0 0.212104 0.764671 0.014805 0.013832
0 0.192519 0.767528 0.014805 0.013832
0 0.174779 0.771610 0.014805 0.013832
0 0.529922 0.701542 0.014805 0.013832
0 0.513117 0.705193 0.014805 0.013832
0 0.497714 0.706417 0.014805 0.013832
0 0.484649 0.708866 0.014805 0.013832
0 0.465974 0.710091 0.014805 0.013832
0 0.450104 0.714569 0.014805 0.013810
0 0.432390 0.715374 0.014805 0.013832
0 0.416519 0.719864 0.014805 0.013832
0 0.397377 0.722313 0.014805 0.013832
0 0.381974 0.723129 0.014805 0.013832
0 0.365169 0.725170 0.014805 0.013832
0 0.347922 0.728821 0.014805 0.013832
0 0.330649 0.732494 0.014805 0.013832
0 0.313377 0.734535 0.014805 0.013832
0 0.294234 0.736984 0.014805 0.013832
0 0.276519 0.739819 0.014805 0.013832
0 0.258312 0.742268 0.014805 0.013832
0 0.240571 0.745533 0.014805 0.013832
0 0.220519 0.748390 0.014805 0.013832
0 0.203247 0.751247 0.014805 0.013832
0 0.183169 0.754082 0.014805 0.013832
0 0.164052 0.756122 0.014805 0.013832
0 0.426182 0.702449 0.014805 0.013832
0 0.442052 0.700408 0.014805 0.013832
0 0.458831 0.698390 0.014805 0.013832
0 0.474234 0.695533 0.014805 0.013832
0 0.491039 0.693084 0.014805 0.013832
0 0.504571 0.692268 0.014805 0.013832
0 0.523247 0.688594 0.014805 0.013832
0 0.537247 0.686576 0.014805 0.013832
0 0.407506 0.705306 0.014805 0.013832
0 0.391169 0.708163 0.014805 0.013832
0 0.372961 0.710204 0.014805 0.013832
0 0.356649 0.713855 0.014805 0.013832
0 0.340779 0.715488 0.014805 0.013832
0 0.321636 0.719161 0.014805 0.013832
0 0.305299 0.721610 0.014805 0.013832
0 0.287117 0.724875 0.014805 0.013832
0 0.268442 0.728118 0.014805 0.013832
0 0.249766 0.729342 0.014805 0.013832
0 0.231558 0.732608 0.014805 0.013832
0 0.212909 0.735057 0.014805 0.013832
0 0.193766 0.737075 0.014805 0.013832
0 0.176026 0.740340 0.014805 0.013832
0 0.154571 0.742381 0.014805 0.013832
0 0.164364 0.726077 0.014805 0.013832
0 0.183506 0.724059 0.014805 0.013832
0 0.201714 0.721610 0.014805 0.013832
0 0.276364 0.710204 0.014805 0.013832
0 0.220364 0.717528 0.014805 0.013832
0 0.239974 0.714263 0.014805 0.013832
0 0.257247 0.712222 0.014805 0.013832
0 0.294571 0.706122 0.014805 0.013832
0 0.312312 0.703673 0.014805 0.013832
0 0.329584 0.702041 0.014805 0.013832
0 0.347299 0.699615 0.014805 0.013832
0 0.364571 0.696349 0.014805 0.013832
0 0.498987 0.678413 0.014805 0.013832
0 0.380909 0.694308 0.014805 0.013832
0 0.397714 0.691043 0.014805 0.013832
0 0.416364 0.691043 0.014805 0.013832
0 0.431766 0.688186 0.014805 0.013832
0 0.449506 0.684535 0.014805 0.013832
0 0.463974 0.681678 0.014805 0.013832
0 0.481714 0.680454 0.014805 0.013832
0 0.514390 0.675556 0.014805 0.013832
0 0.529325 0.674354 0.014805 0.013832
0 0.575039 0.583084 0.014805 0.013832
0 0.885091 0.596825 0.014805 0.013832
0 0.780390 0.610340 0.014805 0.013832
0 0.537558 0.659728 0.014805 0.013832
0 0.522753 0.660635 0.014805 0.013832
0 0.506390 0.663129 0.014805 0.013832
0 0.490545 0.665170 0.014805 0.013832
0 0.474442 0.666984 0.014805 0.013832
0 0.457039 0.669705 0.014805 0.013832
0 0.441455 0.672880 0.014805 0.013832
0 0.424312 0.674921 0.014805 0.013832
0 0.406649 0.676961 0.014805 0.013832
0 0.390026 0.680363 0.014805 0.013832
0 0.374701 0.681950 0.014805 0.013832
0 0.354442 0.683311 0.014805 0.013832
0 0.338078 0.686485 0.014805 0.013832
0 0.320675 0.689206 0.014805 0.013832
0 0.304052 0.692381 0.014805 0.013832
0 0.284831 0.693515 0.014805 0.013832
0 0.267169 0.696916 0.014805 0.013832
0 0.248468 0.699184 0.014805 0.013832
0 0.227948 0.701905 0.014805 0.013832
0 0.211844 0.705079 0.014805 0.013832
0 0.193403 0.708027 0.014805 0.013832
0 0.173662 0.710068 0.014805 0.013832
0 0.181195 0.692834 0.014805 0.013832
0 0.199896 0.690567 0.014805 0.013832
0 0.219896 0.687846 0.014805 0.013832
0 0.237039 0.685578 0.014805 0.013832
0 0.256260 0.683084 0.014805 0.013832
0 0.275221 0.680590 0.014805 0.013832
0 0.292364 0.678549 0.014805 0.013832
0 0.310026 0.675147 0.014805 0.013832
0 0.327169 0.673107 0.014805 0.013832
0 0.346649 0.670612 0.014805 0.013832
0 0.363532 0.668798 0.014805 0.013832
0 0.381455 0.666304 0.014805 0.013832
0 0.398078 0.663810 0.014805 0.013832
0 0.415221 0.660635 0.014805 0.013832
0 0.431844 0.658821 0.014805 0.013832
0 0.447948 0.656780 0.014805 0.013832
0 0.464831 0.654739 0.014805 0.013832
0 0.481195 0.652925 0.014805 0.013832
0 0.496519 0.649297 0.014805 0.013832
0 0.513922 0.648390 0.014805 0.013832
0 0.528987 0.646349 0.014805 0.013832
0 0.535740 0.630703 0.014805 0.013832
0 0.520675 0.632971 0.014805 0.013832
0 0.504052 0.634331 0.014805 0.013832
0 0.488208 0.635918 0.014805 0.013832
0 0.472883 0.639773 0.014805 0.013832
0 0.457039 0.641587 0.014805 0.013832
0 0.440416 0.644308 0.014805 0.013832
0 0.423273 0.645896 0.014805 0.013832
0 0.406909 0.647483 0.014805 0.013832
0 0.390286 0.649524 0.014805 0.013832
0 0.373403 0.652925 0.014805 0.013832
0 0.354961 0.654739 0.014805 0.013832
0 0.336779 0.656327 0.014805 0.013832
0 0.319117 0.660181 0.014805 0.013832
0 0.301714 0.662902 0.014805 0.013832
0 0.283013 0.664036 0.014805 0.013832
0 0.265610 0.665850 0.014805 0.013832
0 0.248987 0.668571 0.014805 0.013832
0 0.229247 0.671066 0.014805 0.013832
0 0.210805 0.673560 0.014805 0.013832
0 0.191844 0.675828 0.014805 0.013832
0 0.199377 0.659048 0.014805 0.013832
0 0.219636 0.657007 0.014805 0.013832
0 0.237818 0.654512 0.014805 0.013832
0 0.256260 0.652698 0.014805 0.013832
0 0.274182 0.649297 0.014805 0.013832
0 0.290805 0.648617 0.014805 0.013832
0 0.309247 0.645215 0.014805 0.013832
0 0.329247 0.644308 0.014805 0.013832
0 0.344571 0.641814 0.014805 0.013832
0 0.363792 0.638866 0.014805 0.013832
0 0.379377 0.637279 0.014805 0.013832
0 0.397558 0.634331 0.014805 0.013832
0 0.414182 0.632290 0.014805 0.013832
0 0.431584 0.630249 0.014805 0.013832
0 0.448727 0.627755 0.014805 0.013832
0 0.463532 0.625714 0.014805 0.013832
0 0.480156 0.623447 0.014805 0.013832
0 0.496260 0.621179 0.014805 0.013832
0 0.512623 0.618912 0.014805 0.013832
0 0.529117 0.616757 0.014805 0.013832
0 0.208883 0.643311 0.016883 0.014512
0 0.227558 0.641474 0.016883 0.014512
0 0.245922 0.637800 0.016883 0.014512
0 0.265169 0.637528 0.016883 0.014512
0 0.282935 0.633583 0.016883 0.014512
0 0.300701 0.631224 0.016883 0.014512
0 0.319351 0.629909 0.016883 0.014512
0 0.336831 0.627007 0.016883 0.014512
0 0.354286 0.626236 0.016883 0.014512
0 0.371429 0.623084 0.016883 0.014512
0 0.388000 0.619909 0.016883 0.014512
0 0.403948 0.618594 0.016883 0.014512
0 0.421714 0.617279 0.016883 0.014512
0 0.438571 0.614399 0.016883 0.014512
0 0.455429 0.612562 0.016883 0.014512
0 0.472286 0.610726 0.016883 0.014512
0 0.488234 0.608617 0.016883 0.014512
0 0.505091 0.605986 0.016883 0.014512
0 0.519844 0.605465 0.016883 0.014512
0 0.534883 0.603107 0.016883 0.014512
0 0.369506 0.564580 0.013766 0.012698
0 0.353455 0.566485 0.013766 0.012698
0 0.335688 0.567619 0.013766 0.012698
0 0.478494 0.896939 0.014805 0.013832
0 0.461948 0.901406 0.014805 0.013832
0 0.420987 0.894580 0.014805 0.013832
0 0.402338 0.897460 0.014805 0.013832
0 0.377039 0.886689 0.014805 0.013832
0 0.350260 0.876712 0.014805 0.013832
0 0.324078 0.866984 0.014805 0.013832
0 0.296390 0.857528 0.014805 0.013832
0 0.287039 0.843855 0.014805 0.013832
0 0.260260 0.833084 0.014805 0.013832
0 0.276519 0.830204 0.014805 0.013832
0 0.296390 0.827574 0.014805 0.013832
0 0.315948 0.825193 0.014805 0.013832
0 0.332494 0.821519 0.014805 0.013832
0 0.349662 0.817324 0.014805 0.013832
0 0.367117 0.814694 0.014805 0.013832
0 0.384571 0.812063 0.014805 0.013832
0 0.401740 0.808639 0.014805 0.013832
0 0.420104 0.806531 0.014805 0.013832
0 0.435455 0.803129 0.014805 0.013832
0 0.452312 0.799433 0.014805 0.013832
0 0.467948 0.797347 0.014805 0.013832
0 0.483299 0.794195 0.014805 0.013832
0 0.500753 0.791565 0.014805 0.013832
0 0.517636 0.788413 0.014805 0.013832
0 0.532987 0.786032 0.014805 0.013832
0 0.549221 0.783152 0.014805 0.013832
0 0.564883 0.781043 0.014805 0.013832
0 0.557065 0.768435 0.014805 0.013832
0 0.539610 0.769751 0.014805 0.013832
0 0.524857 0.773424 0.014805 0.013832
0 0.508597 0.776576 0.014805 0.013832
0 0.492935 0.778685 0.014805 0.013832
0 0.476701 0.781043 0.014805 0.013832
0 0.459532 0.783673 0.014805 0.013832
0 0.442961 0.787098 0.014805 0.013832
0 0.427013 0.789728 0.014805 0.013832
0 0.410468 0.792358 0.014805 0.013832
0 0.393896 0.794989 0.014805 0.013832
0 0.269299 0.816531 0.014805 0.013832
0 0.288260 0.813379 0.014805 0.013832
0 0.305403 0.809955 0.014805 0.013832
0 0.322857 0.807324 0.014805 0.013832
0 0.341234 0.805760 0.014779 0.013832
0 0.356883 0.801814 0.014805 0.013832
0 0.375844 0.799184 0.014805 0.013832
0 0.250325 0.820726 0.014779 0.013832
0 0.386390 0.900091 0.014805 0.013832
0 0.359299 0.890635 0.014805 0.013832
0 0.333714 0.880907 0.014805 0.013832
0 0.306000 0.869093 0.014805 0.013832
0 0.231974 0.821791 0.014805 0.013832
0 0.241299 0.835442 0.014805 0.013832
0 0.252442 0.850159 0.014805 0.013832
0 0.270182 0.847800 0.014805 0.013832
0 0.278623 0.860680 0.014805 0.013832
0 0.288857 0.873016 0.014805 0.013832
0 0.317143 0.884331 0.014805 0.013832
0 0.342442 0.894830 0.014805 0.013832
0 0.370727 0.904558 0.014805 0.013832
0 0.392701 0.913764 0.014805 0.013832
0 0.412260 0.910091 0.014805 0.013832
0 0.429429 0.906939 0.014805 0.013832
0 0.445688 0.903764 0.014805 0.013832
0 0.454104 0.915850 0.014805 0.013832
0 0.470364 0.912177 0.014805 0.013832
0 0.487532 0.908231 0.014805 0.013832
0 0.502273 0.907710 0.014779 0.013832
0 0.519429 0.902449 0.014805 0.013832
0 0.534182 0.899297 0.014805 0.013832
0 0.550130 0.897211 0.014805 0.013832
0 0.566078 0.892200 0.014805 0.013832
0 0.582052 0.889320 0.014805 0.013832
0 0.595896 0.885896 0.014805 0.013832
0 0.611844 0.884059 0.014805 0.013832
0 0.627792 0.879864 0.014805 0.013832
0 0.641325 0.875102 0.014805 0.013832
0 0.634779 0.864762 0.014805 0.013832
0 0.625429 0.851429 0.014805 0.013832
0 0.617948 0.840816 0.014805 0.013832
0 0.609532 0.826939 0.014805 0.013832
0 0.601429 0.814694 0.014805 0.013832
0 0.594260 0.802449 0.014805 0.013832
0 0.586468 0.789388 0.014805 0.013832
0 0.578052 0.776327 0.014805 0.013832
0 0.655974 0.847347 0.014805 0.013832
0 0.670623 0.843265 0.014805 0.013832
0 0.684961 0.840816 0.014805 0.013832
0 0.699299 0.837823 0.014805 0.013832
0 0.720805 0.820952 0.014805 0.013832
0 0.707091 0.823673 0.014805 0.013832
0 0.693065 0.826395 0.014805 0.013832
0 0.677792 0.828844 0.014805 0.013832
0 0.662208 0.830204 0.014805 0.013832
0 0.648805 0.834014 0.014805 0.013832
0 0.640078 0.822857 0.014805 0.013832
0 0.654104 0.819320 0.014805 0.013832
0 0.669688 0.816599 0.014805 0.013832
0 0.685896 0.813605 0.014805 0.013832
0 0.700545 0.811156 0.014805 0.013832
0 0.713325 0.808163 0.014805 0.013832
0 0.726727 0.805442 0.014805 0.013832
0 0.742000 0.803265 0.014805 0.013832
0 0.748234 0.788027 0.014805 0.013832
0 0.735143 0.791020 0.014805 0.013832
0 0.721740 0.793197 0.014805 0.013832
0 0.707091 0.795918 0.014805 0.013832
0 0.691195 0.798367 0.014805 0.013832
0 0.676545 0.801905 0.014805 0.013832
0 0.663143 0.804354 0.014805 0.013832
0 0.647247 0.807347 0.014805 0.013832
0 0.631662 0.811156 0.014805 0.013832
0 0.624805 0.797551 0.014805 0.013832
0 0.641013 0.794558 0.014805 0.013832
0 0.655039 0.792109 0.014805 0.013832
0 0.669688 0.789388 0.014805 0.013832
0 0.684961 0.786939 0.014805 0.013832
0 0.698364 0.783946 0.014805 0.013832
0 0.714260 0.781224 0.014805 0.013832
0 0.726727 0.778776 0.014805 0.013832
0 0.741688 0.776327 0.014805 0.013832
0 0.755714 0.774694 0.014805 0.013832
0 0.768805 0.770612 0.014805 0.013832
0 0.783455 0.768435 0.014805 0.013832
0 0.789065 0.754830 0.014805 0.013832
0 0.775351 0.757279 0.014805 0.013832
0 0.760701 0.758912 0.014805 0.013832
0 0.748545 0.760544 0.014805 0.013832
0 0.734831 0.764354 0.014805 0.013832
0 0.720805 0.766259 0.014805 0.013832
0 0.705532 0.768707 0.014805 0.013832
0 0.690260 0.771156 0.014805 0.013832
0 0.676857 0.773878 0.014805 0.013832
0 0.661584 0.776599 0.014805 0.013832
0 0.647870 0.779320 0.014805 0.013832
0 0.631974 0.782041 0.014805 0.013832
0 0.617948 0.784762 0.014805 0.013832
0 0.607662 0.771701 0.014805 0.013832
0 0.625117 0.770068 0.014805 0.013832
0 0.640078 0.766531 0.014805 0.013832
0 0.654104 0.764898 0.014805 0.013832
0 0.669065 0.761361 0.014805 0.013832
0 0.683714 0.759728 0.014805 0.013832
0 0.697117 0.755918 0.014805 0.013832
0 0.713013 0.754558 0.014805 0.013832
0 0.725481 0.751837 0.014805 0.013832
0 0.742000 0.749116 0.014805 0.013832
0 0.756026 0.747211 0.014805 0.013832
0 0.428545 0.877279 0.014805 0.013832
0 0.486234 0.881134 0.014805 0.013832
0 0.503117 0.877279 0.014805 0.013832
0 0.517896 0.874558 0.014805 0.013832
0 0.534286 0.870930 0.014805 0.013832
0 0.470390 0.883855 0.014805 0.013832
0 0.454260 0.887483 0.014805 0.013832
0 0.438182 0.890658 0.014805 0.013832
0 0.410909 0.879546 0.014805 0.013832
0 0.445429 0.874331 0.014805 0.013832
0 0.461013 0.870476 0.014805 0.013832
0 0.476883 0.867528 0.014805 0.013832
0 0.494260 0.864580 0.014805 0.013832
0 0.509351 0.861406 0.014805 0.013832
0 0.526234 0.858685 0.014805 0.013832
0 0.517403 0.846213 0.014805 0.013832
0 0.502571 0.848027 0.014805 0.013832
0 0.485688 0.851429 0.014805 0.013832
0 0.469584 0.854830 0.014805 0.013832
0 0.453506 0.858458 0.014805 0.013832
0 0.435818 0.861406 0.014805 0.013832
0 0.419195 0.864807 0.014805 0.013832
0 0.401558 0.867755 0.014805 0.013832
0 0.394156 0.883401 0.014805 0.013832
0 0.382987 0.870930 0.014805 0.013832
0 0.366364 0.874104 0.014805 0.013832
0 0.509558 0.834376 0.014805 0.013832
0 0.493299 0.835646 0.014805 0.013832
0 0.476701 0.839116 0.014805 0.013832
0 0.461506 0.841633 0.014805 0.013832
0 0.445273 0.844490 0.014805 0.013832
0 0.426831 0.847642 0.014805 0.013832
0 0.411662 0.850159 0.014805 0.013832
0 0.393974 0.854875 0.014805 0.013832
0 0.377351 0.857415 0.014805 0.013832
0 0.360390 0.860567 0.014805 0.013832
0 0.341234 0.863401 0.014779 0.013832
0 0.501610 0.820839 0.014805 0.013832
0 0.484286 0.823673 0.014805 0.013832
0 0.468390 0.826825 0.014805 0.013832
0 0.452494 0.829660 0.014805 0.013832
0 0.436961 0.831542 0.014805 0.013832
0 0.420338 0.834082 0.014805 0.013832
0 0.401922 0.838481 0.014805 0.013832
0 0.384935 0.841020 0.014805 0.013832
0 0.366156 0.844785 0.014805 0.013832
0 0.349896 0.847324 0.014805 0.013832
0 0.331481 0.850794 0.014805 0.013832
0 0.314494 0.854580 0.014805 0.013832
0 0.494390 0.807574 0.014805 0.013832
0 0.476338 0.811043 0.014805 0.013832
0 0.461143 0.812630 0.014805 0.013832
0 0.444545 0.814830 0.014805 0.013832
0 0.428286 0.818617 0.014805 0.013832
0 0.409870 0.821134 0.014805 0.013832
0 0.392519 0.824921 0.014805 0.013832
0 0.376623 0.828707 0.014805 0.013832
0 0.358571 0.831224 0.014805 0.013832
0 0.340883 0.834694 0.014805 0.013832
0 0.323169 0.838481 0.014805 0.013832
0 0.305481 0.841950 0.014805 0.013832
0 0.508597 0.804966 0.014805 0.013832
0 0.516727 0.814694 0.014805 0.013832
0 0.525455 0.830726 0.014805 0.013832
0 0.533273 0.842812 0.014805 0.013832
0 0.541403 0.856213 0.014805 0.013832
0 0.549532 0.868571 0.014805 0.013832
0 0.566078 0.865147 0.014805 0.013832
0 0.558571 0.852517 0.014805 0.013832
0 0.549844 0.840703 0.014805 0.013832
0 0.541091 0.827029 0.014805 0.013832
0 0.532987 0.814150 0.014805 0.013832
0 0.524857 0.801293 0.014805 0.013832
0 0.579636 0.862517 0.014805 0.013832
0 0.574208 0.849909 0.014805 0.013832
0 0.565481 0.837551 0.014805 0.013832
0 0.555558 0.824671 0.014805 0.013832
0 0.549221 0.811791 0.014805 0.013832
0 0.540494 0.797868 0.014805 0.013832
0 0.557351 0.795510 0.014805 0.013832
0 0.564286 0.809683 0.014805 0.013832
0 0.571818 0.820476 0.014805 0.013832
0 0.581429 0.833605 0.014805 0.013832
0 0.590468 0.845964 0.014805 0.013832
0 0.595896 0.859093 0.014805 0.013832
0 0.573299 0.792608 0.014805 0.013832
0 0.581429 0.806009 0.014805 0.013832
0 0.586857 0.819410 0.014805 0.013832
0 0.594390 0.831247 0.014805 0.013832
0 0.603714 0.843855 0.014805 0.013832
0 0.611532 0.855941 0.014805 0.013832
0 0.618753 0.868027 0.014805 0.013832
0 0.605818 0.871973 0.014805 0.013832
0 0.589273 0.874082 0.014805 0.013832
0 0.573013 0.877755 0.014805 0.013832
0 0.557948 0.880907 0.014805 0.013832
0 0.542312 0.885125 0.014805 0.013832
0 0.526961 0.888005 0.014805 0.013832
0 0.510390 0.890884 0.014805 0.013832
0 0.495039 0.894580 0.014805 0.013832
0 0.769117 0.745034 0.014805 0.013832
0 0.781273 0.742041 0.014805 0.013832
0 0.795610 0.740136 0.014805 0.013832
0 0.810571 0.737143 0.014805 0.013832
0 0.816494 0.723537 0.014805 0.013832
0 0.802468 0.725442 0.014805 0.013832
0 0.789377 0.727347 0.014805 0.013832
0 0.776597 0.729252 0.014805 0.013832
0 0.760701 0.733333 0.014805 0.013832
0 0.747299 0.735238 0.014805 0.013832
0 0.733273 0.737959 0.014805 0.013832
0 0.719247 0.740408 0.014805 0.013832
0 0.704909 0.742857 0.014805 0.013832
0 0.691195 0.745306 0.014805 0.013832
0 0.675922 0.747483 0.014805 0.013832
0 0.661896 0.749388 0.014805 0.013832
0 0.647247 0.752109 0.014805 0.013832
0 0.631351 0.755102 0.014805 0.013832
0 0.617013 0.758095 0.014805 0.013832
0 0.602675 0.758912 0.014805 0.013832
0 0.823039 0.709388 0.014805 0.013832
0 0.809948 0.711020 0.014805 0.013832
0 0.795922 0.713197 0.014805 0.013832
0 0.782831 0.715918 0.014805 0.013832
0 0.768805 0.717279 0.014805 0.013832
0 0.753844 0.720816 0.014805 0.013832
0 0.739818 0.722993 0.014805 0.013832
0 0.726416 0.724626 0.014805 0.013832
0 0.712701 0.727075 0.014805 0.013832
0 0.697117 0.728435 0.014805 0.013832
0 0.683091 0.731156 0.014805 0.013832
0 0.668130 0.732245 0.014805 0.013832
0 0.654416 0.736054 0.014805 0.013832
0 0.639143 0.739592 0.014805 0.013832
0 0.623558 0.741224 0.014805 0.013832
0 0.609221 0.744218 0.014805 0.013832
0 0.594571 0.747755 0.014805 0.013832
0 0.563714 0.752109 0.014805 0.013832
0 0.572130 0.766259 0.014805 0.013832
0 0.577740 0.750476 0.014805 0.013832
0 0.587091 0.762993 0.014805 0.013832
0 0.594883 0.774694 0.014805 0.013832
0 0.601740 0.788027 0.014805 0.013832
0 0.610156 0.800272 0.014805 0.013832
0 0.617636 0.813333 0.014805 0.013832
0 0.625117 0.825578 0.014805 0.013832
0 0.633221 0.837279 0.014805 0.013832
0 0.641325 0.850612 0.014805 0.013832
0 0.648805 0.862313 0.014805 0.013832
0 0.658156 0.871837 0.014805 0.013832
0 0.664701 0.859320 0.014805 0.013832
0 0.678416 0.856599 0.014805 0.013832
0 0.692130 0.853333 0.014805 0.013832
0 0.707714 0.849796 0.014805 0.013832
0 0.713948 0.834558 0.014805 0.013832
0 0.727974 0.831837 0.014805 0.013832
0 0.734831 0.817143 0.014805 0.013832
0 0.749792 0.814150 0.014805 0.013832
0 0.756026 0.800544 0.014805 0.013832
0 0.767558 0.798095 0.014805 0.013832
0 0.775351 0.782857 0.014805 0.013832
0 0.790935 0.781497 0.014805 0.013832
0 0.795922 0.765986 0.014805 0.013832
0 0.802779 0.751837 0.014805 0.013832
0 0.817117 0.749660 0.014805 0.013832
0 0.823662 0.735782 0.014805 0.013832
0 0.828649 0.721361 0.014805 0.013832
0 0.835818 0.706939 0.014805 0.013832
0 0.852961 0.691701 0.014805 0.013832
0 0.839870 0.693605 0.014805 0.013832
0 0.828649 0.695238 0.014805 0.013832
0 0.814312 0.696871 0.014805 0.013832
0 0.802156 0.700136 0.014805 0.013832
0 0.788753 0.702313 0.014805 0.013832
0 0.775039 0.704218 0.014805 0.013832
0 0.761013 0.706395 0.014805 0.013832
0 0.746364 0.708844 0.014805 0.013832
0 0.732649 0.711565 0.014805 0.013832
0 0.719247 0.713469 0.014805 0.013832
0 0.703974 0.715374 0.014805 0.013832
0 0.690571 0.717823 0.014805 0.013832
0 0.676234 0.720272 0.014805 0.013832
0 0.661273 0.723265 0.014805 0.013832
0 0.645377 0.725442 0.014805 0.013832
0 0.631351 0.728980 0.014805 0.013832
0 0.617013 0.730340 0.014805 0.013832
0 0.601429 0.733061 0.014805 0.013832
0 0.586779 0.734966 0.014805 0.013832
0 0.555610 0.740408 0.014805 0.013832
0 0.570571 0.736327 0.014805 0.013832
0 0.549948 0.756032 0.014805 0.013832
0 0.538727 0.743492 0.014805 0.013832
0 0.531974 0.759546 0.014805 0.013832
0 0.523455 0.745442 0.014805 0.013832
0 0.516286 0.760340 0.014805 0.013832
0 0.507740 0.747800 0.014805 0.013832
0 0.499221 0.764263 0.014805 0.013832
0 0.491584 0.750136 0.014805 0.013832
0 0.485299 0.765828 0.014805 0.013832
0 0.475870 0.753288 0.014805 0.013832
0 0.467351 0.769342 0.014805 0.013832
0 0.459714 0.755624 0.014805 0.013832
0 0.452104 0.771701 0.014805 0.013832
0 0.442208 0.757596 0.014805 0.013832
0 0.435039 0.773651 0.014805 0.013832
0 0.424727 0.760726 0.014805 0.013832
0 0.323273 0.777574 0.014805 0.013832
0 0.339896 0.775215 0.014805 0.013832
0 0.357377 0.772472 0.014805 0.013832
0 0.374883 0.769342 0.014805 0.013832
0 0.391065 0.766599 0.014805 0.013832
0 0.407662 0.764649 0.014805 0.013832
0 0.417091 0.776395 0.014805 0.013832
0 0.399584 0.778753 0.014805 0.013832
0 0.384312 0.781882 0.014805 0.013832
0 0.365922 0.785420 0.014805 0.013832
0 0.349299 0.787370 0.014805 0.013832
0 0.331818 0.791293 0.014805 0.013832
0 0.313403 0.793651 0.014805 0.013832
0 0.295455 0.796780 0.014805 0.013832
0 0.277948 0.799524 0.014805 0.013832
0 0.259532 0.802268 0.014805 0.013832
0 0.239792 0.806576 0.014805 0.013832
0 0.221844 0.809705 0.014805 0.013832
0 0.305325 0.780703 0.014805 0.013832
0 0.286026 0.783832 0.014805 0.013832
0 0.268078 0.786576 0.014805 0.013832
0 0.250571 0.789320 0.014805 0.013832
0 0.232156 0.792472 0.014805 0.013832
0 0.214649 0.795601 0.014805 0.013832
0 0.194468 0.798345 0.014805 0.013832
0 0.873688 0.651156 0.014805 0.013832
0 0.860468 0.651497 0.014805 0.013832
0 0.848026 0.653537 0.014805 0.013832
0 0.834805 0.656259 0.014805 0.013832
0 0.821584 0.657937 0.014805 0.013832
0 0.809143 0.659637 0.014805 0.013832
0 0.793195 0.662018 0.014805 0.013832
0 0.780364 0.664399 0.014805 0.013832
0 0.767532 0.666440 0.014805 0.013832
0 0.753143 0.667460 0.014805 0.013832
0 0.738753 0.670499 0.014805 0.013832
0 0.724364 0.672880 0.014805 0.013832
0 0.711143 0.673900 0.014805 0.013832
0 0.697896 0.677642 0.014805 0.013832
0 0.681195 0.678322 0.014805 0.013832
0 0.667195 0.680363 0.014805 0.013832
0 0.652416 0.682381 0.014805 0.013832
0 0.638416 0.685102 0.014805 0.013832
0 0.622857 0.687483 0.014805 0.013832
0 0.608468 0.690204 0.014805 0.013832
0 0.593688 0.691565 0.014805 0.013832
0 0.879532 0.637234 0.014805 0.013832
0 0.865532 0.637234 0.014805 0.013832
0 0.854234 0.639615 0.014805 0.013832
0 0.841403 0.641315 0.014805 0.013832
0 0.828961 0.644014 0.014805 0.013832
0 0.813792 0.646054 0.014805 0.013832
0 0.800571 0.647755 0.014805 0.013832
0 0.786571 0.649456 0.014805 0.013832
0 0.774519 0.652177 0.014805 0.013832
0 0.761299 0.653878 0.014805 0.013832
0 0.747688 0.656259 0.014805 0.013832
0 0.731740 0.658277 0.014805 0.013832
0 0.718130 0.659977 0.014805 0.013832
0 0.702571 0.662358 0.014805 0.013832
0 0.689351 0.664739 0.014805 0.013832
0 0.675740 0.666100 0.014805 0.013832
0 0.660961 0.668798 0.014805 0.013832
0 0.646182 0.669819 0.014805 0.013832
0 0.629455 0.672200 0.014805 0.013832
0 0.615455 0.674921 0.014805 0.013832
0 0.599117 0.677642 0.014805 0.013832
0 0.584727 0.679002 0.014805 0.013832
0 0.884182 0.622630 0.014805 0.013832
0 0.873688 0.624671 0.014805 0.013832
0 0.860468 0.626712 0.014805 0.013832
0 0.848805 0.628073 0.014805 0.013832
0 0.835584 0.629773 0.014805 0.013832
0 0.821584 0.631451 0.014805 0.013832
0 0.807195 0.634853 0.014805 0.013832
0 0.794364 0.635533 0.014805 0.013832
0 0.779974 0.637234 0.014805 0.013832
0 0.765974 0.639615 0.014805 0.013832
0 0.753532 0.641315 0.014805 0.013832
0 0.739506 0.643696 0.014805 0.013832
0 0.724753 0.646395 0.014805 0.013832
0 0.247195 0.321905 0.016883 0.014512
0 0.196805 0.507188 0.016883 0.014512
0 0.215481 0.503787 0.016883 0.014512
0 0.234468 0.502653 0.016883 0.014512
0 0.252390 0.502404 0.016883 0.014512
0 0.270571 0.499705 0.016883 0.014512
0 0.289013 0.497868 0.016883 0.014512
0 0.306390 0.494977 0.017351 0.015488
0 0.325351 0.494705 0.017351 0.015488
0 0.149013 0.495612 0.017351 0.015488
0 0.157571 0.479512 0.017377 0.015488
0 0.167195 0.462959 0.017351 0.015488
0 0.373584 0.096417 0.016883 0.014512
0 0.364623 0.110930 0.016883 0.014512
0 0.347481 0.111610 0.016883 0.014512
0 0.323325 0.126122 0.016883 0.014512
0 0.339429 0.126122 0.016883 0.014512
0 0.356831 0.125669 0.016883 0.014512
0 0.296312 0.141542 0.016883 0.014512
0 0.313714 0.140862 0.016883 0.014512
0 0.330857 0.141315 0.016883 0.014512
0 0.348000 0.140862 0.016883 0.014512
0 0.269039 0.156054 0.016883 0.014512
0 0.286961 0.154921 0.016883 0.014512
0 0.305143 0.156054 0.016883 0.014512
0 0.322545 0.155374 0.016883 0.014512
0 0.339169 0.155828 0.016883 0.014512
0 0.259169 0.171020 0.016883 0.014512
0 0.279169 0.171020 0.016883 0.014512
0 0.296571 0.170567 0.016883 0.014512
0 0.315013 0.170340 0.016883 0.014512
0 0.332156 0.170340 0.016883 0.014512
0 0.235532 0.187347 0.016883 0.014512
0 0.252156 0.186440 0.016883 0.014512
0 0.270338 0.185306 0.016883 0.014512
0 0.287221 0.185079 0.016883 0.014512
0 0.306182 0.184853 0.016883 0.014512
0 0.324104 0.185079 0.016883 0.014512
0 0.224623 0.201859 0.016883 0.014512
0 0.242545 0.201406 0.016883 0.014512
0 0.260468 0.200952 0.016883 0.014512
0 0.279429 0.201179 0.016883 0.014512
0 0.297870 0.200726 0.016883 0.014512
0 0.316312 0.199819 0.016883 0.014512
0 0.215532 0.217052 0.016883 0.014512
0 0.235013 0.216145 0.016883 0.014512
0 0.252935 0.215692 0.016883 0.014512
0 0.270597 0.216145 0.016883 0.014512
0 0.290078 0.215011 0.016883 0.014512
0 0.306961 0.214558 0.016883 0.014512
0 0.207221 0.233379 0.016883 0.014512
0 0.226442 0.232018 0.016883 0.014512
0 0.244364 0.232018 0.016883 0.014512
0 0.261766 0.231111 0.016883 0.014512
0 0.278649 0.230658 0.016883 0.014512
0 0.297351 0.230431 0.016883 0.014512
0 0.182286 0.246757 0.016883 0.014512
0 0.199948 0.247664 0.016883 0.014512
0 0.218390 0.247664 0.016883 0.014512
0 0.235792 0.247438 0.016883 0.014512
0 0.253455 0.246757 0.016883 0.014512
0 0.272935 0.246304 0.016883 0.014512
0 0.290338 0.245397 0.016883 0.014512
0 0.308779 0.245624 0.016883 0.014512
0 0.324364 0.245397 0.016883 0.014512
0 0.344104 0.244717 0.016883 0.014512
0 0.361766 0.243583 0.016883 0.014512
0 0.314753 0.230884 0.016883 0.014512
0 0.333714 0.229524 0.016883 0.014512
0 0.350078 0.228390 0.016883 0.014512
0 0.369299 0.228390 0.016883 0.014512
0 0.376312 0.213197 0.016883 0.014512
0 0.385143 0.198912 0.016883 0.014512
0 0.391896 0.183492 0.016883 0.014512
0 0.399948 0.169433 0.016883 0.014512
0 0.408260 0.154921 0.016883 0.014512
0 0.416312 0.138821 0.016883 0.014512
0 0.424364 0.125442 0.016883 0.014512
0 0.431896 0.112063 0.016883 0.014512
0 0.440987 0.096417 0.016883 0.014512
0 0.446961 0.083492 0.016883 0.014512
0 0.389558 0.096190 0.016883 0.014512
0 0.380987 0.111383 0.016883 0.014512
0 0.374494 0.124989 0.016883 0.014512
0 0.365143 0.139728 0.016883 0.014512
0 0.358130 0.154921 0.016883 0.014512
0 0.349818 0.169660 0.016883 0.014512
0 0.341506 0.184853 0.016883 0.014512
0 0.333455 0.200272 0.016883 0.014512
0 0.323584 0.215465 0.016883 0.014512
0 0.342026 0.214785 0.016883 0.014512
0 0.350857 0.199819 0.016883 0.014512
0 0.359169 0.185079 0.016883 0.014512
0 0.365922 0.169660 0.016883 0.014512
0 0.374494 0.154694 0.016883 0.014512
0 0.382545 0.139274 0.016883 0.014512
0 0.390338 0.125215 0.016883 0.014512
0 0.397870 0.110476 0.016883 0.014512
0 0.405662 0.096190 0.016883 0.014512
0 0.432156 0.083946 0.016883 0.014512
0 0.423584 0.096871 0.016883 0.014512
0 0.416052 0.111610 0.016883 0.014512
0 0.406961 0.125442 0.016883 0.014512
0 0.398909 0.140181 0.016883 0.014512
0 0.391896 0.154467 0.016883 0.014512
0 0.383325 0.168980 0.016883 0.014512
0 0.375273 0.183492 0.016883 0.014512
0 0.368260 0.199592 0.016883 0.014512
0 0.359688 0.214785 0.016883 0.014512
0 0.464364 0.083265 0.016883 0.014512
0 0.482805 0.083039 0.016883 0.014512
0 0.498390 0.084399 0.016883 0.014512
0 0.489039 0.097551 0.016883 0.014512
0 0.481766 0.111610 0.016883 0.014512
0 0.474494 0.124535 0.016883 0.014512
0 0.467221 0.138141 0.016883 0.014512
0 0.458649 0.154240 0.016883 0.014512
0 0.451377 0.167846 0.016883 0.014512
