0 0.3043499999999999 0.7788 0.061034 0.082934
0 0.4005000000000001 0.754978 0.055266 0.084444
0 0.500116 0.7404 0.056434 0.082934
0 0.590516 0.721222 0.052966 0.081378
0 0.14771599999999996 0.946934 0.070234 0.093688
0 0.25366599999999995 0.922356 0.058734 0.090578
0 0.3590340000000001 0.895488 0.0714 0.082888
0 0.45231599999999994 0.877066 0.0645 0.0768
0 0.5434159999999999 0.854066 0.0575 0.082978
0 0.6348499999999999 0.838688 0.056434 0.079866
0 0.6746000000000001 0.943844 0.046066 0.075244
0 0.19711600000000007 0.801688 0.0731 0.084622
0 0.09108399999999994 0.819822 0.075166 0.098134
