0 0.037992000000000026 0.836212 0.049816 0.024176
0 0.13907399999999992 0.828524 0.05275 0.026376
0 0.10537400000000008 0.865876 0.053716 0.0293
0 0.06778400000000007 0.909462 0.0586 0.030026
0 0.155192 0.974294 0.055684 0.030762
0 0.1913260000000001 0.924844 0.057616 0.028562
0 0.2225839999999999 0.880894 0.059566 0.030038
0 0.25481599999999993 0.840244 0.055666 0.024912
0 0.35785 0.831088 0.0547 0.0271
0 0.33099199999999995 0.870644 0.057616 0.028562
0 0.29925 0.916056 0.056634 0.028562
0 0.26944999999999997 0.964038 0.061566 0.0337
0 0.3871500000000001 0.953044 0.0625 0.035162
0 0.4145000000000001 0.904706 0.0586 0.027838
0 0.4394 0.862582 0.057634 0.028562
0 0.543892 0.851232 0.05955 0.033688
0 0.524866 0.894812 0.0586 0.030024
0 0.501908 0.941694 0.059584 0.031488
0 0.649384 0.933638 0.0674 0.034424
0 0.6606160000000001 0.888956 0.064466 0.032962
0 0.7758579999999999 0.878338 0.062516 0.036626
0 0.7660579999999999 0.926312 0.06845 0.03735
0 0.754866 0.973924 0.0713 0.038824
0 0.8754759999999999 0.962938 0.076184 0.0359
0 0.879392 0.911294 0.066416 0.038088
