0 0.166808 0.029225999999999974 0.06545 0.0337
0 0.210266 0.07134400000000007 0.064466 0.037362
0 0.124808 0.1317759999999999 0.06935 0.036626
0 0.032024 0.19696800000000003 0.063484 0.039562
0 0.069142 0.2548379999999999 0.06935 0.042476
0 0.169742 0.18231799999999998 0.06935 0.039562
0 0.256666 0.11675600000000008 0.065434 0.032962
0 0.337242 0.05816200000000005 0.06055 0.0315
0 0.469084 0.04754400000000003 0.0664 0.035162
0 0.391426 0.10504399999999992 0.063516 0.035888
0 0.312334 0.1680379999999999 0.0791 0.043226
0 0.221008 0.24018800000000007 0.070316 0.041024
0 0.400716 0.23066199999999992 0.068366 0.041026
0 0.483734 0.16070600000000002 0.064466 0.040288
0 0.555034 0.098082 0.064466 0.033688
0 0.620466 0.03948200000000002 0.0586 0.035162
0 0.745484 0.026661999999999964 0.0586 0.034426
0 0.684926 0.0838000000000001 0.06445 0.0359
0 0.619976 0.14533200000000002 0.067384 0.040288
0 0.54575 0.21675 0.0674 0.03955
0 0.462242 0.292562 0.070316 0.04615
0 0.312334 0.311256 0.0752 0.043988
0 0.118458 0.3174680000000001 0.080084 0.044688
0 0.372884 0.3782620000000001 0.077166 0.053474
0 0.534526 0.35811799999999994 0.080084 0.049812
0 0.611674 0.27535 0.072284 0.04395
0 0.686916 0.20100000000000007 0.074166 0.04175
0 0.752316 0.1339760000000001 0.0664 0.03515
0 0.810916 0.07243200000000005 0.0664 0.038112
0 0.865608 0.01750600000000002 0.062516 0.030762
0 0.938374 0.058894 0.059584 0.037362
0 0.88465 0.12005599999999994 0.061534 0.045412
0 0.824592 0.18635000000000002 0.072284 0.043226
0 0.762576 0.260332 0.06935 0.046138
0 0.692258 0.342368 0.07325 0.050538
0 0.6107 0.43613199999999996 0.084 0.053462
0 0.779174 0.4797119999999999 0.088884 0.0586
0 0.849984 0.379362 0.082034 0.05275
0 0.915416 0.29255600000000004 0.072266 0.047612
0 0.94765 0.4603060000000001 0.082034 0.054938
