0 0.7337 0.72 0.031334 0.059172
0 0.710016 0.765562 0.027766 0.060118
0 0.6145 0.94648 0.033334 0.063136
0 0.802216 0.6871 0.0289 0.058934
0 0.77945 0.729112 0.0289 0.060118
0 0.75695 0.771982 0.0261 0.059112
0 0.73335 0.817338 0.027766 0.05716
0 0.70975 0.861214 0.030566 0.062072
0 0.687534 0.907544 0.030534 0.064082
0 0.662266 0.94994 0.03 0.06213
0 0.844984 0.697042 0.026634 0.059172
0 0.821366 0.739468 0.028334 0.053254
0 0.80165 0.781834 0.027766 0.063076
0 0.777784 0.825236 0.027766 0.061124
0 0.757784 0.86565 0.027766 0.055208
0 0.731134 0.913462 0.028866 0.062072
0 0.708916 0.959792 0.0289 0.058166
0 0.88525 0.705414 0.0283 0.064082
0 0.8636 0.746864 0.028334 0.060118
0 0.84275 0.790236 0.027766 0.060118
0 0.82165 0.831154 0.027766 0.061124
0 0.8011 0.877958 0.03 0.060178
0 0.778884 0.918402 0.027766 0.066036
0 0.756384 0.965236 0.029434 0.061124
0 0.926066 0.71136 0.026666 0.066036
0 0.907184 0.75571 0.026634 0.056154
0 0.886084 0.79861 0.025566 0.055208
0 0.639034 0.898728 0.029934 0.06136
0 0.663366 0.853786 0.0306 0.061656
0 0.687034 0.808816 0.031266 0.054556
0 0.865834 0.841124 0.025 0.05503
0 0.843934 0.88145 0.0268 0.057218
0 0.822216 0.927278 0.0289 0.056214
0 0.946 0.76497 0.026666 0.063076
0 0.925184 0.805414 0.0261 0.059112
0 0.906284 0.845828 0.0261 0.057218
0 0.886366 0.888698 0.026066 0.058106
0 0.86495 0.932604 0.025634 0.05716
0 0.984616 0.773372 0.0261 0.060118
0 0.9646 0.812782 0.025 0.056214
0 0.946284 0.852218 0.0261 0.058166
0 0.9277 0.89358 0.026734 0.05781
0 0.90685 0.939082 0.0283 0.060296
0 0.986266 0.861154 0.025 0.058284
0 0.966834 0.903018 0.025 0.05716
0 0.947116 0.943964 0.026634 0.056332
0 0.986 0.950326 0.0222 0.057218
