0 0.960888 0.833842 0.034886 0.053066
0 0.914518 0.861878 0.036186 0.053066
0 0.874106 0.889912 0.036186 0.053066
0 0.83299 0.9202 0.037162 0.053066
0 0.867064 0.958122 0.037054 0.053818
0 0.904008 0.928586 0.036404 0.054818
0 0.97013 0.522228 0.035384 0.052466
0 0.92934 0.54756 0.035362 0.052466
0 0.980618 0.45279 0.035298 0.055068
0 0.959112 0.5905 0.036186 0.053542
0 0.920866 0.61766 0.03727 0.054844
0 0.862514 0.713016 0.037704 0.053316
0 0.907476 0.685608 0.03662 0.054068
0 0.94832 0.659198 0.03597 0.051814
0 0.936944 0.726784 0.036186 0.052316
0 0.897074 0.754568 0.037486 0.052316
0 0.85233 0.782604 0.03727 0.052816
0 0.840086 0.850814 0.03662 0.053066
0 0.884074 0.821902 0.036186 0.052816
0 0.926868 0.794744 0.03727 0.051564
0 0.969772 0.767084 0.035102 0.051314
0 0.951462 0.901302 0.035536 0.053316
0 0.939328 0.967434 0.035536 0.054318
0 0.982232 0.938524 0.034236 0.051564
