0 0.46146599999999993 0.588656 0.089666 0.066312
0 0.17317399999999994 0.597532 0.07845 0.067238
0 0.314516 0.660112 0.0797 0.06165
0 0.452758 0.718956 0.082184 0.063512
0 0.17068400000000006 0.723156 0.078466 0.062588
0 0.5941000000000001 0.776862 0.085934 0.065374
0 0.4490259999999999 0.836632 0.074716 0.063512
0 0.31079199999999996 0.780594 0.084684 0.063512
0 0.172558 0.838038 0.077216 0.06445
0 0.579774 0.894544 0.074716 0.056038
0 0.43905799999999995 0.947788 0.077216 0.059774
0 0.710542 0.950588 0.084684 0.069124
0 0.17379999999999995 0.947318 0.069734 0.058838
0 0.30642400000000003 0.893144 0.073484 0.060712
0 0.03929999999999989 0.893612 0.059766 0.0523
0 0.17379999999999995 0.172556 0.099634 0.078462
0 0.3356920000000001 0.093168 0.09715 0.082188
0 0.666334 0.079618 0.0909 0.094338
0 0.49446600000000007 0.162282 0.0934 0.082188
0 0.33194999999999997 0.246806 0.089666 0.086862
0 0.17006600000000005 0.321062 0.089666 0.07845
0 0.322616 0.391582 0.0909 0.077512
0 0.4863839999999999 0.314524 0.099634 0.080324
0 0.6464080000000001 0.236538 0.088416 0.077526
0 0.6395580000000001 0.385512 0.09215 0.0822
0 0.824492 0.1436 0.098384 0.099
0 0.8045659999999999 0.30565 0.0934 0.085
0 0.9564919999999999 0.373838 0.08095 0.08125
0 0.786508 0.447156 0.082184 0.076588
0 0.93035 0.514874 0.0934 0.077526
0 0.91665 0.6517 0.0934 0.06725
0 0.771566 0.584918 0.089666 0.066312
0 0.7510079999999999 0.712418 0.098384 0.076588
0 0.627108 0.522806 0.09465 0.070988
0 0.8960999999999999 0.774526 0.114566 0.073774
0 0.733574 0.835238 0.088416 0.068176
0 0.876174 0.895482 0.099616 0.070988
0 0.6090420000000001 0.654962 0.088416 0.071926
0 0.47641599999999995 0.458368 0.097134 0.076588
0 0.17317399999999994 0.465838 0.088416 0.074726
0 0.31825799999999993 0.52795 0.082184 0.071926
