0 0.18630799999999992 0.472788 0.08715 0.063826
0 0.36567400000000005 0.398676 0.089184 0.06765
0 0.536424 0.473162 0.090184 0.0722
0 0.36060800000000004 0.546118 0.08715 0.061562
0 0.17921600000000004 0.610344 0.093234 0.068412
0 0.355024 0.690526 0.092216 0.06765
0 0.5328740000000001 0.618706 0.09525 0.066888
0 0.17262599999999995 0.757788 0.08815 0.062326
0 0.523758 0.764632 0.093216 0.071438
0 0.707684 0.698888 0.094234 0.06765
0 0.7000839999999999 0.84215 0.095266 0.069926
0 0.514642 0.915876 0.09525 0.07145
0 0.3438840000000001 0.840632 0.086134 0.069912
0 0.157926 0.906368 0.08715 0.069162
