0 0.716345 0.605024 0.020235 0.013397
0 0.791616 0.456100 0.020235 0.013397
0 0.815442 0.457536 0.020235 0.013397
0 0.838186 0.457895 0.020235 0.013397
0 0.743782 0.470335 0.020235 0.013397
0 0.766886 0.471651 0.020235 0.013397
0 0.789810 0.471890 0.020235 0.013397
0 0.812735 0.472727 0.020235 0.013397
0 0.836200 0.473086 0.020235 0.013397
0 0.763998 0.486842 0.020235 0.013397
0 0.786381 0.486962 0.020235 0.013397
0 0.809486 0.488038 0.020235 0.013397
0 0.833132 0.488397 0.020235 0.013397
0 0.480424 0.497608 0.020235 0.013397
0 0.503709 0.498565 0.020235 0.013397
0 0.527717 0.500239 0.020235 0.013397
0 0.549738 0.501316 0.020235 0.013397
0 0.572482 0.502632 0.020235 0.013397
0 0.596309 0.502751 0.020235 0.013397
0 0.620135 0.503708 0.020235 0.013397
0 0.643601 0.504187 0.020235 0.013397
0 0.667608 0.505263 0.020235 0.013397
0 0.689269 0.506340 0.020235 0.013397
0 0.476273 0.512440 0.020235 0.013397
0 0.523926 0.515311 0.020235 0.013397
0 0.499919 0.513756 0.020235 0.013397
0 0.547211 0.516388 0.020235 0.013397
0 0.570496 0.517105 0.020235 0.013397
0 0.593601 0.517823 0.020235 0.013397
0 0.617969 0.518900 0.020235 0.013397
0 0.640171 0.519498 0.020235 0.013397
0 0.663818 0.520574 0.020235 0.013397
0 0.686742 0.521890 0.020235 0.013397
0 0.474106 0.529306 0.020235 0.013397
0 0.497753 0.529545 0.020235 0.013397
0 0.519774 0.530742 0.020235 0.013397
0 0.544323 0.532057 0.020235 0.013397
0 0.567789 0.532416 0.020235 0.013397
0 0.590894 0.533014 0.020235 0.013397
0 0.613998 0.533852 0.020235 0.013397
0 0.637825 0.534211 0.020235 0.013397
0 0.464901 0.580383 0.020235 0.013397
0 0.487283 0.581818 0.020235 0.013397
0 0.511291 0.582895 0.020235 0.013397
0 0.534937 0.583852 0.020235 0.013397
0 0.559125 0.585048 0.020235 0.013397
0 0.582410 0.585885 0.020235 0.013397
0 0.605514 0.586722 0.020235 0.013397
0 0.629161 0.587440 0.020235 0.013397
0 0.651182 0.587919 0.020235 0.013397
0 0.463096 0.595455 0.020235 0.013397
0 0.485839 0.597010 0.020235 0.013397
0 0.508403 0.597010 0.020235 0.013397
0 0.532951 0.599043 0.020235 0.013397
0 0.555334 0.600000 0.020235 0.013397
0 0.578258 0.600000 0.020235 0.013397
0 0.601182 0.600957 0.020235 0.013397
0 0.624106 0.601435 0.020235 0.013397
0 0.646489 0.602273 0.020235 0.013397
0 0.458944 0.610766 0.020235 0.013397
0 0.482229 0.611483 0.020235 0.013397
0 0.505875 0.612201 0.020235 0.013397
0 0.530063 0.613876 0.020235 0.013397
0 0.552085 0.613876 0.020235 0.013397
0 0.576634 0.614833 0.020235 0.013397
0 0.598475 0.615431 0.020235 0.013397
0 0.621038 0.615670 0.020235 0.013397
0 0.645406 0.617344 0.020235 0.013397
0 0.676453 0.574282 0.020235 0.013397
0 0.699377 0.574522 0.020235 0.013397
0 0.722843 0.575359 0.020235 0.013397
0 0.745767 0.576675 0.020235 0.013397
0 0.769052 0.577392 0.020235 0.013397
0 0.792518 0.577871 0.020235 0.013397
0 0.673745 0.589115 0.020235 0.013397
0 0.695406 0.589234 0.020235 0.013397
0 0.718872 0.590072 0.020235 0.013397
0 0.764901 0.591746 0.020235 0.013397
0 0.787464 0.593182 0.020235 0.013397
0 0.669413 0.603589 0.020235 0.013397
0 0.692879 0.604306 0.020235 0.013397
0 0.740171 0.606220 0.020235 0.013397
0 0.632049 0.682775 0.020235 0.013397
0 0.679883 0.670455 0.020235 0.013397
0 0.657139 0.669258 0.020235 0.013397
0 0.635117 0.668660 0.020235 0.013397
0 0.705875 0.656100 0.020235 0.013397
0 0.682951 0.655742 0.020235 0.013397
0 0.659847 0.655144 0.020235 0.013397
0 0.637464 0.654545 0.020235 0.013397
0 0.709486 0.641268 0.020235 0.013397
0 0.686922 0.641148 0.020235 0.013397
0 0.690713 0.618301 0.020235 0.013397
0 0.667789 0.617584 0.020235 0.013397
0 0.761471 0.606459 0.020235 0.013397
0 0.345596 0.328935 0.019675 0.010502
0 0.368520 0.329264 0.018014 0.011136
0 0.393610 0.330849 0.015379 0.010502
0 0.417256 0.331722 0.018484 0.010981
0 0.441859 0.332440 0.017762 0.011770
0 0.465749 0.333397 0.017996 0.011459
0 0.149179 0.343505 0.018718 0.012847
0 0.172699 0.345389 0.018249 0.011926
0 0.196706 0.345945 0.017780 0.011770
0 0.221300 0.346926 0.019964 0.012033
0 0.244116 0.347697 0.016570 0.012404
0 0.268718 0.348654 0.018267 0.012404
0 0.292978 0.349934 0.017762 0.012069
0 0.317446 0.351513 0.017744 0.011136
0 0.341462 0.351992 0.017762 0.012093
0 0.366309 0.352949 0.016083 0.010825
0 0.389865 0.354623 0.019549 0.011615
0 0.413357 0.355891 0.016101 0.011615
0 0.438213 0.357165 0.019206 0.010981
0 0.461625 0.357482 0.018484 0.011615
0 0.146769 0.359390 0.018736 0.010981
0 0.170542 0.360269 0.018736 0.012093
0 0.195370 0.361621 0.016119 0.010347
0 0.219016 0.362494 0.016300 0.010179
0 0.243023 0.363606 0.017310 0.012093
0 0.267166 0.364480 0.018484 0.011615
0 0.290686 0.365275 0.018484 0.011938
0 0.314621 0.365921 0.017690 0.012895
0 0.339296 0.368062 0.019711 0.012416
0 0.362951 0.368062 0.017996 0.012081
0 0.387202 0.369175 0.018014 0.012081
0 0.409648 0.370921 0.016805 0.011770
0 0.435569 0.372123 0.019693 0.011615
0 0.459567 0.373074 0.019242 0.012895
0 0.120244 0.373469 0.020415 0.013684
0 0.143773 0.374264 0.018484 0.012093
0 0.192265 0.376256 0.020884 0.012560
0 0.216255 0.377685 0.020379 0.012883
0 0.239440 0.378876 0.019675 0.012727
0 0.264161 0.379833 0.019693 0.012727
0 0.288520 0.381184 0.017978 0.012249
0 0.312166 0.382781 0.019675 0.012572
0 0.337148 0.383493 0.018736 0.012416
0 0.360063 0.384049 0.018935 0.012572
0 0.384431 0.384922 0.018755 0.012404
0 0.408556 0.386041 0.018953 0.011459
0 0.432563 0.387237 0.020903 0.012249
0 0.456579 0.388505 0.018971 0.011938
0 0.116634 0.388505 0.018032 0.012560
0 0.141011 0.389856 0.018736 0.012081
0 0.165605 0.391292 0.018032 0.012727
0 0.188773 0.392476 0.019170 0.013206
0 0.214116 0.394474 0.019928 0.011770
0 0.236661 0.394946 0.020433 0.013050
0 0.261986 0.396059 0.019711 0.012404
0 0.285153 0.396537 0.018935 0.012093
0 0.309413 0.398050 0.019440 0.011938
0 0.334152 0.397967 0.018484 0.011770
0 0.358276 0.399719 0.018718 0.012093
0 0.381787 0.400754 0.020144 0.012895
0 0.405551 0.401944 0.020199 0.013361
0 0.430280 0.403140 0.019188 0.012883
0 0.452843 0.403612 0.019188 0.013206
0 0.090722 0.411651 0.018484 0.011770
0 0.114603 0.412608 0.018736 0.011770
0 0.139440 0.413242 0.018989 0.013373
0 0.162482 0.415712 0.018935 0.012572
0 0.186625 0.415867 0.019675 0.012261
0 0.210271 0.416663 0.019458 0.013206
0 0.235000 0.417691 0.019928 0.013373
0 0.259125 0.419205 0.018249 0.012883
0 0.283005 0.420401 0.016588 0.011136
0 0.306643 0.422045 0.017292 0.010933
0 0.330785 0.422470 0.019440 0.013050
0 0.354070 0.422787 0.017996 0.011770
0 0.378195 0.425012 0.018231 0.011770
0 0.401949 0.425335 0.018267 0.012416
0 0.425848 0.425915 0.018484 0.011878
0 0.447924 0.426609 0.018953 0.012093
0 0.088682 0.427004 0.020650 0.013194
0 0.111958 0.427632 0.018718 0.011627
0 0.136679 0.428672 0.020144 0.013038
0 0.160569 0.430341 0.018032 0.012883
0 0.184106 0.431298 0.018971 0.012883
0 0.209296 0.432626 0.018989 0.013098
0 0.233421 0.433451 0.019188 0.013361
0 0.256236 0.434719 0.020162 0.013050
0 0.279143 0.435036 0.018971 0.012727
0 0.303890 0.436154 0.018971 0.013361
0 0.327536 0.437105 0.018755 0.013038
0 0.351191 0.437901 0.019458 0.013050
0 0.374477 0.439815 0.020397 0.014318
0 0.384531 0.525150 0.018809 0.012333
0 0.409431 0.525742 0.019404 0.012727
0 0.431643 0.525945 0.018195 0.011794
0 0.358321 0.538666 0.018014 0.012069
0 0.381426 0.540323 0.021805 0.012990
0 0.405632 0.540389 0.021011 0.013122
0 0.430244 0.541256 0.020199 0.013780
0 0.095144 0.550670 0.021011 0.012990
0 0.118755 0.551196 0.020614 0.012727
0 0.142662 0.552398 0.017996 0.012452
0 0.167067 0.552590 0.020415 0.012596
0 0.092644 0.565843 0.019621 0.012333
0 0.116444 0.566310 0.019206 0.012452
0 0.113547 0.581226 0.020596 0.012859
0 0.111850 0.596669 0.018791 0.013792
0 0.138258 0.581555 0.019621 0.013517
0 0.136255 0.597069 0.020018 0.013517
0 0.163773 0.568301 0.021805 0.013254
0 0.162067 0.583882 0.020415 0.012859
0 0.160866 0.598266 0.020397 0.012727
0 0.190866 0.553451 0.019603 0.012189
0 0.188267 0.568959 0.019206 0.012990
0 0.185469 0.585066 0.020794 0.013122
0 0.183664 0.599318 0.019603 0.013254
0 0.213773 0.555311 0.021011 0.013254
0 0.212175 0.569892 0.020596 0.012727
0 0.209377 0.585670 0.019404 0.013254
0 0.207671 0.600449 0.020000 0.012069
0 0.237383 0.556232 0.020217 0.012990
0 0.236083 0.571483 0.020794 0.012727
0 0.232690 0.585933 0.020000 0.012464
0 0.231579 0.601244 0.018610 0.012321
0 0.260487 0.556830 0.019603 0.013923
0 0.260388 0.572739 0.020199 0.013397
0 0.256886 0.587327 0.020415 0.012596
0 0.254395 0.602105 0.019404 0.012990
0 0.284702 0.557560 0.020415 0.013517
0 0.283105 0.573600 0.018809 0.012727
0 0.280695 0.588780 0.020018 0.013923
0 0.277392 0.603565 0.019801 0.013254
0 0.309206 0.558953 0.018989 0.012859
0 0.305307 0.574462 0.019603 0.013923
0 0.303601 0.589312 0.019007 0.012069
0 0.301200 0.604892 0.019404 0.013517
0 0.331309 0.560347 0.020018 0.013780
0 0.329116 0.575455 0.019603 0.012727
0 0.326913 0.590508 0.020000 0.013122
0 0.325208 0.604892 0.019007 0.012464
0 0.355415 0.560742 0.020217 0.013780
0 0.352220 0.576914 0.020217 0.012990
0 0.349007 0.591633 0.018592 0.012452
0 0.348213 0.606812 0.020614 0.013385
0 0.379422 0.561872 0.021805 0.012859
0 0.376724 0.577051 0.022004 0.013529
0 0.372653 0.592231 0.021480 0.012859
0 0.371318 0.607404 0.019206 0.011938
0 0.402329 0.562661 0.018809 0.012596
0 0.400126 0.577715 0.018014 0.012464
0 0.397130 0.593092 0.020000 0.011926
0 0.394431 0.608140 0.019801 0.012333
0 0.425542 0.564121 0.019206 0.012859
0 0.423141 0.579103 0.018412 0.012057
0 0.421137 0.593301 0.019206 0.013158
0 0.418836 0.608337 0.019801 0.012727
0 0.156561 0.620000 0.019801 0.012727
0 0.179765 0.621459 0.018195 0.012990
0 0.203475 0.621854 0.019621 0.012464
0 0.227283 0.623050 0.018791 0.012201
0 0.250090 0.624378 0.019603 0.011675
0 0.274197 0.624976 0.018213 0.011794
0 0.296498 0.626100 0.019206 0.012727
0 0.320605 0.626830 0.018213 0.012871
0 0.344016 0.627560 0.017816 0.012201
0 0.367726 0.628750 0.018412 0.013529
0 0.391128 0.629282 0.018394 0.012727
0 0.414440 0.629677 0.017401 0.012727
0 0.153664 0.635317 0.019603 0.012859
0 0.178466 0.636041 0.019603 0.012464
0 0.201679 0.636441 0.019206 0.013002
0 0.225379 0.637303 0.017401 0.012069
0 0.247491 0.638098 0.020794 0.012321
0 0.271697 0.639163 0.019603 0.011794
0 0.295307 0.639689 0.018809 0.011794
0 0.318105 0.641483 0.018809 0.012464
0 0.340821 0.642141 0.019404 0.012990
0 0.365117 0.643134 0.017996 0.011794
0 0.388032 0.643600 0.017798 0.012727
0 0.410830 0.644258 0.020217 0.012727
0 0.175569 0.650694 0.019801 0.013397
0 0.199170 0.651160 0.021408 0.012464
0 0.222175 0.651555 0.019404 0.012727
0 0.619946 0.379665 0.019134 0.013158
0 0.644043 0.380801 0.020758 0.013517
0 0.666968 0.382237 0.019314 0.013278
0 0.499097 0.390969 0.019314 0.012081
0 0.522121 0.391567 0.019116 0.011603
0 0.546760 0.392344 0.019332 0.011483
0 0.570036 0.393002 0.020036 0.012799
0 0.591922 0.394139 0.019404 0.012201
0 0.616606 0.395215 0.017870 0.011244
0 0.640072 0.396053 0.018953 0.012201
0 0.663357 0.397608 0.020397 0.012679
0 0.495857 0.406699 0.019332 0.012440
0 0.520126 0.407356 0.019856 0.012560
0 0.543240 0.408014 0.018791 0.012440
0 0.567247 0.408852 0.018791 0.012679
0 0.590262 0.409749 0.020018 0.012799
0 0.613366 0.411005 0.019296 0.012919
0 0.637906 0.412261 0.018592 0.011842
0 0.660388 0.412261 0.019477 0.012799
0 0.693421 0.367105 0.018755 0.012201
0 0.716561 0.368959 0.019224 0.012321
0 0.741435 0.369498 0.019116 0.011962
0 0.764215 0.370455 0.019946 0.012201
0 0.788096 0.371651 0.018213 0.011005
0 0.810930 0.372368 0.018394 0.011962
0 0.690343 0.383254 0.019134 0.012201
0 0.714711 0.383911 0.019495 0.011842
0 0.738096 0.385048 0.019657 0.012679
0 0.762644 0.385885 0.019693 0.012440
0 0.784576 0.386663 0.018755 0.012081
0 0.808574 0.387560 0.020578 0.012919
0 0.686832 0.398146 0.020018 0.012560
0 0.710334 0.399342 0.019404 0.013517
0 0.734116 0.400239 0.018231 0.011722
0 0.758222 0.401256 0.022004 0.013756
0 0.804152 0.402931 0.020397 0.012560
0 0.827897 0.403469 0.020596 0.012919
0 0.684477 0.413278 0.021480 0.013158
0 0.707960 0.413995 0.020758 0.013158
0 0.731327 0.415072 0.020235 0.012679
0 0.754422 0.416148 0.020939 0.012440
0 0.779070 0.417763 0.020379 0.013756
0 0.801904 0.418361 0.019116 0.012799
0 0.824910 0.419557 0.021841 0.013756
0 0.492690 0.429306 0.019495 0.013397
0 0.515523 0.429904 0.018953 0.012679
0 0.819955 0.442225 0.020235 0.013397
0 0.842879 0.443900 0.020235 0.013397
0 0.722121 0.453828 0.020235 0.013397
0 0.746309 0.454665 0.020235 0.013397
0 0.768872 0.455861 0.020235 0.013397
0 0.152067 0.484779 0.017599 0.011400
0 0.685713 0.280150 0.019801 0.012333
0 0.515758 0.289300 0.020000 0.012333
0 0.539468 0.290957 0.020596 0.013780
0 0.563574 0.290161 0.020794 0.013529
0 0.589079 0.290760 0.021011 0.012596
0 0.611986 0.292745 0.018809 0.012069
0 0.635894 0.293409 0.019007 0.012057
0 0.657500 0.294731 0.019404 0.012069
0 0.682410 0.295598 0.020415 0.012727
0 0.707717 0.297793 0.018610 0.012572
0 0.513060 0.304611 0.020596 0.013792
0 0.536670 0.306334 0.019801 0.013266
0 0.560379 0.307063 0.020397 0.014725
0 0.585081 0.307530 0.020596 0.014844
0 0.608394 0.308391 0.018809 0.013385
0 0.631796 0.309647 0.020812 0.013529
0 0.656200 0.310443 0.020018 0.013254
0 0.680009 0.311573 0.021209 0.012859
0 0.705217 0.312303 0.018014 0.011663
0 0.727717 0.313361 0.019404 0.012727
0 0.751525 0.315150 0.019801 0.012596
0 0.511255 0.321118 0.019007 0.012333
0 0.534666 0.321513 0.020596 0.011806
0 0.558276 0.322111 0.020199 0.012189
0 0.582085 0.323104 0.018610 0.011806
0 0.605794 0.323840 0.018809 0.012464
0 0.629801 0.325365 0.019603 0.012859
0 0.654097 0.326483 0.021011 0.012464
0 0.677608 0.327548 0.020812 0.013254
0 0.701516 0.327679 0.021011 0.013517
0 0.725117 0.329139 0.019801 0.012727
0 0.748727 0.330401 0.019007 0.012333
0 0.772040 0.331722 0.019206 0.014187
0 0.507500 0.336017 0.021390 0.013660
0 0.532004 0.337673 0.018809 0.014055
0 0.556209 0.338272 0.018809 0.013122
0 0.579323 0.339330 0.019801 0.013660
0 0.603529 0.339994 0.019007 0.012859
0 0.627536 0.340855 0.018610 0.012189
0 0.651643 0.341782 0.018412 0.012990
0 0.674440 0.342978 0.018809 0.011938
0 0.698448 0.343577 0.019206 0.012321
0 0.722157 0.344635 0.018610 0.012333
0 0.745469 0.346358 0.020000 0.013122
0 0.768971 0.347356 0.021011 0.013254
0 0.503800 0.359510 0.019332 0.012799
0 0.527455 0.360885 0.018953 0.012201
0 0.551273 0.360227 0.020054 0.012560
0 0.575451 0.362141 0.018953 0.011603
0 0.600190 0.363517 0.017888 0.011722
0 0.624368 0.364773 0.018592 0.011842
0 0.646751 0.365251 0.017148 0.011364
0 0.670578 0.366208 0.021119 0.012560
0 0.501282 0.375179 0.018953 0.013278
0 0.524910 0.376316 0.016787 0.011962
0 0.549007 0.377093 0.019495 0.013038
0 0.572392 0.377871 0.020379 0.012679
0 0.597202 0.379127 0.018773 0.012321
0 0.539079 0.431220 0.019495 0.012201
0 0.561868 0.432656 0.018863 0.012201
0 0.585794 0.433433 0.018303 0.012321
0 0.609486 0.433792 0.019152 0.012081
0 0.633303 0.434689 0.019856 0.012201
0 0.657671 0.435646 0.016968 0.012201
0 0.680686 0.437919 0.021480 0.014593
0 0.703980 0.437081 0.019693 0.013158
0 0.488646 0.444258 0.020758 0.012919
0 0.511011 0.445754 0.020036 0.013278
0 0.536742 0.445754 0.021282 0.013756
0 0.560199 0.448026 0.019856 0.012560
0 0.584477 0.448385 0.020036 0.012799
0 0.607410 0.448744 0.019693 0.012799
0 0.631227 0.449761 0.020036 0.012201
0 0.654612 0.450897 0.020235 0.013038
0 0.677888 0.452512 0.019856 0.012440
0 0.700812 0.452990 0.019856 0.012919
0 0.485839 0.460048 0.018755 0.012440
0 0.508953 0.460885 0.019856 0.012679
0 0.534125 0.462022 0.021137 0.013038
0 0.556327 0.462679 0.021498 0.012201
0 0.581498 0.463218 0.021661 0.013278
0 0.603881 0.464833 0.019134 0.013397
0 0.627536 0.465012 0.018430 0.013278
0 0.651814 0.466268 0.020379 0.013158
0 0.675551 0.468062 0.020921 0.014354
0 0.698195 0.468660 0.020397 0.012679
0 0.483312 0.474641 0.018791 0.012679
0 0.506859 0.476316 0.020036 0.012679
0 0.529792 0.477512 0.020018 0.013158
0 0.554061 0.477452 0.020578 0.012560
0 0.578258 0.478469 0.020235 0.013397
0 0.600460 0.479545 0.020235 0.013397
0 0.623204 0.480502 0.020235 0.013397
0 0.623204 0.480383 0.020235 0.013397
0 0.648294 0.481699 0.020235 0.013397
0 0.670316 0.482656 0.020235 0.013397
0 0.692157 0.483254 0.020235 0.013397
0 0.715262 0.484809 0.020235 0.013397
0 0.720135 0.469378 0.020235 0.013397
0 0.740713 0.485167 0.020235 0.013397
0 0.725912 0.438636 0.020235 0.013397
0 0.749558 0.439474 0.020235 0.013397
0 0.772482 0.439593 0.020235 0.013397
0 0.796850 0.440789 0.020235 0.013397
0 0.659305 0.535407 0.020235 0.013397
0 0.683854 0.536722 0.020235 0.013397
0 0.470316 0.543301 0.020235 0.013397
0 0.493240 0.544019 0.020235 0.013397
0 0.519052 0.544976 0.020235 0.013397
0 0.541977 0.547010 0.020235 0.013397
0 0.565081 0.547249 0.020235 0.013397
0 0.588186 0.547608 0.020235 0.013397
0 0.612735 0.549522 0.020235 0.013397
0 0.635117 0.549043 0.020235 0.013397
0 0.658583 0.551077 0.020235 0.013397
0 0.679341 0.551435 0.020235 0.013397
0 0.713096 0.508732 0.020235 0.013397
0 0.735839 0.508971 0.020235 0.013397
0 0.759486 0.510526 0.020235 0.013397
0 0.782410 0.509809 0.020235 0.013397
0 0.805334 0.510766 0.020235 0.013397
0 0.828800 0.511603 0.020235 0.013397
0 0.708944 0.522249 0.020235 0.013397
0 0.732771 0.522967 0.020235 0.013397
0 0.755153 0.524163 0.020235 0.013397
0 0.779161 0.524641 0.020235 0.013397
0 0.802807 0.525359 0.020235 0.013397
0 0.824648 0.526794 0.020235 0.013397
0 0.705875 0.537799 0.020235 0.013397
0 0.729341 0.537919 0.020235 0.013397
0 0.752085 0.539115 0.020235 0.013397
0 0.774648 0.539593 0.020235 0.013397
0 0.798114 0.540909 0.020235 0.013397
0 0.821760 0.541148 0.020235 0.013397
0 0.703348 0.551794 0.020235 0.013397
0 0.726995 0.553110 0.020235 0.013397
0 0.750460 0.554306 0.020235 0.013397
0 0.773023 0.555263 0.020235 0.013397
0 0.795587 0.556220 0.020235 0.013397
0 0.818150 0.556340 0.020235 0.013397
0 0.467789 0.566388 0.020235 0.013397
0 0.490171 0.567225 0.020235 0.013397
0 0.514179 0.568182 0.020235 0.013397
0 0.537825 0.568780 0.020235 0.013397
0 0.561652 0.569856 0.020235 0.013397
0 0.584937 0.571172 0.020235 0.013397
0 0.607681 0.572249 0.020235 0.013397
0 0.630605 0.572249 0.020235 0.013397
0 0.654251 0.572967 0.020235 0.013397
0 0.713637 0.619737 0.020235 0.013397
0 0.736922 0.621292 0.020235 0.013397
0 0.758944 0.621411 0.020235 0.013397
0 0.455875 0.632775 0.020235 0.013397
0 0.479161 0.633134 0.020235 0.013397
0 0.501543 0.634211 0.020235 0.013397
0 0.525551 0.635167 0.020235 0.013397
0 0.548114 0.635885 0.020235 0.013397
0 0.572482 0.636005 0.020235 0.013397
0 0.595226 0.637081 0.020235 0.013397
0 0.617428 0.638038 0.020235 0.013397
0 0.452626 0.646531 0.020235 0.013397
0 0.475731 0.647727 0.020235 0.013397
0 0.500099 0.648923 0.020235 0.013397
0 0.523384 0.649402 0.020235 0.013397
0 0.545587 0.649761 0.020235 0.013397
0 0.569052 0.651794 0.020235 0.013397
0 0.591435 0.652153 0.020235 0.013397
0 0.614540 0.653230 0.020235 0.013397
0 0.450641 0.662081 0.020235 0.013397
0 0.473384 0.662799 0.020235 0.013397
0 0.495406 0.663038 0.020235 0.013397
0 0.519594 0.663995 0.020235 0.013397
0 0.541796 0.664593 0.020235 0.013397
0 0.565984 0.665670 0.020235 0.013397
0 0.588908 0.666148 0.020235 0.013397
0 0.612915 0.667584 0.020235 0.013397
0 0.447572 0.676196 0.020235 0.013397
0 0.469955 0.677392 0.020235 0.013397
0 0.494143 0.677871 0.020235 0.013397
0 0.516886 0.678947 0.020235 0.013397
0 0.539088 0.679545 0.020235 0.013397
0 0.562915 0.680144 0.020235 0.013397
0 0.587103 0.681340 0.020235 0.013397
0 0.609666 0.682416 0.020235 0.013397
0 0.445587 0.691148 0.020235 0.013397
0 0.467969 0.691866 0.020235 0.013397
0 0.491616 0.692943 0.020235 0.013397
0 0.515442 0.693062 0.020235 0.013397
0 0.537283 0.693900 0.020235 0.013397
0 0.561291 0.695455 0.020235 0.013397
0 0.583854 0.695933 0.020235 0.013397
0 0.606236 0.696890 0.020235 0.013397
0 0.640171 0.639474 0.020235 0.013397
0 0.662193 0.640550 0.020235 0.013397
0 0.306227 0.264193 0.019675 0.011782
0 0.331110 0.264504 0.017455 0.009868
0 0.354594 0.266023 0.018971 0.010658
0 0.379088 0.266579 0.017527 0.010813
0 0.403691 0.267853 0.018718 0.010825
0 0.427103 0.269282 0.017527 0.010191
0 0.451588 0.270634 0.018014 0.010335
0 0.475352 0.270957 0.019910 0.011292
0 0.278745 0.278511 0.017527 0.010490
0 0.303231 0.279719 0.018484 0.011591
0 0.328430 0.280658 0.020397 0.012249
0 0.351958 0.281453 0.017527 0.011615
0 0.376318 0.281854 0.017762 0.011459
0 0.401047 0.283122 0.017762 0.011459
0 0.425298 0.284157 0.018249 0.010969
0 0.448944 0.285508 0.017527 0.011136
0 0.472112 0.286065 0.019206 0.012249
0 0.229404 0.291878 0.018736 0.011770
0 0.252211 0.292512 0.017274 0.011770
0 0.277662 0.293469 0.018249 0.011770
0 0.301300 0.294581 0.016570 0.011459
0 0.326155 0.295772 0.019206 0.011926
0 0.349549 0.297045 0.018484 0.012560
0 0.373439 0.297446 0.018718 0.012093
0 0.398412 0.298559 0.019206 0.013050
0 0.421814 0.299510 0.015614 0.010813
0 0.445821 0.299833 0.019440 0.012727
0 0.470551 0.301178 0.017996 0.012883
0 0.202509 0.306986 0.020650 0.011770
0 0.226643 0.307309 0.019458 0.012727
0 0.250767 0.308499 0.019693 0.012883
0 0.274901 0.309133 0.017527 0.011926
0 0.299377 0.310012 0.016083 0.010813
0 0.324224 0.311364 0.017762 0.010981
0 0.347753 0.313008 0.016336 0.011184
0 0.371760 0.313744 0.017274 0.011938
0 0.395884 0.315993 0.018014 0.011890
0 0.419531 0.316136 0.017292 0.011938
0 0.444025 0.316854 0.018736 0.011459
0 0.468032 0.318361 0.019206 0.011938
0 0.199558 0.322267 0.018574 0.011758
0 0.224125 0.322972 0.019693 0.012572
0 0.248366 0.324438 0.018718 0.011555
0 0.274052 0.326130 0.018718 0.011352
0 0.296381 0.326794 0.017780 0.012249
0 0.320984 0.327925 0.019440 0.011591
0 0.399197 0.440048 0.019440 0.013206
0 0.423078 0.440371 0.020632 0.013206
0 0.446733 0.442117 0.019928 0.013206
0 0.086273 0.442279 0.020162 0.013840
0 0.109088 0.443152 0.020162 0.013672
0 0.134693 0.444103 0.019061 0.012727
0 0.158177 0.445221 0.018484 0.012404
0 0.181462 0.446573 0.018484 0.011926
0 0.206534 0.447841 0.018267 0.012883
0 0.229838 0.448720 0.021119 0.012416
0 0.253836 0.449910 0.019224 0.013529
0 0.276769 0.450550 0.019928 0.013517
0 0.301002 0.451423 0.021859 0.012416
0 0.325857 0.452775 0.019693 0.012560
0 0.348294 0.453965 0.019946 0.013050
0 0.372301 0.455478 0.020379 0.012895
0 0.396913 0.455078 0.019206 0.013361
0 0.419359 0.456513 0.021390 0.012715
0 0.444558 0.457548 0.018935 0.011938
0 0.083872 0.457626 0.018249 0.013050
0 0.108105 0.458738 0.020144 0.013361
0 0.131886 0.460251 0.020162 0.013517
0 0.156489 0.461364 0.019946 0.013206
0 0.180253 0.462799 0.018989 0.012560
0 0.202834 0.463355 0.019928 0.013361
0 0.227789 0.464312 0.018971 0.013050
0 0.251805 0.464629 0.021372 0.013684
0 0.276273 0.465819 0.018935 0.013529
0 0.299567 0.466932 0.019928 0.012883
0 0.323096 0.468283 0.018971 0.013050
0 0.347211 0.469163 0.020199 0.013206
0 0.370993 0.470036 0.018736 0.013373
0 0.393114 0.471705 0.020271 0.013529
0 0.417428 0.471705 0.021823 0.012883
0 0.441318 0.472028 0.020181 0.012572
0 0.081516 0.481459 0.018267 0.012464
0 0.105451 0.482793 0.020000 0.011663
0 0.127753 0.483254 0.019007 0.012321
0 0.175966 0.486041 0.017816 0.011794
0 0.198773 0.486968 0.020614 0.012069
0 0.223881 0.487165 0.018809 0.012727
0 0.246489 0.487961 0.018791 0.012189
0 0.271895 0.489019 0.018412 0.012201
0 0.296597 0.489420 0.018610 0.011926
0 0.320505 0.491669 0.018809 0.011400
0 0.079440 0.496579 0.018014 0.012201
0 0.101345 0.497374 0.020199 0.011926
0 0.124458 0.499163 0.020000 0.012871
0 0.150162 0.499360 0.018592 0.012189
0 0.174061 0.500556 0.019206 0.011663
0 0.198673 0.501812 0.017996 0.011806
0 0.222383 0.503074 0.017004 0.011411
0 0.245686 0.503337 0.020000 0.011675
0 0.269395 0.504264 0.020596 0.011926
0 0.292500 0.504994 0.019621 0.012596
0 0.317708 0.507380 0.019603 0.011531
0 0.340307 0.507117 0.019206 0.013134
0 0.076146 0.511752 0.019404 0.012596
0 0.100551 0.512285 0.019404 0.013660
0 0.124756 0.513409 0.020596 0.012727
0 0.148664 0.514408 0.019603 0.012859
0 0.171968 0.515203 0.021408 0.012584
0 0.195271 0.516262 0.018412 0.012596
0 0.219079 0.517656 0.019206 0.012990
0 0.241381 0.519115 0.019801 0.012201
0 0.266796 0.519910 0.019801 0.012189
0 0.289792 0.520957 0.019007 0.011914
0 0.314314 0.521962 0.019206 0.012057
0 0.338005 0.521968 0.019007 0.012333
0 0.074440 0.527069 0.019206 0.012464
0 0.098150 0.527799 0.018213 0.013134
0 0.122347 0.528529 0.021408 0.013517
0 0.146164 0.530251 0.019404 0.012727
0 0.169666 0.530185 0.021209 0.012333
0 0.194477 0.531178 0.019603 0.012189
0 0.217374 0.532841 0.019007 0.012596
0 0.241182 0.533433 0.020199 0.012464
0 0.264693 0.534761 0.019603 0.012464
0 0.288899 0.535682 0.020000 0.012464
0 0.311597 0.536549 0.019404 0.012069
0 0.335406 0.537811 0.019404 0.012990
0 0.343610 0.491800 0.017401 0.011136
0 0.365523 0.492865 0.019206 0.011926
0 0.389928 0.493726 0.020397 0.012333
0 0.414729 0.493397 0.019603 0.013254
0 0.438042 0.494659 0.020993 0.012859
0 0.363718 0.508445 0.018809 0.012057
0 0.387229 0.509701 0.019007 0.012727
0 0.411931 0.510634 0.020000 0.012464
0 0.434946 0.511094 0.019206 0.012859
0 0.361218 0.524217 0.019801 0.013648
0 0.244188 0.652416 0.018592 0.012584
0 0.268998 0.653672 0.020199 0.012990
0 0.291895 0.654270 0.018412 0.012057
0 0.315605 0.655664 0.020993 0.012189
0 0.338213 0.656196 0.020217 0.012201
0 0.362220 0.657656 0.018592 0.012464
0 0.385226 0.658248 0.019404 0.012333
0 0.408430 0.659773 0.020614 0.012727
0 0.218980 0.667865 0.022617 0.014581
0 0.243087 0.668128 0.019603 0.013529
0 0.265894 0.668989 0.020415 0.013911
0 0.289702 0.669587 0.021209 0.014318
0 0.314106 0.670778 0.020018 0.013517
0 0.336616 0.671376 0.019801 0.013134
0 0.359314 0.672105 0.019603 0.012464
0 0.382329 0.673236 0.019603 0.012596
0 0.405334 0.674426 0.020812 0.012057
0 0.240181 0.682644 0.021805 0.013134
0 0.264097 0.684432 0.020000 0.013266
0 0.288105 0.684300 0.019603 0.011926
0 0.310307 0.684635 0.018809 0.012333
0 0.332509 0.685556 0.020397 0.012596
0 0.356625 0.685760 0.021408 0.012189
0 0.379829 0.686752 0.019801 0.012596
0 0.403330 0.688409 0.020415 0.012990
0 0.517861 0.272667 0.019404 0.012727
0 0.542166 0.274258 0.018014 0.012727
0 0.566977 0.274916 0.017996 0.012727
0 0.589982 0.275849 0.018014 0.012727
0 0.613691 0.276836 0.019404 0.012859
0 0.638195 0.277763 0.018412 0.011794
0 0.662202 0.278894 0.018809 0.011136
