0 0.6485320000000001 0.14066599999999996 0.100688 0.194888
0 0.5170939999999999 0.202334 0.097312 0.198888
0 0.6127499999999999 0.3694440000000001 0.105124 0.214888
0 0.392876 0.247112 0.095124 0.177112
0 0.170782 0.14466599999999996 0.105188 0.190888
0 0.13553199999999999 0.38238799999999995 0.108562 0.193
0 0.35818799999999995 0.468944 0.097374 0.179
0 0.22896800000000006 0.529612 0.096188 0.181
0 0.579156 0.577278 0.105188 0.185
0 0.706718 0.5186120000000001 0.107438 0.183
0 0.668688 0.739444 0.111874 0.175112
0 0.798468 0.679778 0.102938 0.179112
0 0.929406 0.6220559999999999 0.105188 0.183
0 0.89025 0.849834 0.107374 0.193
0 0.762124 0.8996120000000001 0.10625 0.181
0 0.8672820000000001 0.22622199999999992 0.104062 0.190888
0 0.741406 0.29383399999999993 0.100688 0.183
0 0.9545619999999999 0.4022779999999999 0.090624 0.193
0 0.835968 0.458944 0.104062 0.183
0 0.26925 0.30083400000000005 0.09625 0.181
0 0.484626 0.4151659999999999 0.097376 0.183
0 0.10140600000000011 0.594222 0.109688 0.194888
0 0.071218 0.799112 0.105188 0.194888
0 0.19428200000000007 0.7523340000000001 0.102938 0.208888
0 0.3201560000000001 0.6996659999999999 0.106312 0.198888
0 0.28715599999999997 0.907556 0.102938 0.173112
0 0.448844 0.628056 0.106312 0.191
0 0.413594 0.8528340000000001 0.102938 0.175
0 0.5422819999999999 0.7961659999999999 0.105188 0.185
