0 0.18704999999999994 0.17200400000000005 0.09605 0.095224
0 0.564162 0.160512 0.081974 0.105064
0 0.6800619999999999 0.5906419999999999 0.080674 0.101794
0 0.51935 0.25984000000000007 0.0717 0.096858
0 0.7043740000000001 0.255738 0.07555 0.114936
0 0.747288 0.16216399999999997 0.084526 0.114904
0 0.653162 0.15559199999999995 0.067874 0.095224
0 0.23954999999999993 0.27133000000000007 0.0909 0.109968
0 0.47134999999999994 0.16660199999999992 0.0811 0.091666
0 0.616476 0.2698879999999999 0.08325 0.093044
0 0.25344999999999995 0.4954799999999999 0.0907 0.10673
0 0.552238 0.7109620000000001 0.090724 0.110834
0 0.598738 0.05955200000000005 0.079376 0.100128
0 0.724226 0.48312599999999994 0.0794 0.10343
0 0.5872120000000001 0.592276 0.074276 0.101794
0 0.3253379999999999 0.06447200000000008 0.083224 0.109968
0 0.41306200000000004 0.05790000000000006 0.081974 0.10016
0 0.050661999999999985 0.0743100000000001 0.087074 0.10343
0 0.14272400000000007 0.06185799999999997 0.07905 0.101282
0 0.22805000000000009 0.06466400000000005 0.08325 0.109456
0 0.5054879999999999 0.06055999999999995 0.091774 0.093044
0 0.09732600000000002 0.17548000000000008 0.07365 0.093012
0 0.285674 0.17069 0.07895 0.097148
0 0.37743799999999994 0.17001599999999994 0.083224 0.093044
0 0.0455620000000001 0.28423 0.085376 0.099872
0 0.1490880000000001 0.27876600000000007 0.076826 0.105352
0 0.3342259999999999 0.2760419999999999 0.08005 0.102596
0 0.43080000000000007 0.27125 0.0811 0.098526
0 0.10264999999999991 0.387532 0.0843 0.09577
0 0.19496200000000008 0.38344599999999995 0.078974 0.090288
0 0.29207399999999994 0.37796399999999997 0.0811 0.093044
0 0.3870499999999999 0.3759140000000001 0.0811 0.097148
0 0.4820120000000001 0.37932600000000005 0.085374 0.103974
0 0.57945 0.373718 0.07255 0.101218
0 0.6728259999999999 0.36961599999999994 0.0843 0.101218
0 0.756588 0.37030399999999997 0.078974 0.105352
0 0.630612 0.48440799999999995 0.083324 0.098494
0 0.537288 0.48658599999999996 0.082176 0.105352
0 0.44126200000000004 0.4852240000000001 0.075774 0.099872
0 0.34361200000000003 0.4893259999999999 0.078976 0.110834
0 0.054950000000000054 0.496154 0.0779 0.083462
0 0.15152600000000005 0.48726 0.0811 0.090288
0 0.10831199999999996 0.6021799999999999 0.101376 0.103974
0 0.198488 0.598076 0.085376 0.09577
0 0.3004 0.6021799999999999 0.0971 0.087564
0 0.39643800000000007 0.6008180000000001 0.088574 0.10125
0 0.4898119999999999 0.602868 0.078976 0.102596
0 0.44926200000000005 0.712324 0.083226 0.097148
0 0.3532120000000001 0.7150639999999999 0.083224 0.110834
0 0.25665000000000004 0.713686 0.0843 0.102628
0 0.16007400000000005 0.719166 0.09605 0.10532
0 0.056024000000000074 0.7301120000000001 0.0907 0.110802
0 0.1051120000000001 0.851858 0.105624 0.127244
0 0.21288799999999997 0.8443419999999999 0.086424 0.136826
0 0.3051999999999999 0.838878 0.0875 0.123142
0 0.40602399999999994 0.8361700000000001 0.09495 0.112276
0 0.500488 0.8272440000000001 0.085374 0.119038
