0 0.019471999999999934 0.7198260000000001 0.027496 0.036876
0 0.01634599999999997 0.6892400000000001 0.027496 0.036876
0 0.01634599999999997 0.650542 0.027496 0.036876
0 0.04293799999999992 0.776486 0.027496 0.036876
0 0.036685999999999996 0.7531019999999999 0.027496 0.036876
0 0.040564000000000044 0.7207380000000001 0.027496 0.036876
0 0.04135599999999995 0.68564 0.027496 0.036876
0 0.04448199999999991 0.6478520000000001 0.027496 0.036876
0 0.043692000000000064 0.6190880000000001 0.027496 0.036876
0 0.026515999999999984 0.6163559999999999 0.027496 0.036876
0 0.021846000000000032 0.58937 0.027496 0.036876
0 0.06323999999999996 0.7809980000000001 0.027496 0.036876
0 0.06557400000000002 0.7495019999999999 0.027496 0.036876
0 0.06478399999999995 0.747722 0.027496 0.036876
0 0.06869999999999998 0.718048 0.027496 0.036876
0 0.06949200000000011 0.68295 0.027496 0.036876
0 0.06869999999999998 0.6487639999999999 0.027496 0.036876
0 0.09291999999999989 0.715314 0.027496 0.036876
0 0.09133799999999992 0.748634 0.027496 0.036876
0 0.09291999999999989 0.7756179999999999 0.027496 0.036876
0 0.09054600000000002 0.8115840000000001 0.027496 0.036876
0 0.1233519999999999 0.7423 0.027496 0.036876
0 0.12180799999999992 0.711714 0.027496 0.036876
0 0.10071600000000003 0.674838 0.027496 0.036876
0 0.0710360000000001 0.6172660000000001 0.027496 0.036876
0 0.047608000000000095 0.584902 0.027496 0.036876
0 0.02026400000000006 0.5560959999999999 0.027496 0.036876
0 0.022597999999999896 0.52013 0.027496 0.036876
0 0.05540400000000001 0.5452920000000001 0.027496 0.036876
0 0.07495199999999991 0.5767899999999999 0.027496 0.036876
0 0.1015060000000001 0.6091979999999999 0.027496 0.036876
0 0.1249340000000001 0.644252 0.027496 0.036876
0 0.12727 0.672148 0.027496 0.036876
0 0.14915199999999995 0.7108460000000001 0.027496 0.036876
0 0.08120599999999989 0.5452920000000001 0.027496 0.036876
0 0.10696799999999995 0.570498 0.027496 0.036876
0 0.1350659999999999 0.601084 0.027496 0.036876
0 0.13585599999999998 0.568676 0.027496 0.036876
0 0.11555599999999999 0.538092 0.027496 0.036876
0 0.027306000000000052 0.48594399999999993 0.027496 0.036876
0 0.05619599999999991 0.509328 0.027496 0.036876
0 0.08353999999999995 0.507506 0.027496 0.036876
0 0.10930400000000007 0.5003040000000001 0.027496 0.036876
0 0.13585599999999998 0.501214 0.027496 0.036876
0 0.08587600000000006 0.4733179999999999 0.027496 0.036876
0 0.0577399999999999 0.47783 0.027496 0.036876
0 0.029641999999999946 0.44724600000000003 0.027496 0.036876
0 0.15461400000000003 0.67666 0.027496 0.036876
0 0.15069599999999994 0.636182 0.027496 0.036876
0 0.16787200000000002 0.594794 0.027496 0.036876
0 0.17099799999999998 0.562386 0.027496 0.036876
0 0.15774 0.5327120000000001 0.027496 0.036876
0 0.18583799999999995 0.672148 0.027496 0.036876
0 0.18741999999999992 0.6352720000000001 0.027496 0.036876
0 0.19130000000000003 0.594794 0.027496 0.036876
0 0.19367200000000007 0.564208 0.027496 0.036876
0 0.19130000000000003 0.5327120000000001 0.027496 0.036876
0 0.22410599999999992 0.592104 0.027496 0.036876
0 0.2256880000000001 0.5570059999999999 0.027496 0.036876
0 0.14862599999999992 0.42130200000000007 0.027496 0.036876
0 0.17593199999999998 0.41904600000000003 0.027496 0.036876
0 0.203276 0.44455599999999995 0.027496 0.036876
0 0.209152 0.41006600000000004 0.027496 0.036876
0 0.23321999999999998 0.44455599999999995 0.027496 0.036876
0 0.24169400000000008 0.3995660000000001 0.027496 0.036876
0 0.09005599999999991 0.3965719999999999 0.027496 0.036876
0 0.11868199999999995 0.391324 0.027496 0.036876
0 0.14862599999999992 0.38234199999999996 0.027496 0.036876
0 0.1792100000000001 0.376312 0.027496 0.036876
0 0.20979199999999998 0.369588 0.027496 0.036876
0 0.210434 0.3328420000000001 0.027496 0.036876
0 0.18244799999999994 0.33735399999999993 0.027496 0.036876
0 0.15122400000000003 0.345596 0.027496 0.036876
0 0.1258379999999999 0.34785200000000005 0.027496 0.036876
0 0.09069600000000011 0.359826 0.027496 0.036876
0 0.06203399999999992 0.3628199999999999 0.027496 0.036876
0 0.033408000000000104 0.37184400000000006 0.027496 0.036876
0 0.040564000000000044 0.3328420000000001 0.027496 0.036876
0 0.06855000000000011 0.32459799999999994 0.027496 0.036876
0 0.0965339999999999 0.32086799999999993 0.027496 0.036876
0 0.12451999999999996 0.311844 0.027496 0.036876
0 0.15318199999999993 0.30659400000000003 0.027496 0.036876
0 0.18572600000000006 0.2968759999999999 0.027496 0.036876
0 0.21499000000000001 0.29236400000000007 0.027496 0.036876
0 0.03732599999999997 0.2960959999999999 0.027496 0.036876
0 0.06530999999999998 0.29236400000000007 0.027496 0.036876
0 0.09785400000000011 0.28186599999999995 0.027496 0.036876
0 0.1258379999999999 0.27435999999999994 0.027496 0.036876
0 0.15642200000000006 0.2631239999999999 0.027496 0.036876
0 0.1889639999999999 0.25713600000000003 0.027496 0.036876
0 0.01634599999999997 0.26633400000000007 0.027496 0.036876
0 0.04158200000000001 0.258092 0.027496 0.036876
0 0.06380399999999997 0.2550539999999999 0.027496 0.036876
0 0.09732600000000002 0.2433399999999999 0.027496 0.036876
0 0.12820999999999994 0.23726599999999998 0.027496 0.036876
0 0.15871999999999997 0.22598600000000002 0.027496 0.036876
0 0.1880980000000001 0.21644200000000002 0.027496 0.036876
0 0.1624859999999999 0.18997799999999998 0.027496 0.036876
0 0.13084800000000008 0.19561800000000007 0.027496 0.036876
0 0.0984560000000001 0.2055959999999999 0.027496 0.036876
0 0.06380399999999997 0.2173099999999999 0.027496 0.036876
0 0.038192000000000004 0.22772199999999998 0.027496 0.036876
0 0.16549999999999998 0.1418219999999999 0.027496 0.036876
0 0.16549999999999998 0.1418219999999999 0.027496 0.036876
0 0.133108 0.1535359999999999 0.027496 0.036876
0 0.09883200000000003 0.16438200000000003 0.027496 0.036876
0 0.07246799999999998 0.17219000000000007 0.027496 0.036876
0 0.04685399999999995 0.1795659999999999 0.027496 0.036876
0 0.16625200000000007 0.09973999999999994 0.027496 0.036876
0 0.134614 0.11058600000000007 0.027496 0.036876
0 0.10410600000000003 0.11926199999999998 0.027496 0.036876
0 0.07623399999999991 0.12967400000000007 0.027496 0.036876
0 0.04873799999999995 0.13618200000000003 0.027496 0.036876
0 0.017099999999999893 0.149632 0.027496 0.036876
0 0.139888 0.07023800000000002 0.027496 0.036876
0 0.10937799999999998 0.07631199999999994 0.027496 0.036876
0 0.07924599999999993 0.08628999999999998 0.027496 0.036876
0 0.05137400000000003 0.09670200000000007 0.027496 0.036876
0 0.02237200000000006 0.10754799999999998 0.027496 0.036876
0 0.024256000000000055 0.06720199999999998 0.027496 0.036876
0 0.05175200000000002 0.055053999999999936 0.027496 0.036876
0 0.08000000000000007 0.04637800000000003 0.027496 0.036876
0 0.10975599999999996 0.03770000000000007 0.027496 0.036876
0 0.1425240000000001 0.025986000000000065 0.027496 0.036876
0 0.02086600000000005 0.02902399999999994 0.027496 0.036876
0 0.12259799999999998 0.774708 0.027496 0.036876
