0 0.33522399999999997 0.056218 0.155384 0.075588
0 0.635492 0.040706 0.142784 0.081412
0 0.2267760000000001 0.199532 0.14845 0.085038
0 0.5367919999999999 0.174332 0.155384 0.097638
0 0.900058 0.254644 0.159584 0.107088
0 0.11040800000000006 0.355644 0.171484 0.102362
0 0.44094999999999995 0.342518 0.153634 0.091862
0 0.824292 0.429162 0.171416 0.107674
0 0.32703400000000005 0.522306 0.164466 0.104988
0 0.7331259999999999 0.625962 0.17875 0.123326
0 0.1996500000000001 0.727032 0.188966 0.125988
0 0.6266 0.843832 0.195966 0.144362
