0 0.266558 0.293025 0.029133 0.015675
0 0.335600 0.281388 0.025333 0.014250
0 0.420154 0.272600 0.027242 0.013775
0 0.464808 0.294450 0.029133 0.014725
0 0.396717 0.306091 0.028500 0.015206
0 0.310896 0.315591 0.030408 0.016156
0 0.239642 0.327944 0.031033 0.016150
0 0.199742 0.302762 0.029767 0.014250
0 0.167121 0.338631 0.026608 0.014725
0 0.130067 0.314166 0.027233 0.015206
0 0.094917 0.350506 0.032933 0.015675
0 0.132600 0.377819 0.032300 0.019000
0 0.205758 0.364281 0.029133 0.017575
0 0.281125 0.353119 0.026600 0.017100
0 0.370117 0.344331 0.028500 0.017575
0 0.442642 0.333169 0.027867 0.015200
0 0.512625 0.319394 0.027233 0.015200
0 0.582933 0.307991 0.028500 0.014256
0 0.665883 0.316541 0.029733 0.015206
0 0.737792 0.303475 0.030400 0.016625
0 0.800817 0.328181 0.034833 0.019475
0 0.875550 0.315353 0.033567 0.018531
0 0.725125 0.341956 0.032933 0.017575
0 0.651021 0.355019 0.032942 0.018050
0 0.564250 0.345281 0.030400 0.017575
0 0.490142 0.358581 0.029133 0.015675
0 0.417621 0.371169 0.029775 0.016150
0 0.344150 0.383044 0.032300 0.017100
0 0.249142 0.393969 0.027233 0.019000
0 0.172187 0.405847 0.034208 0.019956
0 0.095233 0.418438 0.029767 0.018525
0 0.544296 0.386606 0.033575 0.018525
0 0.633283 0.397522 0.032933 0.019456
0 0.707075 0.383994 0.034833 0.019950
0 0.787829 0.369269 0.032942 0.019000
0 0.866683 0.356681 0.033567 0.020425
0 0.855600 0.399672 0.036733 0.020906
0 0.776112 0.415113 0.032308 0.021375
0 0.695046 0.428413 0.033575 0.020425
0 0.613650 0.443612 0.032933 0.021375
0 0.522758 0.431737 0.031033 0.020425
0 0.468925 0.399672 0.029767 0.018056
0 0.391967 0.412022 0.032933 0.018056
0 0.317233 0.426988 0.031667 0.017575
0 0.216208 0.436013 0.034833 0.019475
0 0.134817 0.450025 0.035467 0.019950
0 0.053746 0.463563 0.034208 0.022325
0 0.093650 0.497528 0.035467 0.020906
0 0.179471 0.484703 0.034842 0.020906
0 0.281763 0.472587 0.032942 0.020425
0 0.363783 0.458575 0.033567 0.020900
0 0.442325 0.444562 0.034833 0.022325
0 0.499008 0.478050 0.036733 0.020900
0 0.416671 0.493253 0.035475 0.022806
0 0.332750 0.508216 0.036100 0.024231
0 0.246292 0.523894 0.035467 0.023275
0 0.140200 0.534819 0.038633 0.025175
0 0.046146 0.550019 0.040542 0.026125
0 0.091750 0.590159 0.040533 0.026606
0 0.206708 0.577809 0.041167 0.026606
0 0.296963 0.562369 0.038008 0.027075
0 0.386267 0.545744 0.040533 0.025175
0 0.351117 0.604887 0.039900 0.029450
0 0.442958 0.588022 0.037367 0.028031
0 0.473042 0.530069 0.038000 0.027075
0 0.593067 0.492778 0.033567 0.024706
0 0.571850 0.546694 0.038000 0.025175
0 0.547462 0.607975 0.038642 0.027075
0 0.640888 0.591350 0.038008 0.027075
0 0.735258 0.574009 0.038000 0.026606
0 0.659887 0.530781 0.035475 0.024700
0 0.676987 0.479244 0.036742 0.021388
0 0.763125 0.463800 0.036733 0.020900
0 0.846417 0.448125 0.038633 0.024700
0 0.835333 0.498953 0.036733 0.022806
0 0.697321 0.710959 0.046875 0.037056
0 0.948075 0.544081 0.043067 0.027550
0 0.941742 0.608450 0.046867 0.030875
0 0.041458 0.653719 0.041167 0.031825
0 0.162750 0.639469 0.039267 0.030875
0 0.259342 0.622616 0.039900 0.028481
0 0.312858 0.670581 0.040533 0.030400
0 0.411667 0.653244 0.040533 0.029925
0 0.215321 0.690534 0.043075 0.031356
0 0.113346 0.708822 0.043075 0.032781
0 0.164650 0.765350 0.044333 0.034675
0 0.057925 0.785066 0.044967 0.035156
0 0.110179 0.849906 0.053208 0.039425
0 0.223871 0.824256 0.050042 0.036575
0 0.334396 0.806919 0.044342 0.034200
0 0.376200 0.724975 0.045600 0.035625
0 0.270108 0.745637 0.047500 0.037050
0 0.491471 0.749913 0.048142 0.036100
0 0.519975 0.672956 0.038000 0.031350
0 0.619100 0.657044 0.039900 0.029925
0 0.716321 0.639228 0.044342 0.032294
0 0.813562 0.620938 0.041208 0.030875
0 0.800242 0.691009 0.046233 0.035156
0 0.595329 0.728775 0.046842 0.036575
0 0.289742 0.897409 0.046233 0.040381
0 0.456013 0.834466 0.046858 0.038944
0 0.415483 0.927581 0.050700 0.032288
0 0.569379 0.815216 0.044342 0.037556
0 0.679900 0.793141 0.050033 0.039906
0 0.785675 0.770341 0.047500 0.038956
0 0.769208 0.861784 0.052567 0.041331
0 0.655833 0.885778 0.052567 0.041819
0 0.537075 0.909288 0.049400 0.041325
0 0.627650 0.984581 0.054467 0.029450
0 0.752742 0.965353 0.052567 0.047956
0 0.913300 0.949191 0.058267 0.047031
0 0.920267 0.846116 0.054467 0.045106
0 0.928183 0.757988 0.048767 0.039900
0 0.935471 0.678897 0.046875 0.035631
0 0.748242 0.516531 0.039900 0.025650
0 0.824883 0.556194 0.042433 0.028025
0 0.966125 0.345994 0.034833 0.019000
0 0.963908 0.388031 0.038000 0.023275
0 0.958208 0.435300 0.041800 0.023750
0 0.950292 0.488266 0.042433 0.026131
