0 0.05652799999999991 0.02730800000000011 0.056352 0.030024
0 0.052351999999999954 0.06157799999999991 0.06233 0.03067
0 0.05652799999999991 0.09648400000000001 0.056352 0.027416
0 0.05536199999999991 0.127154 0.05156 0.028708
0 0.05593399999999993 0.15977200000000003 0.057538 0.031316
0 0.11830800000000008 0.028612000000000082 0.047956 0.033924
0 0.11949399999999999 0.061244000000000076 0.05033 0.027416
0 0.11949399999999999 0.09387600000000007 0.045582 0.03
0 0.12068199999999996 0.12747599999999992 0.047956 0.028062
0 0.12068199999999996 0.15847999999999995 0.047956 0.024808
0 0.1800440000000001 0.027965999999999935 0.049142 0.035216
0 0.18123 0.06092199999999992 0.056352 0.02677
0 0.18362600000000007 0.09289400000000003 0.05156 0.03067
0 0.18303200000000008 0.12552600000000003 0.045538 0.025454
0 0.18125199999999997 0.1581459999999999 0.05156 0.033278
0 0.2423740000000001 0.026003999999999916 0.049142 0.027416
0 0.24358199999999997 0.05863599999999991 0.049186 0.03
0 0.24296800000000007 0.09224800000000011 0.047956 0.03067
0 0.246572 0.12683 0.055164 0.031986
0 0.24597800000000003 0.15977200000000003 0.058726 0.0261
0 0.3035380000000001 0.026661999999999964 0.05156 0.031316
0 0.30472600000000005 0.060264000000000095 0.053934 0.031962
0 0.30593399999999993 0.09321800000000002 0.056352 0.030024
0 0.30593399999999993 0.12486799999999998 0.056352 0.02677
0 0.30833 0.15717800000000004 0.05156 0.028708
0 0.3688800000000001 0.023732000000000086 0.05512 0.035886
0 0.3652740000000001 0.05863599999999991 0.052748 0.027416
0 0.369472 0.09224800000000011 0.05156 0.03067
0 0.369472 0.12552600000000003 0.05156 0.03067
0 0.369472 0.15846800000000005 0.05156 0.028708
0 0.43123 0.02437800000000001 0.057538 0.034594
0 0.4294279999999999 0.05928200000000006 0.05156 0.028708
0 0.4306160000000001 0.09224800000000011 0.05156 0.03067
0 0.4336040000000001 0.12585000000000002 0.055164 0.027392
0 0.4300219999999999 0.15684199999999993 0.050374 0.026746
0 0.4929680000000001 0.02111200000000002 0.053978 0.03591
0 0.49417599999999995 0.05602799999999997 0.05877 0.03
0 0.49476999999999993 0.08898399999999995 0.052748 0.031986
0 0.49356 0.12324200000000007 0.055164 0.027392
0 0.49356 0.15423399999999998 0.047956 0.026746
0 0.558308 0.02111200000000002 0.055164 0.031986
0 0.5570980000000001 0.05569399999999991 0.052748 0.03067
0 0.5558240000000001 0.0889359999999999 0.054946 0.02945
0 0.5549679999999999 0.1226799999999999 0.051648 0.029904
0 0.552902 0.15418599999999993 0.05411 0.026746
0 0.6170100000000001 0.05721200000000004 0.047472 0.033086
0 0.618682 0.08983199999999991 0.049142 0.025838
0 0.618242 0.12178200000000006 0.051604 0.0272
0 0.614924 0.1519140000000001 0.051648 0.026746
0 0.681956 0.02117199999999997 0.05745 0.032632
0 0.676528 0.05562200000000006 0.054946 0.030814
0 0.680286 0.08869600000000011 0.05244 0.0272
0 0.6798679999999999 0.12088600000000005 0.053274 0.029904
0 0.6790320000000001 0.1548560000000001 0.056616 0.031722
0 0.7414940000000001 0.05539399999999994 0.054946 0.034904
0 0.7414940000000001 0.08802599999999994 0.053274 0.026722
0 0.742726 0.12043000000000004 0.060748 0.030814
0 0.7447919999999999 0.15441400000000005 0.056616 0.0272
0 0.0618240000000001 0.20837400000000006 0.05912 0.026316
0 0.1238459999999999 0.20589799999999991 0.048308 0.030358
0 0.18628599999999995 0.20476000000000005 0.051604 0.030814
0 0.24707600000000007 0.20385199999999992 0.048264 0.031722
0 0.30784600000000006 0.202488 0.051648 0.03445
0 0.3711420000000001 0.20385199999999992 0.049978 0.029904
0 0.4331640000000001 0.2022600000000001 0.049098 0.031268
0 0.4943519999999999 0.2006699999999999 0.049978 0.03354
0 0.555142 0.20022800000000007 0.049978 0.033516
0 0.619626 0.19975999999999994 0.054198 0.031722
0 0.680858 0.19728400000000001 0.048308 0.033996
0 0.7383299999999999 0.19705799999999996 0.053274 0.030814
0 0.7440880000000001 0.23126800000000003 0.060044 0.026746
0 0.0609900000000001 0.2412319999999999 0.05912 0.02945
0 0.1238459999999999 0.23986799999999997 0.046638 0.02945
0 0.18419800000000008 0.23942599999999992 0.05244 0.028564
0 0.24582400000000004 0.238062 0.05244 0.028564
0 0.30742800000000003 0.23760800000000004 0.047472 0.026746
0 0.369054 0.23580200000000007 0.050814 0.031268
0 0.4277359999999999 0.23625600000000002 0.054946 0.031268
0 0.4947919999999999 0.23557399999999995 0.05578 0.027178
0 0.554308 0.23398399999999997 0.051648 0.02945
0 0.615494 0.23421000000000003 0.05077 0.02823
0 0.679208 0.233074 0.053274 0.030358
0 0.06307599999999991 0.2738640000000001 0.056616 0.025814
0 0.12635200000000002 0.2720579999999999 0.049978 0.025838
0 0.18628599999999995 0.27024000000000004 0.049934 0.024928
0 0.24707600000000007 0.2700119999999999 0.051604 0.0272
0 0.3095159999999999 0.269784 0.05499 0.027656
0 0.3715379999999999 0.2679659999999999 0.05244 0.025838
0 0.4307700000000001 0.26819400000000004 0.05099 0.025382
0 0.49395600000000006 0.2677400000000001 0.05411 0.025382
0 0.554308 0.2659339999999999 0.05499 0.028086
0 0.6195820000000001 0.2659800000000001 0.051648 0.024928
0 0.680858 0.26370800000000005 0.046638 0.027656
0 0.73956 0.2619020000000001 0.049142 0.02854
0 0.7420439999999999 0.2949759999999999 0.05578 0.033972
0 0.682528 0.295204 0.049978 0.02902
0 0.6762859999999999 0.3260160000000001 0.05244 0.026292
0 0.6196699999999999 0.29611199999999993 0.05578 0.029928
0 0.49644 0.3758379999999999 0.053098 0.026316
0 0.556044 0.2959339999999999 0.053274 0.027178
0 0.557296 0.3269740000000001 0.05411 0.02854
0 0.49402199999999996 0.297512 0.054154 0.026746
0 0.4969460000000001 0.327882 0.053318 0.031268
0 0.43325199999999997 0.297752 0.05578 0.028996
0 0.43199999999999994 0.32947400000000004 0.054946 0.029904
0 0.370792 0.29819400000000007 0.05411 0.025382
0 0.37246200000000007 0.3290200000000001 0.05411 0.028996
0 0.3108359999999999 0.30024000000000006 0.05745 0.028564
0 0.312924 0.33082600000000006 0.051604 0.025382
0 0.2496480000000001 0.300694 0.049978 0.025838
0 0.25173599999999996 0.33082600000000006 0.049142 0.029928
0 0.185956 0.30024000000000006 0.05244 0.026746
0 0.18887999999999994 0.33263200000000004 0.053274 0.030814
0 0.12391200000000002 0.3016019999999999 0.054946 0.025838
0 0.12934 0.33263200000000004 0.05077 0.029904
0 0.06314200000000003 0.30308599999999997 0.050682 0.028326
0 0.06621999999999995 0.3345579999999999 0.053758 0.02768
0 0.195384 0.472248 0.054066 0.029666
0 0.06738400000000011 0.37922199999999995 0.056968 0.029354
0 0.13035200000000002 0.378398 0.052968 0.034258
0 0.19079200000000007 0.3773200000000001 0.049978 0.033158
0 0.2522420000000001 0.3773200000000001 0.044968 0.033158
0 0.31342800000000004 0.37786999999999993 0.05578 0.031722
0 0.37547200000000003 0.377416 0.054946 0.031722
0 0.43540599999999996 0.3751439999999999 0.044968 0.031722
0 0.5561320000000001 0.37332600000000005 0.049934 0.030814
0 0.6194059999999999 0.372644 0.049978 0.033086
0 0.678946 0.3706100000000001 0.049142 0.032608
0 0.06747199999999998 0.411662 0.05134 0.029066
0 0.12716400000000005 0.4120459999999999 0.047208 0.025288
0 0.189956 0.41185399999999994 0.049274 0.02567
0 0.250308 0.409964 0.049274 0.0272
0 0.31171400000000005 0.40901999999999994 0.048572 0.024546
0 0.3748579999999999 0.40845599999999993 0.047208 0.024904
0 0.4355819999999999 0.4073199999999999 0.047868 0.027178
0 0.4959340000000001 0.4061840000000001 0.049274 0.026436
0 0.5566599999999999 0.40563400000000005 0.049934 0.026052
0 0.6184179999999999 0.40600400000000003 0.05134 0.026794
0 0.07200000000000006 0.44375600000000004 0.050638 0.028326
0 0.13166999999999995 0.4426319999999999 0.052 0.02756
0 0.19272599999999995 0.4416979999999999 0.050682 0.024928
0 0.254132 0.4405619999999999 0.047164 0.02567
0 0.314484 0.43961800000000006 0.048572 0.024546
0 0.37624199999999997 0.43829000000000007 0.047164 0.0272
0 0.43555999999999995 0.4392339999999999 0.045098 0.027752
0 0.49490199999999995 0.4379059999999999 0.05134 0.02567
0 0.559142 0.43755999999999995 0.050858 0.028326
0 0.07259400000000005 0.47516800000000003 0.05033 0.02488
0 0.13213199999999992 0.47437799999999997 0.048 0.027704
0 0.256748 0.472178 0.049758 0.027082
0 0.316022 0.4707539999999999 0.051472 0.028636
0 0.3767259999999999 0.4696659999999999 0.05033 0.028948
0 0.4371640000000001 0.470132 0.048572 0.025478
0 0.497868 0.4691860000000001 0.054374 0.029904
0 0.074044 0.50427 0.055516 0.027058
0 0.13417600000000007 0.50396 0.050858 0.025192
0 0.19459399999999993 0.5031699999999999 0.045714 0.024856
0 0.256748 0.502548 0.055472 0.025478
0 0.31628600000000007 0.5022359999999999 0.048572 0.024856
0 0.3781540000000001 0.5014479999999999 0.052044 0.026436
0 0.4383079999999999 0.500346 0.048572 0.029258
0 0.0741099999999999 0.535622 0.054066 0.028708
0 0.1363080000000001 0.5355019999999999 0.04923 0.028948
0 0.19586799999999993 0.5355019999999999 0.048792 0.030382
0 0.25455000000000005 0.5346660000000001 0.05011 0.029666
