0 0.5891219999999999 0.971628 0.017344 0.024296
0 0.6077920000000001 0.956224 0.017344 0.024322
0 0.6255660000000001 0.939036 0.017344 0.024322
0 0.64246 0.924804 0.017344 0.024296
0 0.658466 0.907618 0.017324 0.024296
0 0.674472 0.893998 0.017344 0.024296
0 0.6922459999999999 0.877396 0.017344 0.024322
0 0.7095800000000001 0.861992 0.017324 0.024296
0 0.723808 0.844206 0.017344 0.024296
0 0.740704 0.829986 0.017344 0.024296
0 0.47132799999999997 0.981706 0.017344 0.024296
0 0.5317780000000001 0.893998 0.017344 0.024296
0 0.4113180000000001 0.860794 0.017324 0.024296
0 0.42642599999999997 0.882148 0.017344 0.024296
0 0.44331999999999994 0.902292 0.017344 0.024322
0 0.46331999999999995 0.884518 0.017344 0.024296
0 0.39175800000000005 0.87681 0.017344 0.024296
0 0.37087000000000003 0.893998 0.017324 0.024296
0 0.38731399999999994 0.914154 0.017324 0.024296
0 0.40687399999999996 0.89754 0.017344 0.024296
0 0.4233199999999999 0.918894 0.017344 0.024296
0 0.40198200000000006 0.93608 0.017324 0.024296
0 0.3673040000000001 0.93371 0.017344 0.024296
0 0.34552800000000006 0.9503 0.017344 0.024296
0 0.32419 0.968658 0.017324 0.024296
0 0.3628720000000001 0.971628 0.017344 0.024296
0 0.38242200000000004 0.95504 0.017344 0.024296
0 0.398868 0.975782 0.017344 0.024322
0 0.419316 0.956224 0.017344 0.024322
0 0.43887600000000004 0.941406 0.017324 0.024322
0 0.4597659999999999 0.922434 0.017344 0.024296
0 0.4793259999999999 0.906446 0.017324 0.024296
0 0.49799799999999994 0.889258 0.017324 0.024296
0 0.43621 0.977566 0.017344 0.024296
0 0.455322 0.960378 0.017324 0.024296
0 0.4757720000000001 0.94319 0.017324 0.024296
0 0.49355400000000005 0.926588 0.017344 0.024322
0 0.5139940000000001 0.908816 0.017324 0.024296
0 0.687802 0.909986 0.017324 0.024296
0 0.7651460000000001 0.987644 0.017324 0.024296
0 0.7535940000000001 0.969258 0.017344 0.024296
0 0.741592 0.95207 0.017324 0.024296
0 0.72959 0.932514 0.017344 0.024296
0 0.71625 0.914154 0.017344 0.024296
0 0.704698 0.89517 0.017324 0.024296
0 0.779374 0.969856 0.017344 0.024296
0 0.7678119999999999 0.95444 0.017344 0.024296
0 0.7566999999999999 0.935482 0.017344 0.024296
0 0.7451460000000001 0.918894 0.017324 0.024296
0 0.733144 0.899908 0.017344 0.024296
0 0.721142 0.88155 0.017324 0.024296
0 0.806484 0.972826 0.017344 0.024296
0 0.795372 0.955638 0.017344 0.024296
0 0.7833699999999999 0.937252 0.017324 0.024296
0 0.772256 0.921264 0.017324 0.024296
0 0.759814 0.901706 0.017324 0.024296
0 0.748262 0.885092 0.017344 0.024296
0 0.7366999999999999 0.865534 0.017344 0.024296
0 0.788262 0.906446 0.017344 0.024296
0 0.77626 0.88746 0.017324 0.024296
0 0.7629300000000001 0.869102 0.017344 0.024296
0 0.752696 0.850144 0.017344 0.024296
0 0.5437799999999999 0.9503 0.017324 0.024296
0 0.7384759999999999 0.985846 0.017344 0.024296
0 0.7260359999999999 0.966888 0.017344 0.024296
0 0.7122459999999999 0.9497 0.017344 0.024296
0 0.7011320000000001 0.930742 0.017344 0.024296
0 0.538448 0.985846 0.017324 0.024296
0 0.5580080000000001 0.969856 0.017344 0.024296
0 0.57623 0.953268 0.017344 0.024296
0 0.594014 0.93608 0.017324 0.024296
0 0.611348 0.920066 0.017344 0.024296
0 0.628242 0.905248 0.017344 0.024296
0 0.6451260000000001 0.889258 0.017324 0.024296
0 0.6615819999999999 0.873242 0.017344 0.024296
0 0.6780280000000001 0.857838 0.017344 0.024322
0 0.56622 0.73129 0.017324 0.024296
0 0.546006 0.744636 0.017324 0.024322
0 0.5597859999999999 0.767748 0.017344 0.024296
0 0.5793459999999999 0.751758 0.017324 0.024296
0 0.5966800000000001 0.73694 0.017344 0.024296
0 0.594014 0.773086 0.017324 0.024296
0 0.610458 0.758268 0.017324 0.024296
0 0.628242 0.742852 0.017344 0.024296
0 0.575782 0.788502 0.017344 0.024296
0 0.5580080000000001 0.80332 0.017344 0.024296
0 0.5428900000000001 0.783764 0.017344 0.024296
0 0.5242180000000001 0.799154 0.017344 0.024296
0 0.507334 0.777826 0.017324 0.024296
0 0.48954999999999993 0.793828 0.017344 0.024322
0 0.47355400000000003 0.771888 0.017344 0.024296
0 0.454434 0.788502 0.017344 0.024296
0 0.434434 0.805092 0.017344 0.024296
0 0.45132799999999995 0.825248 0.017344 0.024296
0 0.4708779999999999 0.81043 0.017344 0.024296
0 0.4859960000000001 0.829986 0.017344 0.024296
0 0.5046679999999999 0.815768 0.017344 0.024296
0 0.520664 0.835898 0.017344 0.024296
0 0.539336 0.820508 0.017344 0.024296
0 0.5535540000000001 0.840066 0.017344 0.024296
0 0.5722259999999999 0.824648 0.017344 0.024296
0 0.5895699999999999 0.80806 0.017344 0.024296
0 0.608682 0.792644 0.017324 0.024296
0 0.6237900000000001 0.777226 0.017344 0.024296
0 0.642012 0.761822 0.017344 0.024322
0 0.660244 0.74582 0.017324 0.024296
0 0.6726859999999999 0.768346 0.017324 0.024296
0 0.6553519999999999 0.783764 0.017344 0.024296
0 0.639356 0.797982 0.017344 0.024296
0 0.62246 0.813398 0.017344 0.024296
0 0.60335 0.82879 0.017324 0.024296
0 0.5864560000000001 0.844804 0.017324 0.024296
0 0.5691219999999999 0.861394 0.017344 0.024296
0 0.5517780000000001 0.87621 0.017344 0.024296
0 0.535782 0.856654 0.017344 0.024296
0 0.517558 0.870872 0.017344 0.024296
0 0.5011140000000001 0.851316 0.017344 0.024296
0 0.481992 0.869102 0.017344 0.024296
0 0.466874 0.847774 0.017344 0.024296
0 0.44821200000000005 0.863764 0.017324 0.024296
0 0.4308780000000001 0.84302 0.017344 0.024322
0 0.49 0.96392 0.017344 0.024296
0 0.51044 0.946732 0.017324 0.024296
0 0.527774 0.930144 0.017344 0.024296
0 0.546006 0.912956 0.017324 0.024296
0 0.564668 0.89754 0.017344 0.024296
0 0.58334 0.88095 0.017344 0.024296
0 0.601124 0.865534 0.017324 0.024296
0 0.618018 0.848946 0.017324 0.024296
0 0.6349020000000001 0.832956 0.017344 0.024296
0 0.6540239999999999 0.818138 0.017344 0.024296
0 0.6704680000000001 0.801524 0.017344 0.024296
0 0.686026 0.787904 0.017324 0.024296
0 0.7149220000000001 0.793242 0.017344 0.024296
0 0.6984760000000001 0.809232 0.017344 0.024296
0 0.6815819999999999 0.823464 0.017344 0.024322
0 0.665136 0.840066 0.017344 0.024296
0 0.648242 0.853684 0.017344 0.024296
0 0.631796 0.869102 0.017344 0.024296
0 0.6149020000000001 0.88569 0.017344 0.024296
0 0.5980080000000001 0.901106 0.017344 0.024296
0 0.5784579999999999 0.917096 0.017344 0.024296
0 0.5611139999999999 0.93371 0.017344 0.024296
0 0.6726859999999999 0.926588 0.017324 0.024322
0 0.5246679999999999 0.96629 0.017344 0.024296
0 0.5059959999999999 0.983476 0.017344 0.024296
0 0.7278119999999999 0.8128 0.017344 0.024296
0 0.7113579999999999 0.827018 0.017324 0.024296
0 0.6958 0.842434 0.017344 0.024296
0 0.619794 0.973998 0.017324 0.024296
0 0.651796 0.975782 0.017344 0.024322
0 0.638458 0.957408 0.017344 0.024296
0 0.6802440000000001 0.979934 0.017324 0.024296
0 0.667354 0.96155 0.017324 0.024296
0 0.6544620000000001 0.942592 0.017324 0.024296
0 0.7100299999999999 0.981106 0.017324 0.024296
0 0.6967000000000001 0.963346 0.017344 0.024296
0 0.684248 0.94556 0.017324 0.024296
