0 0.290083 0.589603 0.048183 0.036069
0 0.033583 0.171903 0.049833 0.038606
0 0.114992 0.150384 0.047333 0.034806
0 0.090100 0.210825 0.048183 0.035437
0 0.172775 0.190581 0.048217 0.034162
0 0.279963 0.175069 0.044808 0.032275
0 0.342404 0.216203 0.049875 0.038606
0 0.426787 0.197219 0.044808 0.033537
0 0.491762 0.244366 0.049875 0.036706
0 0.405696 0.261138 0.044808 0.037338
0 0.257600 0.236775 0.047333 0.034175
0 0.149592 0.252597 0.045650 0.035444
0 0.065629 0.271581 0.044808 0.035437
0 0.037358 0.335184 0.043967 0.038606
0 0.126804 0.315250 0.047342 0.036713
0 0.234396 0.301644 0.044808 0.034813
0 0.318358 0.282656 0.050717 0.037338
0 0.471092 0.306391 0.045650 0.035444
0 0.383333 0.326956 0.045650 0.032275
0 0.297258 0.346897 0.045650 0.036706
0 0.212033 0.365247 0.047333 0.036706
0 0.100646 0.381069 0.045658 0.035437
0 0.074912 0.444991 0.044808 0.035444
0 0.188404 0.430750 0.049025 0.033537
0 0.271100 0.410181 0.052400 0.035437
0 0.363079 0.390562 0.049025 0.039237
0 0.446617 0.371894 0.052400 0.037338
0 0.426792 0.438350 0.048183 0.037325
0 0.404004 0.503847 0.058308 0.041769
0 0.337767 0.455750 0.050717 0.039238
0 0.250004 0.475684 0.047342 0.036069
0 0.163092 0.495622 0.050717 0.036706
0 0.050438 0.510494 0.046492 0.037338
0 0.314558 0.521569 0.049867 0.035438
0 0.227229 0.542456 0.049042 0.039238
0 0.135671 0.562706 0.048175 0.035437
0 0.023762 0.576944 0.047525 0.037338
0 0.198533 0.610806 0.050717 0.039237
0 0.108663 0.629481 0.051558 0.038588
0 0.379954 0.570934 0.054092 0.036706
0 0.506108 0.522834 0.049867 0.035444
0 0.484592 0.590553 0.049033 0.040506
0 0.357175 0.639916 0.052400 0.041769
0 0.266883 0.661119 0.052400 0.041137
0 0.174063 0.680422 0.055775 0.040506
0 0.082504 0.698141 0.051558 0.040506
0 0.056346 0.770606 0.046492 0.038600
0 0.031450 0.843072 0.047333 0.040506
0 0.147479 0.751937 0.049875 0.039237
0 0.239879 0.731681 0.050708 0.041762
0 0.330167 0.711431 0.050717 0.039237
0 0.464758 0.661434 0.048183 0.037969
0 0.437763 0.732000 0.051558 0.042400
0 0.307808 0.784847 0.053250 0.040506
0 0.212454 0.806362 0.053242 0.039237
0 0.117525 0.824719 0.052400 0.043038
0 0.414129 0.809213 0.058308 0.044938
0 0.509483 0.786747 0.056617 0.041769
0 0.485858 0.863956 0.049867 0.039237
0 0.390504 0.882625 0.053242 0.039875
0 0.283758 0.859841 0.052400 0.039869
0 0.187137 0.876928 0.051558 0.038606
0 0.095162 0.897816 0.051558 0.042406
0 0.256333 0.933891 0.046500 0.038606
0 0.361813 0.957622 0.058308 0.040506
0 0.462233 0.940534 0.048183 0.041769
0 0.594504 0.258041 0.048942 0.038606
0 0.682254 0.236522 0.051042 0.036081
0 0.845762 0.262669 0.052192 0.040038
0 0.754625 0.282009 0.045767 0.038281
0 0.662042 0.301125 0.049283 0.036962
0 0.574137 0.322884 0.046942 0.035644
0 0.550113 0.389028 0.046942 0.036081
0 0.639479 0.368369 0.044008 0.034325
0 0.732358 0.347053 0.048117 0.035644
0 0.824946 0.327719 0.051625 0.037400
0 0.943317 0.311238 0.052800 0.036962
0 0.925737 0.376941 0.053975 0.043556
0 0.802971 0.394959 0.049875 0.036519
0 0.712167 0.415834 0.048667 0.038719
0 0.620158 0.436494 0.047483 0.036088
0 0.530775 0.455831 0.046933 0.036962
0 0.905208 0.445722 0.050417 0.035206
0 0.783046 0.463303 0.046358 0.035206
0 0.690754 0.483081 0.044592 0.036962
0 0.597283 0.502859 0.046350 0.036081
0 0.578533 0.569663 0.047517 0.036962
0 0.670242 0.552300 0.050450 0.037400
0 0.760779 0.530984 0.052208 0.042231
0 0.882675 0.515166 0.051017 0.038719
0 0.961775 0.566144 0.055733 0.039600
0 0.863913 0.585922 0.054558 0.042231
0 0.742321 0.600206 0.055142 0.039162
0 0.649146 0.621522 0.052792 0.041356
0 0.556854 0.641519 0.047525 0.040038
0 0.532533 0.714478 0.049283 0.038281
0 0.627463 0.693600 0.048108 0.040475
0 0.719758 0.673603 0.052217 0.040919
0 0.842821 0.659537 0.055725 0.041800
0 0.943042 0.639541 0.052250 0.043119
0 0.923979 0.712497 0.049275 0.041356
0 0.823188 0.733156 0.053975 0.040475
0 0.699542 0.745900 0.055150 0.036088
0 0.803542 0.808088 0.052250 0.041800
0 0.900829 0.787872 0.054558 0.040044
0 0.878271 0.863906 0.055142 0.041800
0 0.860671 0.942144 0.055175 0.042662
0 0.957675 0.921919 0.055733 0.044437
0 0.678292 0.822875 0.045233 0.039400
0 0.603871 0.767059 0.048158 0.038306
0 0.586725 0.843944 0.048883 0.044325
0 0.782992 0.883891 0.045967 0.038856
0 0.656767 0.900581 0.048883 0.039400
0 0.561917 0.916178 0.051800 0.039944
0 0.634875 0.973634 0.048883 0.037756
0 0.763654 0.959406 0.048158 0.041038
