0 0.906612 0.576876 0.070426 0.08702
0 0.862426 0.487404 0.06915 0.091924
0 0.949512 0.482484 0.061476 0.101762
0 0.493 0.484952 0.0781 0.090288
0 0.439212 0.590834 0.072974 0.101794
0 0.5359 0.582628 0.0794 0.091924
0 0.589026 0.296154 0.07555 0.09032
0 0.630012 0.578526 0.072976 0.100128
0 0.44625 0.388076 0.06915 0.080448
0 0.362388 0.391362 0.078124 0.08702
0 0.302838 0.486586 0.071724 0.08702
0 0.81185 0.578526 0.07555 0.096858
0 0.724138 0.206698 0.071724 0.082116
0 0.497476 0.301074 0.06915 0.090288
0 0.487224 0.882244 0.08195 0.116538
0 0.192062 0.881426 0.090926 0.131314
0 0.353412 0.594134 0.070424 0.101794
0 0.58135 0.486586 0.06785 0.090288
0 0.261212 0.582628 0.083224 0.105064
0 0.858588 0.297788 0.066574 0.096858
0 0.399512 0.488238 0.078124 0.09359
0 0.541662 0.388076 0.083224 0.080448
0 0.7171 0.576074 0.07555 0.108366
0 0.679312 0.882244 0.076824 0.10673
0 0.675476 0.296972 0.0666 0.105096
0 0.9527 0.87569 0.07555 0.10343
0 0.816324 0.774712 0.0794 0.088654
0 0.861788 0.67702 0.072974 0.096858
0 0.5487 0.213254 0.07425 0.082084
0 0.290676 0.894552 0.0781 0.114936
0 0.382238 0.888798 0.076824 0.11984
0 0.576238 0.888814 0.080674 0.11
0 0.7683 0.881426 0.07555 0.091956
0 0.857312 0.87649 0.076826 0.095224
0 0.81185 0.202564 0.06785 0.083718
0 0.902774 0.205866 0.07555 0.083718
0 0.76575 0.301908 0.06785 0.082084
0 0.945026 0.29944 0.0653 0.093558
0 0.632574 0.38891 0.07555 0.088654
0 0.722212 0.39383 0.075576 0.085352
0 0.806726 0.388894 0.07555 0.082084
0 0.904688 0.39056 0.071726 0.082084
0 0.296438 0.686058 0.074276 0.091924
0 0.391838 0.69016 0.083224 0.086988
0 0.487876 0.681956 0.08325 0.086988
0 0.58135 0.675384 0.08325 0.096858
0 0.676112 0.677852 0.085776 0.105064
0 0.76255 0.679488 0.07425 0.108334
0 0.951426 0.677852 0.073 0.101794
0 0.676112 0.483318 0.072976 0.08702
0 0.7696 0.48577 0.07555 0.088654
0 0.23945 0.789488 0.0781 0.091924
0 0.34125 0.784552 0.0717 0.088654
0 0.43345 0.782916 0.08965 0.088654
0 0.528212 0.782916 0.074274 0.091924
0 0.625538 0.780448 0.087074 0.09359
0 0.720288 0.783734 0.076826 0.08702
0 0.905974 0.777996 0.0794 0.091956
