0 0.16586600000000007 0.615982 0.057 0.028512
0 0.331766 0.633082 0.059466 0.030412
0 0.475584 0.60695 0.0608 0.03325
0 0.601634 0.656362 0.069666 0.03895
0 0.7511000000000001 0.630706 0.067134 0.037062
0 0.45025000000000004 0.683912 0.065866 0.03515
0 0.3020419999999999 0.710038 0.065884 0.0361
0 0.12850000000000006 0.690562 0.0608 0.03515
0 0.088592 0.773212 0.06715 0.03705
0 0.2665660000000001 0.795044 0.065866 0.038912
0 0.41415 0.767988 0.069666 0.0399
0 0.575658 0.738538 0.065884 0.038
0 0.733366 0.713362 0.067134 0.04085
0 0.7112 0.799344 0.073466 0.041812
0 0.552224 0.830226 0.064616 0.04275
0 0.3900920000000001 0.856826 0.06715 0.04085
0 0.22730000000000006 0.887224 0.065866 0.04275
0 0.04551599999999989 0.863474 0.062066 0.04085
0 0.353974 0.958488 0.073484 0.042776
0 0.5262500000000001 0.9276 0.073466 0.0418
0 0.692834 0.89625 0.077266 0.0494
0 0.93225 0.691988 0.069666 0.038
0 0.927816 0.776062 0.076 0.04655
0 0.9164159999999999 0.8706 0.0836 0.0475
