0 0.18900800000000006 0.516082 0.097884 0.077212
0 0.36450800000000005 0.473044 0.102084 0.072162
0 0.691524 0.525338 0.104384 0.080076
0 0.50925 0.564018 0.091534 0.076562
0 0.32408400000000004 0.60225 0.098566 0.073924
0 0.14827400000000002 0.645768 0.093884 0.071288
0 0.10022599999999993 0.778056 0.093884 0.072162
0 0.27895800000000004 0.736738 0.088016 0.06865
0 0.4647159999999999 0.694106 0.096234 0.071288
0 0.6498919999999999 0.655438 0.10325 0.0748
0 0.8866339999999999 0.622476 0.1056 0.073924
0 0.8514740000000001 0.753882 0.10795 0.087112
0 0.605942 0.789918 0.09975 0.073038
0 0.424334 0.831668 0.097334 0.077438
0 0.24031599999999997 0.872988 0.094966 0.072176
0 0.061549999999999994 0.911662 0.093866 0.073924
0 0.810416 0.891444 0.100834 0.070412
0 0.566092 0.926606 0.092716 0.070412
