0 0.836416 0.546367 0.023438 0.025651
0 0.113213 0.624102 0.023086 0.023490
0 0.145410 0.625716 0.024707 0.022943
0 0.134067 0.652044 0.022275 0.022682
0 0.124146 0.680391 0.023076 0.024844
0 0.146523 0.708874 0.022480 0.024023
0 0.156348 0.681068 0.023086 0.023490
0 0.166167 0.652982 0.022881 0.022943
0 0.176191 0.624766 0.023086 0.022682
0 0.208286 0.625462 0.022881 0.024596
0 0.197349 0.653932 0.024092 0.024297
0 0.187124 0.681471 0.022686 0.022682
0 0.176895 0.707799 0.022070 0.021328
0 0.167583 0.733444 0.020459 0.020794
0 0.185811 0.759095 0.020859 0.022409
0 0.196538 0.733307 0.020459 0.022135
0 0.206465 0.707526 0.020449 0.020781
0 0.216992 0.682285 0.022891 0.023216
0 0.227827 0.654062 0.023486 0.024036
0 0.240078 0.626120 0.024102 0.024297
0 0.271768 0.628014 0.024297 0.025378
0 0.259722 0.655684 0.022881 0.024570
0 0.248477 0.682552 0.023086 0.024844
0 0.234712 0.708333 0.022686 0.021328
0 0.225801 0.733984 0.022266 0.022943
0 0.215273 0.759766 0.021465 0.020521
0 0.303257 0.627467 0.022881 0.023763
0 0.290601 0.655280 0.023076 0.024831
0 0.278149 0.682552 0.023291 0.023750
0 0.265693 0.709147 0.022266 0.024570
0 0.254556 0.735332 0.020654 0.022409
0 0.243823 0.759635 0.020654 0.021875
0 0.204131 0.784206 0.019844 0.021328
0 0.231934 0.783880 0.020977 0.021406
0 0.261055 0.784036 0.022500 0.020781
0 0.272715 0.759661 0.020742 0.021719
0 0.284727 0.734349 0.020859 0.019844
0 0.314727 0.734818 0.021094 0.021406
0 0.301836 0.760443 0.021328 0.021406
0 0.290176 0.784661 0.020508 0.019844
0 0.222793 0.806536 0.020508 0.016719
0 0.250742 0.807708 0.019922 0.018750
0 0.240723 0.830990 0.018633 0.018125
0 0.257773 0.853880 0.019688 0.019844
0 0.268555 0.831302 0.018750 0.018750
0 0.279805 0.807396 0.019922 0.019062
0 0.295957 0.830859 0.020430 0.019010
0 0.285664 0.854193 0.018750 0.019219
0 0.307402 0.808333 0.019570 0.018229
0 0.319355 0.784661 0.020273 0.020156
0 0.335410 0.808646 0.019570 0.018437
0 0.323574 0.831680 0.019805 0.019193
0 0.312148 0.854583 0.018750 0.018750
0 0.302012 0.874896 0.016992 0.016250
0 0.328613 0.877708 0.020977 0.019688
0 0.355801 0.878333 0.019102 0.018437
0 0.340508 0.855755 0.017813 0.018281
0 0.351523 0.833203 0.019453 0.019010
0 0.367109 0.856536 0.018750 0.018594
0 0.347656 0.785599 0.020625 0.021406
0 0.375781 0.787930 0.020156 0.021432
0 0.363672 0.810026 0.019531 0.018490
0 0.379531 0.834531 0.019688 0.020104
0 0.382461 0.878568 0.018281 0.018594
0 0.409414 0.879740 0.019219 0.018750
0 0.394922 0.856771 0.019141 0.017813
0 0.421367 0.857240 0.018047 0.016563
0 0.449023 0.859974 0.018281 0.018906
0 0.436484 0.880677 0.018516 0.019688
0 0.462383 0.880833 0.018984 0.018750
0 0.476094 0.858099 0.018047 0.018281
0 0.407773 0.834740 0.018984 0.019375
0 0.391719 0.811380 0.018984 0.017969
0 0.420078 0.811406 0.019453 0.019167
0 0.448848 0.812461 0.019102 0.018568
0 0.434609 0.835365 0.019922 0.019062
0 0.462500 0.835052 0.019688 0.018750
0 0.490332 0.836068 0.019570 0.018594
0 0.489570 0.881771 0.017344 0.018437
0 0.503574 0.858477 0.017461 0.017214
0 0.530469 0.860130 0.020391 0.018594
0 0.518633 0.837865 0.018516 0.021562
0 0.515937 0.881380 0.019687 0.017656
0 0.475977 0.812161 0.019688 0.018906
0 0.503809 0.813333 0.019336 0.019062
0 0.531934 0.814193 0.019102 0.018906
0 0.545234 0.837708 0.019219 0.019062
0 0.296348 0.709355 0.022500 0.023060
0 0.325874 0.710202 0.022217 0.022122
0 0.355825 0.709928 0.022783 0.022331
0 0.386274 0.710059 0.022080 0.022591
0 0.308506 0.682546 0.023203 0.023815
0 0.339585 0.682826 0.022354 0.022500
0 0.369819 0.683112 0.022354 0.023438
0 0.321514 0.655918 0.023066 0.024180
0 0.352310 0.655827 0.022783 0.023242
0 0.383389 0.656198 0.021660 0.023620
0 0.334453 0.627695 0.021660 0.024375
0 0.366514 0.627422 0.022500 0.024557
0 0.400337 0.684043 0.022920 0.023060
0 0.429863 0.685169 0.021797 0.023802
0 0.414609 0.656296 0.022500 0.023815
0 0.398018 0.627702 0.022500 0.024753
0 0.428745 0.627702 0.022080 0.024753
0 0.444702 0.657604 0.023057 0.023437
0 0.416226 0.710957 0.020947 0.022878
0 0.459399 0.629668 0.024053 0.025690
0 0.490547 0.630605 0.021934 0.023815
0 0.474795 0.657604 0.021934 0.024193
0 0.459541 0.685169 0.021797 0.022318
0 0.446250 0.711517 0.022773 0.022122
0 0.475850 0.711986 0.021230 0.023060
0 0.490757 0.685540 0.021240 0.023060
0 0.506230 0.659010 0.021797 0.023255
0 0.505313 0.713385 0.020527 0.023620
0 0.520781 0.687702 0.022227 0.023242
0 0.536465 0.658841 0.022637 0.024193
0 0.534985 0.713952 0.021377 0.023242
0 0.550454 0.686576 0.022217 0.022135
0 0.344448 0.735091 0.022783 0.022786
0 0.372969 0.735853 0.023789 0.023398
0 0.331367 0.760273 0.022949 0.021380
0 0.359380 0.760944 0.022275 0.023164
0 0.388408 0.761842 0.021934 0.022721
0 0.402417 0.736302 0.022275 0.022500
0 0.404526 0.787578 0.021768 0.022552
0 0.418276 0.762520 0.020596 0.021836
0 0.433379 0.788958 0.020762 0.021146
0 0.432031 0.737780 0.022109 0.022695
0 0.447388 0.762520 0.020420 0.021836
0 0.461646 0.737995 0.022275 0.022266
0 0.461982 0.789290 0.021934 0.022721
0 0.476665 0.763646 0.021943 0.022734
0 0.490586 0.789518 0.020762 0.023177
0 0.491006 0.738555 0.021934 0.022500
0 0.519609 0.739342 0.021426 0.022721
0 0.505186 0.764095 0.021934 0.022279
0 0.519272 0.790534 0.020088 0.022057
0 0.533364 0.764434 0.021943 0.022044
0 0.548638 0.739798 0.021768 0.022721
0 0.546782 0.790534 0.021436 0.022500
0 0.559775 0.815059 0.021426 0.020247
0 0.522061 0.631569 0.021602 0.024076
0 0.553442 0.632454 0.022275 0.024935
0 0.566436 0.660820 0.021602 0.024531
0 0.564077 0.714707 0.020928 0.022044
0 0.562725 0.766901 0.021602 0.022500
0 0.583906 0.632129 0.023125 0.025195
0 0.597910 0.661270 0.022773 0.023164
0 0.580952 0.688158 0.021943 0.022956
0 0.594116 0.715384 0.022275 0.022956
0 0.611157 0.689167 0.021943 0.023177
0 0.615972 0.632467 0.021768 0.024518
0 0.629048 0.660710 0.020928 0.022956
0 0.646680 0.633034 0.023125 0.024297
0 0.659507 0.662057 0.024131 0.023411
0 0.641533 0.688607 0.023281 0.024740
0 0.623901 0.716842 0.022783 0.024076
0 0.577070 0.741367 0.021934 0.021380
0 0.590659 0.766680 0.020420 0.022057
0 0.606265 0.742611 0.021592 0.022956
0 0.619678 0.766908 0.020762 0.020690
0 0.636133 0.742721 0.021602 0.023177
0 0.654189 0.716849 0.022266 0.023177
0 0.671821 0.689727 0.021768 0.022500
0 0.678486 0.634362 0.021934 0.024245
0 0.690640 0.663184 0.023291 0.023841
0 0.702026 0.689733 0.022783 0.022956
0 0.684478 0.716510 0.022783 0.023854
0 0.666084 0.742611 0.022441 0.022956
0 0.648281 0.767467 0.021934 0.021367
0 0.575386 0.791660 0.020928 0.021602
0 0.587534 0.815059 0.020928 0.020690
0 0.603647 0.791882 0.020752 0.021159
0 0.615459 0.815286 0.021094 0.020703
0 0.573018 0.837897 0.020586 0.019570
0 0.557329 0.860391 0.019912 0.018672
0 0.631577 0.792103 0.021260 0.021602
0 0.644067 0.815736 0.020928 0.020247
0 0.600186 0.837897 0.020586 0.019570
0 0.627358 0.838118 0.021260 0.020482
0 0.584834 0.860482 0.020254 0.019401
0 0.543154 0.882467 0.018223 0.019180
0 0.568970 0.882331 0.019580 0.019792
0 0.596562 0.881992 0.019746 0.020026
0 0.612847 0.860169 0.020928 0.020469
0 0.623564 0.882559 0.018730 0.018893
0 0.651406 0.882897 0.020078 0.019128
0 0.639253 0.860508 0.019404 0.019349
0 0.654272 0.838568 0.018057 0.018672
0 0.665918 0.861406 0.019414 0.018906
0 0.660098 0.792448 0.021602 0.021380
0 0.678491 0.767357 0.020928 0.021589
0 0.671738 0.815957 0.020586 0.019805
0 0.689707 0.792448 0.021094 0.021380
0 0.699751 0.816068 0.020244 0.020026
0 0.682368 0.839023 0.019912 0.018229
0 0.695537 0.743620 0.020586 0.022734
0 0.709624 0.634499 0.022783 0.024076
0 0.741855 0.633366 0.023457 0.025430
0 0.773921 0.634492 0.025146 0.024531
0 0.721519 0.662396 0.023291 0.023620
0 0.733335 0.690293 0.021943 0.022721
0 0.715024 0.716283 0.021768 0.022044
0 0.753413 0.663294 0.023291 0.023620
0 0.765312 0.690866 0.020762 0.022956
0 0.745410 0.716257 0.021094 0.022096
0 0.804209 0.636296 0.022617 0.026315
0 0.835679 0.636973 0.021436 0.025430
0 0.783701 0.664310 0.022441 0.022943
0 0.814253 0.665208 0.021768 0.024297
0 0.794165 0.690742 0.021768 0.023177
0 0.824883 0.691198 0.023789 0.023620
0 0.774507 0.716732 0.021260 0.022057
0 0.803955 0.717520 0.020762 0.021367
0 0.725063 0.743737 0.020244 0.022500
0 0.707852 0.767578 0.021602 0.021146
0 0.753755 0.743737 0.021260 0.022500
0 0.784380 0.744069 0.020088 0.023633
0 0.737217 0.768372 0.020586 0.021380
0 0.765059 0.768685 0.021602 0.022005
0 0.718652 0.792780 0.019570 0.022044
0 0.747002 0.793236 0.021934 0.021602
0 0.729282 0.815957 0.019912 0.020690
0 0.710381 0.838828 0.019238 0.019062
0 0.692666 0.862630 0.019570 0.021354
0 0.555215 0.572734 0.023535 0.026302
0 0.572451 0.542005 0.023633 0.025781
0 0.605020 0.542982 0.023730 0.026172
0 0.587051 0.574362 0.023145 0.026432
0 0.618545 0.574297 0.021875 0.025521
0 0.637539 0.543568 0.022949 0.025521
0 0.652285 0.575078 0.021973 0.027083
0 0.672354 0.543503 0.022852 0.027214
0 0.684609 0.575664 0.023730 0.024870
0 0.705313 0.544284 0.023535 0.026693
0 0.717129 0.576445 0.023340 0.024870
0 0.737295 0.544870 0.024023 0.026563
0 0.749453 0.576510 0.022949 0.025000
0 0.770791 0.545000 0.024023 0.025781
0 0.781631 0.576510 0.023242 0.025521
0 0.804189 0.545130 0.024219 0.027604
0 0.814102 0.576602 0.024121 0.026224
0 0.846133 0.577643 0.022754 0.026484
0 0.493262 0.204362 0.026172 0.036849
0 0.531494 0.203984 0.028613 0.038698
0 0.217236 0.198594 0.029785 0.040313
0 0.256470 0.199479 0.027939 0.039062
0 0.297710 0.199779 0.027490 0.038464
0 0.375684 0.200228 0.028398 0.038164
0 0.414448 0.202181 0.027490 0.037253
0 0.453882 0.204134 0.027939 0.037565
0 0.335229 0.200378 0.029971 0.038464
0 0.569380 0.202174 0.028623 0.039062
0 0.609946 0.202936 0.029521 0.038763
0 0.647480 0.204284 0.028359 0.037865
0 0.688687 0.204434 0.027900 0.040560
0 0.727578 0.205033 0.030430 0.039362
0 0.779639 0.248906 0.027715 0.037552
0 0.741216 0.247246 0.027041 0.035456
0 0.702002 0.247852 0.027500 0.037266
0 0.664482 0.249505 0.027266 0.037552
0 0.791602 0.291126 0.026367 0.035456
0 0.756431 0.291751 0.027705 0.035508
0 0.718223 0.291862 0.029297 0.036328
0 0.678770 0.290846 0.030156 0.037318
0 0.641377 0.289590 0.029746 0.035404
0 0.604307 0.289316 0.027715 0.037253
0 0.625718 0.248600 0.028174 0.038763
0 0.587183 0.247253 0.029072 0.039062
0 0.566108 0.289766 0.027490 0.036354
0 0.548760 0.246204 0.028848 0.038763
0 0.511011 0.248451 0.027725 0.037865
0 0.528813 0.289896 0.027275 0.036615
0 0.472813 0.248906 0.027949 0.035156
0 0.492305 0.290977 0.027266 0.035755
0 0.454331 0.289915 0.027490 0.036055
0 0.434277 0.246953 0.029297 0.036667
0 0.396753 0.243945 0.029072 0.037266
0 0.417153 0.287520 0.027041 0.036055
0 0.359121 0.244544 0.029062 0.038464
0 0.379966 0.286914 0.027939 0.036068
0 0.320586 0.241992 0.027715 0.034557
0 0.342222 0.286458 0.028623 0.035156
0 0.280923 0.243646 0.029521 0.037865
0 0.304697 0.286465 0.028398 0.036966
0 0.266738 0.284505 0.028594 0.037240
0 0.242949 0.241842 0.028398 0.036654
0 0.229990 0.281354 0.025469 0.034557
0 0.203887 0.238828 0.029453 0.034844
0 0.165884 0.239134 0.028838 0.036055
0 0.191006 0.281953 0.028613 0.035156
0 0.152139 0.280905 0.029277 0.034258
0 0.140522 0.320566 0.029971 0.033659
0 0.178271 0.321465 0.027500 0.034258
0 0.129595 0.358424 0.029307 0.033047
0 0.165659 0.360078 0.028389 0.033958
0 0.215249 0.321921 0.028350 0.033945
0 0.252305 0.323874 0.027715 0.034258
0 0.289375 0.324023 0.028848 0.033958
0 0.326445 0.325671 0.027715 0.034258
0 0.363066 0.326732 0.027500 0.035156
0 0.400474 0.328529 0.025693 0.033958
0 0.437319 0.329121 0.025908 0.033945
0 0.473486 0.330163 0.027051 0.034206
0 0.509771 0.329727 0.026592 0.034557
0 0.546504 0.330182 0.027500 0.034245
0 0.582563 0.330332 0.027939 0.034544
0 0.618848 0.329271 0.026953 0.033646
0 0.656255 0.328678 0.027041 0.034857
0 0.693096 0.332292 0.026816 0.034896
0 0.731294 0.333333 0.027041 0.034557
0 0.768369 0.331536 0.028164 0.033958
0 0.804199 0.333333 0.026816 0.035156
0 0.815918 0.373301 0.026816 0.034544
0 0.780537 0.372552 0.026367 0.033047
0 0.744146 0.372702 0.026592 0.032148
0 0.707856 0.372253 0.026592 0.033047
0 0.670679 0.369115 0.026143 0.033385
0 0.635410 0.369095 0.027266 0.033346
0 0.599009 0.369089 0.026143 0.032135
0 0.562954 0.369544 0.026143 0.033047
0 0.527124 0.368496 0.026592 0.032747
0 0.491519 0.368796 0.026143 0.033945
0 0.456475 0.367461 0.027715 0.033620
0 0.420308 0.367741 0.025693 0.033060
0 0.383906 0.366836 0.027266 0.031849
0 0.347290 0.365488 0.027041 0.031549
0 0.312358 0.365189 0.026592 0.033945
0 0.275176 0.362480 0.027949 0.032747
0 0.239233 0.363236 0.027725 0.033060
0 0.202842 0.360977 0.026582 0.032734
0 0.117905 0.396784 0.026338 0.031120
0 0.153486 0.395820 0.025254 0.029193
0 0.189453 0.399056 0.025195 0.029753
0 0.225366 0.399310 0.027393 0.030260
0 0.262402 0.399746 0.025566 0.030430
0 0.297681 0.401133 0.025947 0.031120
0 0.332627 0.400788 0.025430 0.028685
0 0.368296 0.402096 0.024521 0.028880
0 0.403643 0.403040 0.024785 0.029388
0 0.439160 0.404876 0.024609 0.030612
0 0.473398 0.404811 0.025273 0.030482
0 0.508691 0.405768 0.023867 0.029609
0 0.543706 0.407044 0.024521 0.029740
0 0.578594 0.406087 0.024648 0.031992
0 0.613740 0.406608 0.025293 0.030951
0 0.649604 0.407038 0.025303 0.030430
0 0.685269 0.407305 0.025693 0.030964
0 0.720938 0.408353 0.026348 0.030951
0 0.756929 0.409303 0.025576 0.031471
0 0.792407 0.410605 0.025303 0.030951
0 0.827559 0.409740 0.026211 0.030260
0 0.837856 0.445215 0.025166 0.029206
0 0.804341 0.445618 0.024912 0.029336
0 0.769131 0.445729 0.025957 0.029896
0 0.734048 0.444948 0.025439 0.030078
0 0.699419 0.443216 0.026084 0.029036
0 0.663755 0.442956 0.024912 0.028516
0 0.628477 0.441732 0.024785 0.029219
0 0.594243 0.442708 0.024385 0.029427
0 0.560137 0.442279 0.023477 0.028203
0 0.525317 0.442624 0.025303 0.030638
0 0.491021 0.441647 0.024521 0.030091
0 0.456328 0.441367 0.025039 0.029609
0 0.422617 0.440866 0.025176 0.029909
0 0.387402 0.439740 0.023867 0.029036
0 0.353042 0.439212 0.025303 0.029388
0 0.317891 0.437904 0.025430 0.028516
0 0.283662 0.436602 0.025039 0.028698
0 0.248120 0.434609 0.024385 0.028516
0 0.212583 0.434609 0.025557 0.028516
0 0.178545 0.434082 0.025039 0.029909
0 0.143398 0.433646 0.024121 0.028698
0 0.107554 0.432591 0.025654 0.028307
0 0.095601 0.466777 0.025557 0.028164
0 0.085874 0.499180 0.025459 0.027943
0 0.130991 0.467728 0.025459 0.029388
0 0.121421 0.501374 0.023213 0.027826
0 0.166479 0.468424 0.024131 0.027995
0 0.155073 0.501810 0.024775 0.026953
0 0.200713 0.468424 0.025039 0.027656
0 0.188706 0.501992 0.025068 0.026953
0 0.222495 0.501901 0.024521 0.028177
0 0.235537 0.469036 0.024512 0.027812
0 0.268271 0.470684 0.026074 0.026602
0 0.256338 0.503027 0.023867 0.027305
0 0.304326 0.471120 0.024648 0.026771
0 0.289658 0.505117 0.024512 0.027995
0 0.338628 0.472604 0.024385 0.027995
0 0.372471 0.474160 0.024512 0.028346
0 0.407422 0.474857 0.024512 0.029036
0 0.441069 0.474596 0.024521 0.029219
0 0.324219 0.504648 0.026348 0.028464
0 0.357280 0.506517 0.027002 0.028659
0 0.390864 0.507812 0.026084 0.028516
0 0.424702 0.507546 0.025947 0.031471
0 0.457896 0.508073 0.025557 0.028333
0 0.474390 0.473470 0.024912 0.028346
0 0.508364 0.475208 0.023994 0.028698
0 0.541558 0.475299 0.024131 0.028516
0 0.575332 0.476250 0.025430 0.030078
0 0.608784 0.476335 0.025303 0.029206
0 0.644058 0.477728 0.023604 0.028164
0 0.677837 0.477643 0.024912 0.030078
0 0.712856 0.479036 0.025557 0.029036
0 0.747090 0.478861 0.025176 0.028685
0 0.780723 0.479740 0.024883 0.028021
0 0.814580 0.479212 0.025039 0.029388
0 0.849204 0.480775 0.024912 0.030430
0 0.491831 0.507845 0.024229 0.028294
0 0.523940 0.509342 0.024600 0.027799
0 0.557559 0.509375 0.026094 0.029427
0 0.590986 0.509844 0.024219 0.028802
0 0.624507 0.510970 0.023662 0.029049
0 0.657280 0.510599 0.024971 0.029297
0 0.691553 0.511224 0.024785 0.028542
0 0.725732 0.512220 0.024414 0.027539
0 0.759160 0.511348 0.024785 0.027799
0 0.792207 0.512096 0.024414 0.026797
0 0.825918 0.513717 0.023848 0.028034
0 0.859814 0.513724 0.024414 0.029036
0 0.109683 0.533529 0.025166 0.028255
0 0.142734 0.534505 0.024414 0.026302
0 0.177290 0.534258 0.023291 0.024792
0 0.210811 0.534128 0.023848 0.025547
0 0.101040 0.563802 0.023662 0.025781
0 0.133062 0.563926 0.023857 0.025039
0 0.165454 0.564303 0.025166 0.025299
0 0.198320 0.565430 0.024785 0.026536
0 0.243862 0.534629 0.024229 0.026549
0 0.230337 0.565931 0.024600 0.025534
0 0.276260 0.536758 0.024043 0.028802
0 0.263955 0.566927 0.024980 0.026042
0 0.309873 0.537884 0.024785 0.026549
0 0.296445 0.567181 0.024219 0.027044
0 0.344146 0.537383 0.023467 0.026042
0 0.329590 0.567813 0.024043 0.027292
0 0.362646 0.568314 0.024414 0.026289
0 0.377480 0.539388 0.024785 0.026536
0 0.410156 0.539388 0.024785 0.027552
0 0.394663 0.569310 0.024229 0.026797
0 0.442461 0.540013 0.024414 0.027292
0 0.426104 0.570312 0.023691 0.026797
0 0.475039 0.540514 0.023477 0.026289
0 0.457954 0.570684 0.024600 0.027044
0 0.507241 0.541647 0.024053 0.027044
0 0.539751 0.541517 0.023643 0.027305
0 0.490762 0.571758 0.024316 0.025651
0 0.522158 0.572669 0.023438 0.025911
