0 0.129468 0.87734 0.113744 0.150232
0 0.143626 0.734912 0.11099 0.139814
0 0.240694 0.8805940000000001 0.107794 0.142724
0 0.251876 0.7401199999999999 0.10825 0.143226
0 0.383204 0.8863479999999999 0.11055 0.141224
0 0.489172 0.891372 0.101386 0.13722
0 0.58874 0.896876 0.097752 0.140222
0 0.689002 0.9013800000000001 0.098208 0.13822
0 0.82055 0.9081379999999999 0.097296 0.134718
0 0.917388 0.9129 0.094556 0.133198
0 0.396584 0.7504440000000001 0.106442 0.13822
0 0.501192 0.7564500000000001 0.10186 0.13722
0 0.601218 0.7614559999999999 0.100016 0.13722
0 0.700558 0.768972 0.096838 0.1362
0 0.832114 0.775736 0.097734 0.131714
0 0.928716 0.782994 0.09273 0.130214
0 0.052122 0.5906199999999999 0.103534 0.146062
0 0.198378 0.18419800000000008 0.10759 0.142298
0 0.306356 0.19606999999999997 0.105732 0.142874
0 0.445664 0.2120200000000001 0.110498 0.137664
0 0.551268 0.22151999999999994 0.099662 0.136386
0 0.64918 0.23367000000000004 0.096332 0.13633
0 0.746356 0.24531999999999998 0.098022 0.135978
0 0.87688 0.259406 0.095164 0.134236
0 0.459222 0.0770519999999999 0.107354 0.139388
0 0.5618 0.09061999999999992 0.097058 0.138128
0 0.659814 0.10189000000000004 0.10049 0.13646
0 0.759358 0.11566199999999993 0.09782 0.133124
0 0.888968 0.13152000000000008 0.09973 0.133958
0 0.159856 0.5950040000000001 0.108858 0.14063
0 0.267566 0.6031519999999999 0.104294 0.141056
0 0.410118 0.6139939999999999 0.105444 0.1352
0 0.513272 0.6221319999999999 0.10164 0.13898
0 0.613762 0.6296379999999999 0.09782 0.13898
0 0.712156 0.636738 0.098968 0.13646
0 0.842722 0.6467560000000001 0.097448 0.133958
0 0.93864 0.65405 0.092122 0.134384
0 0.063102 0.44765600000000005 0.11464 0.141724
0 0.17432 0.455932 0.107794 0.141224
0 0.279602 0.4666920000000001 0.10825 0.13772
0 0.421438 0.477962 0.10688 0.1362
0 0.526036 0.4879800000000001 0.101404 0.136218
0 0.62721 0.497738 0.09912 0.135718
0 0.723584 0.503504 0.096366 0.133198
0 0.854902 0.5175259999999999 0.096822 0.131214
0 0.950592 0.5250319999999999 0.094556 0.133216
0 0.075436 0.31009200000000003 0.111276 0.142298
0 0.185934 0.32139000000000006 0.10705 0.14113
0 0.2918 0.332114 0.104142 0.14115
0 0.434666 0.3460240000000001 0.107574 0.138832
0 0.538952 0.355588 0.098326 0.13824
0 0.63847 0.36544 0.099662 0.137664
0 0.736804 0.3747180000000001 0.09437 0.136496
0 0.86606 0.3889339999999999 0.09912 0.133568
0 0.088022 0.17042599999999997 0.111564 0.143744
