0 0.099974 0.351656 0.111384 0.086738
0 0.288324 0.254444 0.119484 0.086738
0 0.551608 0.30305 0.119484 0.086724
0 0.301492 0.414694 0.113416 0.085212
0 0.116184 0.517974 0.1114 0.0852
0 0.762224 0.368362 0.12355 0.086724
0 0.571858 0.47165 0.111384 0.0837
0 0.320724 0.586324 0.111384 0.08825
0 0.134408 0.685812 0.11545 0.0837
0 0.5911 0.6448 0.117466 0.086724
0 0.787542 0.542274 0.121516 0.08825
0 0.335916 0.752644 0.117466 0.089762
0 0.8088 0.713156 0.123534 0.089762
0 0.620458 0.8172 0.127584 0.091274
0 0.360216 0.922762 0.125566 0.086724
0 0.150608 0.854412 0.119484 0.089776
0 0.833116 0.890082 0.127566 0.097412
0 0.0858 0.187612 0.115434 0.086724
0 0.271108 0.090406 0.121516 0.083688
0 0.529326 0.145844 0.119484 0.085212
0 0.720708 0.047112 0.113416 0.082176
0 0.924242 0.101032 0.12355 0.089762
0 0.743992 0.207356 0.111384 0.083688
