0 0.26048000000000004 0.818416 0.141126 0.193166
0 0.5899160000000001 0.781666 0.166334 0.209334
0 0.31012400000000007 0.109306 0.161584 0.215278
0 0.511334 0.210444 0.1655 0.232778
0 0.7203120000000001 0.323834 0.184958 0.253556
0 0.75827 0.62325 0.176542 0.236278
0 0.5525420000000001 0.507722 0.170084 0.233666
0 0.3935200000000001 0.666944 0.160958 0.216334
0 0.354916 0.391334 0.1655 0.229334
0 0.1696040000000001 0.286612 0.149292 0.220666
0 0.21700000000000008 0.556612 0.148 0.218888
0 0.0897920000000001 0.711528 0.140166 0.198166
