0 0.08921800000000002 0.147112 0.107188 0.196888
0 0.05609400000000009 0.368888 0.106312 0.194888
0 0.2172179999999999 0.088444 0.106312 0.171112
0 0.18646800000000008 0.323112 0.102938 0.198888
0 0.1472819999999999 0.537 0.109688 0.204888
0 0.117062 0.758778 0.10075 0.171112
0 0.3095319999999999 0.244556 0.100688 0.192888
0 0.279876 0.474334 0.099624 0.194888
0 0.24015600000000004 0.713 0.109688 0.206888
0 0.442126 0.187834 0.095124 0.183
0 0.5696559999999999 0.134166 0.104062 0.199
0 0.402968 0.422612 0.106312 0.199
0 0.5360940000000001 0.354944 0.104062 0.187
0 0.3694059999999999 0.641388 0.101812 0.183
0 0.49750000000000005 0.581722 0.10075 0.187
0 0.46284400000000003 0.8065 0.102938 0.179
0 0.700032 0.089388 0.102938 0.173
0 0.6591880000000001 0.300222 0.095124 0.204888
0 0.7934380000000001 0.234612 0.11075 0.181
0 0.924374 0.174 0.099624 0.202888
0 0.8465940000000001 0.622556 0.105188 0.200888
0 0.8857820000000001 0.403722 0.098438 0.197
0 0.9422820000000001 0.789612 0.104062 0.185
0 0.8113440000000001 0.852278 0.106312 0.183
0 0.6843440000000001 0.907944 0.100688 0.183
0 0.333032 0.863222 0.100688 0.177112
0 0.7548440000000001 0.459388 0.100688 0.185
0 0.6306560000000001 0.53 0.105188 0.171112
0 0.5887180000000001 0.742834 0.101812 0.187
0 0.7218439999999999 0.696112 0.101812 0.192888
