0 0.21538199999999996 0.925342 0.024438 0.033916
0 0.2439 0.853408 0.02445 0.033916
0 0.18376799999999993 0.859376 0.024438 0.033916
0 0.12672400000000006 0.866242 0.02445 0.033916
0 0.15730599999999995 0.930392 0.024438 0.033916
0 0.10026800000000002 0.937258 0.024438 0.033916
0 0.04665600000000003 0.940458 0.024438 0.033916
0 0.07208799999999993 0.873108 0.02445 0.033916
0 0.017794000000000088 0.879074 0.024438 0.033916
0 0.21016199999999996 0.787834 0.02445 0.0339
0 0.15325600000000006 0.79575 0.024438 0.0339
0 0.09634999999999994 0.804326 0.02445 0.033916
0 0.0419179999999999 0.811592 0.024438 0.033916
0 0.26431800000000005 0.617908 0.025862 0.034516
0 0.29230599999999995 0.544376 0.024438 0.033916
0 0.260632 0.480376 0.024438 0.033916
0 0.013843999999999967 0.728084 0.024438 0.0339
0 0.12070599999999998 0.712042 0.024438 0.033916
0 0.06779399999999991 0.719374 0.024438 0.033916
0 0.2378880000000001 0.692808 0.02445 0.033916
0 0.17809399999999997 0.702884 0.024438 0.0339
0 0.20421200000000006 0.628208 0.02445 0.033916
0 0.1488879999999999 0.639658 0.02445 0.033916
0 0.09149999999999991 0.649742 0.02445 0.033916
0 0.03893199999999997 0.658892 0.024438 0.033916
0 0.23204399999999992 0.555358 0.024438 0.033916
0 0.17431799999999997 0.566342 0.024438 0.033916
0 0.11864999999999992 0.578716 0.02445 0.0339
0 0.063326 0.586958 0.02445 0.033916
0 0.1990559999999999 0.493492 0.024438 0.033916
0 0.14441799999999994 0.504958 0.024438 0.033916
0 0.08790600000000004 0.516874 0.024438 0.033916
0 0.03376800000000002 0.529234 0.023388 0.031134
