0 0.332484 0.036866000000000065 0.070506 0.031484
0 0.27033 0.07053799999999999 0.067692 0.033996
0 0.272924 0.1051439999999999 0.065934 0.025168
0 0.277846 0.13740400000000008 0.064176 0.028636
0 0.277846 0.16918600000000006 0.065318 0.029282
0 0.33712 0.07052600000000009 0.048572 0.028948
0 0.338836 0.10373199999999994 0.049714 0.027368
0 0.34288 0.136938 0.048572 0.028326
0 0.345494 0.16949799999999993 0.048 0.029904
0 0.39956 0.06959399999999993 0.050902 0.03335
0 0.401296 0.10266799999999998 0.05077 0.025382
0 0.40422 0.1343780000000001 0.051604 0.027178
0 0.410044 0.16769199999999995 0.053318 0.02854
0 0.459032 0.03602799999999995 0.053186 0.031578
0 0.52545 0.03461800000000004 0.056088 0.036508
0 0.585868 0.03384000000000009 0.049714 0.036818
0 0.648594 0.035585999999999895 0.051472 0.03146
0 0.708154 0.033314000000000066 0.052616 0.03409
0 0.771472 0.032259999999999955 0.050902 0.032416
0 0.83644 0.03260799999999997 0.050198 0.031722
0 0.899252 0.028804000000000052 0.05433 0.03555
0 0.900682 0.06498800000000005 0.052616 0.028636
0 0.838814 0.06641199999999992 0.056088 0.026412
0 0.77378 0.06657800000000003 0.050858 0.026746
0 0.710176 0.06751200000000002 0.055516 0.025502
0 0.647714 0.06830200000000008 0.055516 0.027082
0 0.588748 0.06876799999999994 0.050902 0.025478
0 0.528308 0.0690900000000001 0.056088 0.026746
0 0.462418 0.07034600000000002 0.05723 0.027392
0 0.464418 0.10181799999999996 0.048572 0.031148
0 0.527472 0.10118399999999994 0.053186 0.029258
0 0.591934 0.100406 0.053758 0.028948
0 0.652946 0.10135200000000011 0.048572 0.030838
0 0.713626 0.10071800000000009 0.053186 0.032728
0 0.777824 0.099294 0.049714 0.028014
0 0.839098 0.09913799999999995 0.048572 0.028948
0 0.902418 0.09772800000000004 0.050286 0.027368
0 0.904176 0.129988 0.049142 0.030838
0 0.842 0.13092199999999998 0.052 0.02768
0 0.775802 0.13264399999999998 0.057274 0.028636
0 0.711318 0.133278 0.057802 0.027368
0 0.650616 0.13407799999999992 0.055516 0.026436
0 0.58934 0.133278 0.062462 0.027368
0 0.527472 0.13312199999999996 0.053186 0.02768
0 0.46501 0.13406600000000002 0.056704 0.02957
0 0.470792 0.1674279999999999 0.050858 0.028302
0 0.53266 0.16585000000000005 0.060132 0.029594
0 0.595098 0.16632800000000003 0.055516 0.033038
0 0.65699 0.16553799999999996 0.05666 0.030838
0 0.72 0.16601599999999994 0.055472 0.033038
0 0.782176 0.164126 0.052616 0.031794
0 0.843164 0.16287000000000007 0.052044 0.031148
0 0.906198 0.16317000000000004 0.052044 0.028636
0 0.96422 0.029593999999999898 0.04677 0.03067
0 0.965406 0.06386399999999992 0.056352 0.03524
0 0.963626 0.09876799999999997 0.055164 0.029354
0 0.965428 0.13106400000000007 0.05156 0.0261
0 0.969032 0.16271600000000008 0.05156 0.028062
0 0.28811 0.21630400000000005 0.057538 0.031172
0 0.284396 0.24935400000000008 0.058286 0.028564
0 0.289076 0.2799400000000001 0.065626 0.025382
0 0.291054 0.31278800000000007 0.069934 0.032178
0 0.35101 0.21241599999999994 0.053318 0.032632
0 0.353912 0.24595600000000006 0.05745 0.029904
0 0.356418 0.2783500000000001 0.05411 0.026746
0 0.360176 0.3100719999999999 0.051604 0.027656
0 0.41345 0.2112799999999999 0.056616 0.033996
0 0.415538 0.24752400000000008 0.049098 0.031268
0 0.416792 0.2778940000000001 0.051604 0.026746
0 0.419692 0.30916199999999994 0.049142 0.030382
0 0.360594 0.34314599999999995 0.05912 0.02854
0 0.474616 0.2116260000000001 0.055516 0.03512
0 0.477362 0.24788199999999994 0.05688 0.032846
0 0.476352 0.27809799999999996 0.057582 0.026818
0 0.481186 0.31001199999999995 0.056176 0.0272
0 0.480154 0.3424879999999999 0.055516 0.028708
0 0.534616 0.21202199999999993 0.053406 0.033612
0 0.539824 0.24581399999999998 0.047208 0.027942
0 0.541208 0.276208 0.052704 0.029066
0 0.542814 0.30906600000000006 0.05134 0.030192
0 0.544198 0.3413520000000001 0.05411 0.028302
0 0.597604 0.21144800000000008 0.047164 0.032082
0 0.597626 0.245622 0.049934 0.029474
0 0.601076 0.2771539999999999 0.049978 0.026076
0 0.604198 0.308122 0.053406 0.027584
0 0.605934 0.33984400000000003 0.049934 0.030598
0 0.660418 0.21050199999999997 0.053406 0.032488
0 0.663186 0.24656600000000006 0.054814 0.030598
0 0.662484 0.27696199999999993 0.049978 0.025312
0 0.668396 0.308492 0.05345 0.031722
0 0.668044 0.342106 0.055472 0.027942
0 0.723208 0.21068200000000004 0.050638 0.03323
0 0.723208 0.24488 0.050638 0.029856
0 0.72356 0.2777160000000001 0.052748 0.029832
0 0.727714 0.30868399999999996 0.049978 0.025312
0 0.728132 0.339078 0.05055 0.030216
0 0.784616 0.2127159999999999 0.047208 0.030694
0 0.784264 0.24411399999999994 0.052044 0.026794
0 0.788066 0.27526399999999995 0.055516 0.027178
0 0.78844 0.30793000000000004 0.050638 0.028302
0 0.790154 0.3400240000000001 0.052748 0.02756
0 0.846704 0.211638 0.054814 0.032846
0 0.848792 0.2431700000000001 0.052044 0.023422
0 0.849142 0.2733859999999999 0.052748 0.030216
0 0.84756 0.30673400000000006 0.050374 0.028732
0 0.850506 0.3381099999999999 0.055912 0.029618
0 0.906396 0.2121059999999999 0.049186 0.02622
0 0.90855 0.24251200000000006 0.05156 0.028326
0 0.907846 0.2737320000000001 0.047252 0.025694
0 0.910968 0.3053220000000001 0.052528 0.029114
0 0.913142 0.33824199999999993 0.054946 0.02988
0 0.970726 0.21184200000000009 0.056352 0.024114
0 0.969274 0.24028800000000006 0.052484 0.02909
0 0.971208 0.27268000000000003 0.056352 0.028326
0 0.972154 0.3051919999999999 0.053494 0.03043
0 0.359934 0.38727200000000006 0.063604 0.03933
0 0.426748 0.38491600000000004 0.051472 0.03524
0 0.486858 0.38443800000000006 0.050286 0.03366
0 0.547868 0.38617199999999996 0.053186 0.030192
0 0.607714 0.3836599999999999 0.049186 0.032728
0 0.670726 0.38476 0.050286 0.031148
0 0.732616 0.383972 0.048 0.031484
0 0.79622 0.382236 0.049142 0.032416
0 0.855472 0.38176999999999994 0.050902 0.032106
0 0.916484 0.3811359999999999 0.049142 0.03146
0 0.915032 0.41402000000000005 0.052044 0.02799
0 0.857208 0.415276 0.052 0.029258
0 0.796022 0.41575399999999996 0.05534 0.028972
0 0.734924 0.41623199999999994 0.054902 0.028636
0 0.671604 0.4176439999999999 0.050902 0.026436
0 0.612044 0.4182779999999999 0.053186 0.028948
0 0.551626 0.41906599999999994 0.051472 0.026746
0 0.48899 0.417608 0.050946 0.02555
0 0.42745 0.4191020000000001 0.05578 0.02854
0 0.491142 0.44946200000000003 0.064924 0.031268
0 0.555252 0.44877999999999996 0.048264 0.028086
0 0.61312 0.45059800000000005 0.05077 0.027178
0 0.67567 0.44841 0.05622 0.02945
0 0.738462 0.44877999999999996 0.05134 0.027942
0 0.797802 0.44652000000000003 0.046506 0.02567
0 0.857098 0.447284 0.05134 0.02567
0 0.920946 0.446148 0.052704 0.027942
0 0.55356 0.48107600000000006 0.058946 0.02909
0 0.618792 0.4805140000000001 0.049274 0.02567
0 0.68055 0.47955799999999993 0.054814 0.029832
0 0.738814 0.47824200000000006 0.046506 0.026436
0 0.797428 0.4774879999999999 0.048572 0.031722
0 0.857802 0.476734 0.047208 0.0272
0 0.920264 0.47730800000000007 0.049934 0.026818
0 0.620176 0.511484 0.052044 0.027942
0 0.67877 0.5116620000000001 0.045714 0.030598
0 0.743318 0.5112920000000001 0.047164 0.03134
0 0.800242 0.5097719999999999 0.048572 0.027584
0 0.860242 0.508086 0.047868 0.027942
0 0.920264 0.506758 0.045802 0.026818
0 0.921032 0.5379419999999999 0.047428 0.026124
0 0.861494 0.5396780000000001 0.050902 0.02768
0 0.798462 0.541256 0.050902 0.026436
