0 0.368942 0.823602 0.033983 0.048366
0 0.333454 0.844957 0.035655 0.049914
0 0.560884 0.754140 0.030655 0.044237
0 0.529241 0.776215 0.030627 0.049290
0 0.497737 0.794796 0.030320 0.042194
0 0.463085 0.814602 0.030320 0.044774
0 0.430759 0.834151 0.030989 0.050925
0 0.397430 0.854215 0.032326 0.059183
0 0.363447 0.878914 0.032994 0.046817
0 0.355286 0.933452 0.031323 0.049914
0 0.555787 0.806226 0.029708 0.045871
0 0.520891 0.826495 0.029025 0.045892
0 0.489450 0.848892 0.033858 0.045871
0 0.458350 0.866495 0.033858 0.044817
0 0.703538 0.709269 0.027660 0.045290
0 0.680543 0.679935 0.026323 0.042194
0 0.651058 0.698473 0.028663 0.043226
0 0.620070 0.717763 0.027994 0.043742
0 0.473182 0.470011 0.030655 0.044753
0 0.505682 0.451000 0.030306 0.043806
0 0.538322 0.435129 0.028928 0.044667
0 0.500334 0.504215 0.030864 0.047656
0 0.531866 0.485613 0.028357 0.046151
0 0.467068 0.520892 0.031435 0.045871
0 0.351650 0.683925 0.033552 0.047935
0 0.386267 0.664559 0.034513 0.046753
0 0.421365 0.646054 0.032981 0.047247
0 0.461003 0.571817 0.030084 0.044065
0 0.455696 0.625699 0.030669 0.048817
0 0.492618 0.555430 0.029694 0.044065
0 0.486929 0.606667 0.029485 0.046452
0 0.520299 0.588774 0.031825 0.050022
0 0.515084 0.637462 0.027577 0.046151
0 0.482403 0.656817 0.030850 0.050925
0 0.448942 0.675731 0.030279 0.045269
0 0.526852 0.535634 0.031421 0.045548
0 0.551247 0.571366 0.028538 0.049140
0 0.546414 0.622280 0.028900 0.046753
0 0.576699 0.600699 0.026992 0.039892
0 0.571107 0.653247 0.027006 0.041978
0 0.540063 0.671409 0.026226 0.042000
0 0.566386 0.701333 0.030265 0.046452
0 0.533795 0.723968 0.029903 0.043462
0 0.508050 0.690312 0.030864 0.044667
0 0.476247 0.709366 0.029986 0.048366
0 0.502737 0.744097 0.029652 0.048882
0 0.415759 0.696774 0.028983 0.043742
0 0.345780 0.736387 0.033649 0.050925
0 0.409102 0.748215 0.030320 0.040645
0 0.442249 0.731247 0.031323 0.044774
0 0.599373 0.401677 0.027660 0.045290
0 0.569213 0.414806 0.031323 0.047849
0 0.594039 0.452871 0.029666 0.049914
0 0.563719 0.466774 0.027660 0.045806
0 0.590209 0.503301 0.030000 0.044753
0 0.557382 0.521312 0.026992 0.045806
0 0.585042 0.551935 0.029666 0.041161
0 0.373781 0.769591 0.033635 0.051441
0 0.338447 0.789129 0.032994 0.043204
0 0.469241 0.762366 0.029986 0.042194
0 0.436421 0.783989 0.032312 0.048366
0 0.403433 0.803796 0.033663 0.046817
0 0.410696 0.452011 0.032981 0.046817
0 0.369882 0.521473 0.031323 0.049914
0 0.405028 0.506538 0.034318 0.043742
0 0.439352 0.485194 0.030989 0.043204
0 0.433607 0.538613 0.030084 0.049140
0 0.398677 0.557108 0.035794 0.049226
0 0.393120 0.611849 0.032786 0.050323
0 0.358210 0.629570 0.033552 0.049419
0 0.426574 0.592505 0.032981 0.049742
0 0.424840 0.887301 0.033162 0.041613
0 0.392019 0.909172 0.036630 0.046946
0 0.549714 0.859667 0.031657 0.046817
0 0.517061 0.877172 0.025655 0.046817
0 0.484401 0.897484 0.027660 0.042194
0 0.452416 0.919613 0.032326 0.046323
0 0.419095 0.941484 0.032312 0.049892
0 0.383969 0.962871 0.032061 0.043290
0 0.363753 0.574258 0.033858 0.050151
0 0.383106 0.711903 0.037994 0.054430
0 0.653628 0.416355 0.030404 0.045871
0 0.649136 0.468645 0.029721 0.043742
0 0.675794 0.450538 0.029025 0.043742
0 0.731372 0.465430 0.026950 0.041613
0 0.673322 0.499043 0.028343 0.042688
0 0.644304 0.514516 0.028329 0.043742
0 0.637744 0.565161 0.026741 0.041290
0 0.755195 0.497290 0.026992 0.041161
0 0.726031 0.514000 0.027994 0.042710
0 0.696880 0.533043 0.026992 0.039634
0 0.668886 0.550280 0.025655 0.041161
0 0.747855 0.544624 0.026323 0.041161
0 0.776539 0.529742 0.027702 0.043312
0 0.799345 0.560570 0.029331 0.048366
0 0.771184 0.576774 0.029666 0.042710
0 0.721532 0.563656 0.027660 0.045290
0 0.693036 0.582452 0.027298 0.045763
0 0.663217 0.599419 0.024986 0.040645
0 0.634227 0.616140 0.029652 0.044237
0 0.628565 0.666817 0.026992 0.041677
0 0.657549 0.648559 0.027660 0.042194
0 0.686212 0.629774 0.026992 0.038602
0 0.715369 0.616398 0.027981 0.040667
0 0.744359 0.595043 0.025989 0.047333
0 0.794011 0.609452 0.024652 0.041183
0 0.789847 0.657570 0.026992 0.040645
0 0.766518 0.625656 0.025655 0.042710
0 0.738196 0.643419 0.026337 0.042194
0 0.709373 0.659366 0.027994 0.039118
0 0.735529 0.694086 0.028329 0.042710
0 0.761358 0.674280 0.023997 0.045290
0 0.616567 0.767161 0.028983 0.041677
0 0.645557 0.746828 0.025655 0.047333
0 0.675550 0.729333 0.028983 0.043226
0 0.728865 0.741946 0.030320 0.040667
0 0.698879 0.758925 0.029652 0.042710
0 0.669387 0.777183 0.025320 0.041161
0 0.641065 0.799054 0.031323 0.042710
0 0.608900 0.815269 0.028329 0.046323
0 0.701309 0.483806 0.028329 0.044258
0 0.782591 0.703097 0.026490 0.046237
0 0.756386 0.722656 0.027061 0.042688
0 0.811957 0.690656 0.025334 0.037355
0 0.806205 0.732882 0.028788 0.038237
0 0.802173 0.781344 0.026490 0.039118
0 0.794366 0.830677 0.028287 0.045312
0 0.723572 0.788903 0.027061 0.038237
0 0.693336 0.809344 0.025334 0.036452
0 0.749192 0.771559 0.027632 0.035548
0 0.778273 0.751559 0.025905 0.041785
0 0.773663 0.801344 0.025905 0.041785
0 0.663684 0.828022 0.024749 0.040000
0 0.688733 0.856914 0.026490 0.048022
0 0.636623 0.846688 0.030515 0.045333
0 0.602939 0.867581 0.029944 0.044452
0 0.744011 0.819129 0.027632 0.043548
0 0.716372 0.836462 0.028788 0.044452
0 0.741128 0.866258 0.029944 0.040000
0 0.768482 0.849366 0.027075 0.047118
0 0.660258 0.880914 0.027117 0.037312
0 0.818287 0.641301 0.023036 0.034688
0 0.711664 0.885086 0.027368 0.044882
0 0.707897 0.938409 0.024596 0.037161
0 0.543586 0.909559 0.030543 0.047505
0 0.510731 0.928323 0.029624 0.045032
0 0.445467 0.973161 0.031936 0.040387
0 0.479366 0.949935 0.029847 0.041806
0 0.630947 0.899376 0.024763 0.041462
0 0.598893 0.917591 0.029624 0.044301
0 0.682430 0.908129 0.023607 0.043957
0 0.591985 0.965054 0.031072 0.047957
0 0.736065 0.915473 0.030404 0.049097
0 0.444986 0.434301 0.032312 0.047097
0 0.511727 0.402731 0.027242 0.044430
0 0.479199 0.419301 0.031936 0.049570
