0 0.8518859999999999 0.695994 0.02338 0.042804
0 0.820314 0.71652 0.02416 0.042804
0 0.795992 0.741552 0.023836 0.042804
0 0.868894 0.728286 0.02364 0.043304
0 0.845818 0.750938 0.022514 0.04055
0 0.8909 0.760826 0.022968 0.043304
0 0.8161320000000001 0.772966 0.022514 0.042052
0 0.857518 0.781476 0.022514 0.042052
0 0.874638 0.812766 0.022514 0.042052
0 0.8475520000000001 0.834544 0.022514 0.042052
0 0.836068 0.805506 0.022514 0.042052
0 0.8167819999999999 0.856822 0.022514 0.042052
0 0.8043340000000001 0.827284 0.023836 0.042052
0 0.7593719999999999 0.760952 0.023836 0.042052
0 0.78532 0.794118 0.02286 0.043304
0 0.7710619999999999 0.849562 0.02286 0.043304
0 0.753706 0.81721 0.02455 0.042178
0 0.734226 0.785018 0.02455 0.043128
0 0.701506 0.80751 0.02455 0.043104
0 0.719708 0.8403 0.02455 0.043104
0 0.66987 0.82965 0.02455 0.044832
0 0.691756 0.864092 0.02455 0.044832
0 0.7396419999999999 0.873104 0.02455 0.044832
0 0.757628 0.903142 0.02455 0.044832
0 0.7073560000000001 0.89463 0.02455 0.044832
0 0.727724 0.92667 0.02455 0.044832
0 0.6375839999999999 0.853078 0.02455 0.044832
0 0.6609860000000001 0.887122 0.02455 0.044832
0 0.681354 0.920162 0.02455 0.044832
0 0.6046480000000001 0.877108 0.02455 0.044832
0 0.625764 0.9099 0.024746 0.044832
0 0.572568 0.90189 0.025396 0.044832
0 0.5383420000000001 0.92592 0.025418 0.044832
0 0.58883 0.932928 0.025418 0.044832
0 0.646034 0.94194 0.025418 0.044832
0 0.5627420000000001 0.95771 0.026024 0.044832
0 0.500856 0.948698 0.026674 0.044832
0 0.469004 0.97473 0.026674 0.044832
0 0.6201399999999999 0.968724 0.027324 0.044832
0 0.6683539999999999 0.974982 0.026674 0.044832
0 0.795882 0.882654 0.024486 0.042804
0 0.869122 0.868136 0.024918 0.041302
0 0.8364039999999999 0.889036 0.025352 0.041552
0 0.888744 0.899424 0.025158 0.042302
0 0.8106180000000001 0.911564 0.024918 0.041052
0 0.8577999999999999 0.920076 0.022644 0.041052
0 0.8755139999999999 0.950238 0.023402 0.043304
0 0.779642 0.935094 0.02533 0.042052
0 0.696868 0.950112 0.025374 0.042052
0 0.7486459999999999 0.957872 0.024486 0.041052
0 0.8253619999999999 0.942228 0.023596 0.041302
0 0.8471280000000001 0.973768 0.023402 0.040802
0 0.8036939999999999 0.966758 0.025764 0.041802
0 0.8796200000000001 0.673968 0.025114 0.044306
0 0.29960999999999993 0.728536 0.029902 0.04831
0 0.3378540000000001 0.704506 0.030986 0.04831
0 0.37739999999999996 0.680614 0.03077 0.05159
0 0.41022800000000004 0.65632 0.029252 0.049562
0 0.43804 0.694118 0.028624 0.049312
0 0.40629399999999993 0.717522 0.032308 0.046558
0 0.4209639999999999 0.753316 0.03066 0.04756
0 0.3667499999999999 0.740802 0.029058 0.049062
0 0.48829999999999996 0.385982 0.02947 0.050564
0 0.45363 0.40801 0.02947 0.050564
0 0.4170100000000001 0.431038 0.02947 0.052566
0 0.570422 0.27935 0.02947 0.050564
0 0.598592 0.258824 0.02947 0.050564
0 0.5619719999999999 0.341678 0.02947 0.050564
0 0.5892740000000001 0.32065 0.02947 0.050564
0 0.6280600000000001 0.298624 0.02947 0.050564
0 0.633912 0.238548 0.02947 0.050564
0 0.6737820000000001 0.21652 0.02947 0.050564
0 0.6909000000000001 0.256696 0.027086 0.049312
0 0.73272 0.235794 0.026868 0.047058
0 0.6564460000000001 0.277096 0.026868 0.047058
0 0.7102919999999999 0.194868 0.027518 0.04781
0 0.7123520000000001 0.29587 0.026436 0.04856
0 0.754604 0.273968 0.028602 0.044806
0 0.6781140000000001 0.316146 0.026868 0.047058
0 0.6502699999999999 0.337922 0.027086 0.04806
0 0.6186339999999999 0.359198 0.026218 0.046558
0 0.58039 0.380476 0.02817 0.049062
0 0.54843 0.40363 0.027952 0.048812
0 0.7705299999999999 0.312516 0.025786 0.045808
0 0.736836 0.333792 0.025568 0.046308
0 0.7951239999999999 0.350188 0.025568 0.045056
0 0.7591540000000001 0.371214 0.025568 0.046058
0 0.699784 0.355444 0.024268 0.047058
0 0.667346 0.37672 0.024182 0.046858
0 0.721236 0.393718 0.025136 0.044806
0 0.636944 0.397346 0.027736 0.046558
0 0.6000000000000001 0.418998 0.026218 0.049312
0 0.563272 0.440902 0.02817 0.04856
0 0.5292520000000001 0.46443 0.029036 0.047058
0 0.692742 0.413992 0.025786 0.045306
0 0.655254 0.436396 0.024918 0.046558
0 0.623294 0.456296 0.026002 0.048812
0 0.59415 0.479574 0.027518 0.046308
0 0.5577460000000001 0.501852 0.026218 0.046808
0 0.5198259999999999 0.52438 0.027086 0.049312
0 0.8143020000000001 0.38796 0.024486 0.043804
0 0.775406 0.409112 0.022536 0.043054
0 0.7416039999999999 0.430138 0.023402 0.045056
0 0.713652 0.45179 0.025136 0.046308
0 0.831852 0.42463 0.025786 0.045556
0 0.80325 0.445782 0.023618 0.042804
0 0.8490800000000001 0.461052 0.022968 0.043804
0 0.823402 0.481452 0.024486 0.042554
0 0.7828820000000001 0.501602 0.024052 0.043804
0 0.7621880000000001 0.466308 0.025136 0.045808
0 0.7375940000000001 0.487584 0.025352 0.043804
0 0.844096 0.517496 0.022968 0.043054
0 0.542124 0.716332 0.026218 0.046232
0 0.56921 0.751376 0.026218 0.046232
0 0.5135419999999999 0.740864 0.026868 0.046232
0 0.4790239999999999 0.764894 0.026738 0.046232
0 0.6623840000000001 0.740614 0.026218 0.046232
0 0.624096 0.762892 0.026956 0.046232
0 0.70715 0.750938 0.024918 0.043554
0 0.594344 0.78667 0.026218 0.046232
0 0.5603260000000001 0.8107 0.026218 0.046232
0 0.5297719999999999 0.83348 0.026218 0.046232
0 0.539264 0.777158 0.026566 0.046232
0 0.501452 0.799688 0.026782 0.046232
0 0.46587200000000006 0.822404 0.02817 0.04731
0 0.48385600000000006 0.44861 0.028602 0.04856
0 0.447346 0.47164 0.028386 0.049562
0 0.46792999999999996 0.510564 0.02882 0.050814
0 0.4038999999999999 0.493166 0.030336 0.050062
0 0.4313100000000001 0.533342 0.029686 0.051314
0 0.37410600000000005 0.517698 0.029686 0.049062
0 0.3359700000000001 0.540726 0.029686 0.052066
0 0.40173400000000004 0.556496 0.03077 0.051064
0 0.45525400000000005 0.571264 0.028602 0.049062
0 0.29902399999999996 0.564506 0.03207 0.051564
0 0.36207999999999996 0.580526 0.027736 0.050564
0 0.4242680000000001 0.595294 0.028602 0.04856
0 0.44301199999999996 0.631714 0.029686 0.051314
0 0.387648 0.618198 0.02817 0.049812
0 0.351896 0.642102 0.029902 0.050062
0 0.32177600000000006 0.602928 0.030336 0.050312
0 0.26023799999999997 0.588286 0.030336 0.050312
0 0.2866740000000001 0.628086 0.030336 0.050312
0 0.3118099999999999 0.666382 0.030336 0.050312
0 0.22058599999999995 0.612566 0.030336 0.050312
0 0.24723800000000007 0.652866 0.030336 0.050312
0 0.2764899999999999 0.690914 0.030336 0.050312
0 0.17822399999999994 0.637596 0.03142 0.050312
0 0.20671799999999996 0.676896 0.03142 0.050312
0 0.16581800000000002 0.702178 0.032394 0.050312
0 0.12757400000000008 0.727872 0.033044 0.05164
0 0.08826599999999996 0.75358 0.033652 0.05229
0 0.04461599999999999 0.779486 0.033412 0.053042
0 0.61571 0.8205 0.026436 0.044806
0 0.6466959999999999 0.797848 0.027302 0.045056
0 0.6808240000000001 0.774944 0.026218 0.046308
0 0.040736000000000105 0.360212 0.035622 0.054192
0 0.023792000000000035 0.427584 0.034366 0.052766
0 0.08300200000000002 0.336446 0.033868 0.054768
0 0.1236520000000001 0.31209 0.033868 0.053618
0 0.16429000000000005 0.289098 0.034366 0.054594
0 0.18135400000000002 0.220664 0.033868 0.054494
0 0.13518999999999992 0.243242 0.03402 0.053542
0 0.21782199999999996 0.198036 0.033132 0.052842
0 0.210596 0.26567 0.03493 0.053892
0 0.25981600000000005 0.176296 0.032828 0.053918
0 0.299404 0.154556 0.031918 0.054944
0 0.3368580000000001 0.132828 0.030942 0.053192
0 0.3764780000000001 0.11144 0.030704 0.051464
0 0.4141060000000001 0.089524 0.033716 0.054944
0 0.51858 0.091264 0.03131 0.050062
0 0.4755259999999999 0.112828 0.03131 0.050788
0 0.43804 0.134392 0.031008 0.051464
0 0.4055359999999999 0.15577 0.031008 0.051814
0 0.36427999999999994 0.177146 0.032222 0.054218
0 0.533002 0.13731 0.029902 0.049336
0 0.4973559999999999 0.15657 0.029686 0.052816
0 0.5877140000000001 0.15557 0.027518 0.048812
0 0.624984 0.135068 0.028386 0.048812
0 0.5254179999999999 0.19925 0.028602 0.051564
0 0.459978 0.177972 0.028602 0.050062
0 0.4228160000000001 0.199386 0.030986 0.054794
0 0.38500599999999996 0.2204 0.03077 0.05532
0 0.32303400000000004 0.198248 0.031636 0.053566
0 0.28478800000000004 0.22065 0.030986 0.054318
0 0.24784399999999995 0.243442 0.032936 0.05279
0 0.347194 0.242178 0.031852 0.053818
0 0.30938200000000005 0.264456 0.031202 0.051814
0 0.270162 0.286984 0.032936 0.053818
0 0.22985999999999995 0.309888 0.031636 0.054068
0 0.19085599999999991 0.33254 0.03207 0.05532
0 0.14947 0.356196 0.034236 0.054068
0 0.10840800000000006 0.379724 0.033586 0.054568
0 0.06658800000000009 0.402766 0.03402 0.053542
0 0.060195999999999916 0.472216 0.033802 0.053316
0 0.10537400000000008 0.446822 0.034452 0.053592
0 0.14220999999999995 0.423292 0.033152 0.053092
0 0.1833800000000001 0.399374 0.03402 0.052816
0 0.22227599999999992 0.376232 0.03337 0.053042
0 0.26203599999999994 0.35269 0.031852 0.052566
0 0.301906 0.330312 0.03012 0.051314
0 0.33690200000000003 0.307634 0.031202 0.052066
0 0.3804559999999999 0.28473 0.030336 0.051314
0 0.42064999999999997 0.263454 0.031852 0.051314
0 0.456186 0.241552 0.02882 0.052566
0 0.49616400000000005 0.21965 0.02947 0.051814
0 0.6514200000000001 0.17637 0.028386 0.048812
0 0.611116 0.19776 0.027518 0.049036
0 0.5748219999999999 0.218022 0.027302 0.04856
0 0.5140420000000001 0.262078 0.029252 0.051064
0 0.47601399999999994 0.282992 0.029902 0.050838
0 0.43831 0.305644 0.028602 0.049536
0 0.40364 0.327158 0.030336 0.051564
0 0.3708119999999999 0.349324 0.030986 0.05179
0 0.333326 0.372216 0.03012 0.050564
0 0.294864 0.39438 0.031636 0.05179
0 0.25456199999999995 0.419024 0.031636 0.050062
0 0.21133200000000008 0.441678 0.03142 0.052316
0 0.171138 0.465094 0.032502 0.050538
0 0.13332600000000006 0.489486 0.033152 0.052316
0 0.09323999999999999 0.515394 0.034452 0.053066
0 0.05217800000000006 0.5403 0.035536 0.053818
0 0.041277999999999926 0.60726 0.035536 0.052066
0 0.08006599999999997 0.581476 0.035536 0.052566
0 0.07161400000000007 0.647934 0.034236 0.052316
0 0.10942600000000002 0.622778 0.033152 0.050062
0 0.02502800000000005 0.673466 0.034236 0.052316
0 0.055903999999999954 0.714018 0.03402 0.052316
0 0.09794199999999997 0.687484 0.033152 0.050312
0 0.137486 0.662454 0.032502 0.050312
0 0.12231799999999993 0.55582 0.032502 0.052816
0 0.16067199999999993 0.531914 0.032502 0.052816
0 0.1494040000000001 0.596496 0.032502 0.052816
0 0.19013999999999998 0.572716 0.032502 0.052816
0 0.2055260000000001 0.508386 0.032502 0.052816
0 0.23997800000000002 0.483104 0.032502 0.052816
0 0.281582 0.460076 0.032502 0.052816
0 0.26793 0.523154 0.032502 0.052816
0 0.22849399999999997 0.548686 0.032502 0.052816
0 0.313542 0.436046 0.032286 0.049562
0 0.358722 0.414268 0.032502 0.052816
0 0.391224 0.390738 0.02947 0.049562
0 0.38039 0.453566 0.02947 0.049562
0 0.34572 0.477346 0.02947 0.049562
0 0.3075840000000001 0.500376 0.02947 0.050564
0 0.433044 0.36796 0.02947 0.050564
0 0.471614 0.345432 0.02947 0.050564
0 0.503466 0.323654 0.02947 0.050564
0 0.80325 0.537596 0.026218 0.046208
0 0.757204 0.523504 0.026002 0.044556
0 0.699784 0.509738 0.025568 0.045056
0 0.683424 0.473442 0.025786 0.046058
0 0.648104 0.494968 0.025786 0.04756
0 0.6149519999999999 0.517496 0.025786 0.04806
0 0.669014 0.53164 0.025568 0.046308
0 0.7279519999999999 0.545532 0.026002 0.044556
0 0.693824 0.567934 0.025352 0.046808
0 0.6318520000000001 0.553542 0.027086 0.04856
0 0.662296 0.590838 0.026002 0.044056
0 0.6287100000000001 0.612616 0.026436 0.046058
0 0.5834239999999999 0.5396 0.026868 0.046708
0 0.6033580000000001 0.576196 0.026436 0.046808
0 0.54908 0.562052 0.027952 0.047058
0 0.509968 0.584706 0.028602 0.046308
0 0.567714 0.598598 0.027086 0.045556
0 0.535212 0.621252 0.02882 0.04781
0 0.4984839999999999 0.645156 0.027302 0.046058
0 0.7761640000000001 0.55955 0.024918 0.044056
0 0.7486459999999999 0.581702 0.025352 0.044806
0 0.863272 0.55204 0.023618 0.045056
0 0.824378 0.571814 0.023402 0.046058
0 0.795558 0.593466 0.024268 0.044306
0 0.7620800000000001 0.616872 0.026218 0.044556
0 0.7162520000000001 0.60373 0.025136 0.044806
0 0.680498 0.625758 0.024702 0.045306
0 0.8761639999999999 0.585332 0.023836 0.043554
0 0.8439859999999999 0.606232 0.023618 0.043804
0 0.8187439999999999 0.62876 0.023402 0.043304
0 0.789274 0.650788 0.023836 0.044306
0 0.860346 0.64065 0.022536 0.043554
0 0.834452 0.662428 0.022752 0.042554
0 0.8049839999999999 0.68408 0.023618 0.042302
0 0.731744 0.634142 0.025352 0.044556
0 0.753066 0.672766 0.025786 0.043554
0 0.7762519999999999 0.706808 0.023618 0.042052
0 0.702796 0.66025 0.024486 0.044056
0 0.7256560000000001 0.695294 0.024268 0.044056
0 0.742666 0.728836 0.024918 0.042554
0 0.647866 0.647984 0.025568 0.045056
0 0.671918 0.683028 0.026002 0.044556
0 0.6901200000000001 0.717822 0.025568 0.046058
0 0.59066 0.63522 0.026002 0.04756
0 0.554908 0.658248 0.02817 0.046558
0 0.6172040000000001 0.67189 0.027518 0.04781
0 0.5212140000000001 0.680776 0.028386 0.04756
0 0.4902280000000001 0.705556 0.028386 0.04756
0 0.579934 0.693954 0.026218 0.046232
0 0.641148 0.70582 0.026218 0.046232
0 0.5999779999999999 0.728098 0.026218 0.046232
0 0.0332619999999999 0.846108 0.033152 0.052066
0 0.0760559999999999 0.819074 0.034236 0.052066
0 0.11570999999999998 0.793042 0.033802 0.052066
0 0.1560140000000001 0.766258 0.03077 0.053066
0 0.19815800000000006 0.741102 0.032286 0.050814
0 0.23521199999999998 0.716196 0.031852 0.050062
0 0.027735999999999983 0.91199 0.034236 0.051564
0 0.05330400000000002 0.948786 0.034236 0.051564
0 0.06478800000000007 0.884206 0.034236 0.051564
0 0.1092519999999999 0.857572 0.033586 0.051564
0 0.14988 0.831678 0.032502 0.050288
0 0.09549199999999991 0.921052 0.03207 0.051314
0 0.13449599999999995 0.89463 0.031636 0.049086
0 0.17501600000000006 0.86796 0.03207 0.04831
0 0.18747599999999998 0.805018 0.03142 0.050588
0 0.2280279999999999 0.780112 0.032654 0.050338
0 0.26266600000000007 0.753204 0.030986 0.049086
0 0.32632799999999995 0.764832 0.028602 0.049812
0 0.2913319999999999 0.791614 0.030552 0.048812
0 0.253304 0.817396 0.030336 0.049312
0 0.214518 0.841052 0.030336 0.049312
0 0.2762739999999999 0.852316 0.030336 0.049312
0 0.31787600000000005 0.828036 0.030336 0.049312
0 0.23922 0.878098 0.030336 0.049312
0 0.20324999999999993 0.905132 0.030336 0.049312
0 0.30877599999999994 0.888862 0.030336 0.049312
0 0.34019599999999994 0.863078 0.030336 0.049312
0 0.3547119999999999 0.803504 0.030336 0.049312
0 0.391116 0.777972 0.030336 0.049312
0 0.4106179999999999 0.813516 0.030336 0.049312
0 0.3748640000000001 0.838048 0.030336 0.049312
0 0.3997839999999999 0.87234 0.030336 0.049312
0 0.36359600000000003 0.897122 0.030336 0.049312
0 0.32654399999999995 0.923404 0.030336 0.049312
0 0.35644600000000004 0.957698 0.030336 0.049312
0 0.26695599999999997 0.914142 0.030336 0.049312
0 0.2981579999999999 0.950688 0.030336 0.049312
0 0.2275180000000001 0.940176 0.030336 0.049312
0 0.1640299999999999 0.930914 0.030336 0.049312
0 0.193716 0.96746 0.030336 0.049312
0 0.1243780000000001 0.957698 0.030336 0.049312
0 0.4553419999999999 0.882466 0.02843 0.047834
0 0.49282800000000004 0.858436 0.02843 0.048336
0 0.5112680000000001 0.890726 0.02843 0.048336
0 0.48319599999999996 0.916508 0.02689 0.048336
0 0.4466840000000001 0.94154 0.028408 0.048336
0 0.39424799999999993 0.93478 0.029274 0.048336
0 0.544734 0.867072 0.02819 0.046082
0 0.577888 0.843542 0.02819 0.047084
