0 0.198069 0.075574 0.080050 0.096930
0 0.286700 0.073798 0.081962 0.093380
0 0.374853 0.074981 0.084819 0.100473
0 0.468247 0.070256 0.081006 0.088651
0 0.561169 0.074984 0.081963 0.093380
0 0.647894 0.074391 0.076237 0.094566
0 0.732234 0.076756 0.075294 0.101651
0 0.816100 0.076163 0.069575 0.088651
0 0.905681 0.078527 0.079100 0.088651
0 0.065600 0.171318 0.085775 0.092202
0 0.162331 0.171911 0.086725 0.100473
0 0.251916 0.167771 0.081006 0.101651
0 0.339116 0.173089 0.074331 0.095744
0 0.428225 0.170729 0.082912 0.093380
0 0.509706 0.170136 0.074338 0.087465
0 0.598809 0.173682 0.081006 0.089829
0 0.688394 0.171911 0.079100 0.095744
0 0.773216 0.169547 0.077194 0.095744
0 0.856603 0.171911 0.085769 0.095744
0 0.938084 0.170729 0.081006 0.098109
0 0.115634 0.268244 0.077194 0.096922
0 0.203309 0.270609 0.081006 0.096922
0 0.291466 0.270609 0.078144 0.106380
0 0.384862 0.275926 0.095300 0.109930
0 0.465869 0.274155 0.091487 0.108744
0 0.550206 0.280066 0.090538 0.113481
0 0.635978 0.277109 0.092444 0.107566
0 0.726041 0.270609 0.093394 0.089837
0 0.812287 0.272973 0.082913 0.111109
0 0.898534 0.282426 0.081956 0.118202
0 0.121828 0.452050 0.074331 0.100473
0 0.213319 0.456190 0.078150 0.096922
0 0.293372 0.451461 0.089581 0.101651
0 0.383428 0.448508 0.081006 0.100473
0 0.470631 0.445550 0.095300 0.092202
0 0.553066 0.449686 0.084819 0.100473
0 0.644081 0.445550 0.087675 0.104016
0 0.724613 0.444961 0.079100 0.102837
0 0.805619 0.444368 0.082912 0.113481
0 0.898059 0.436682 0.101969 0.107566
0 0.085612 0.542477 0.083863 0.099295
0 0.171859 0.546616 0.088631 0.095744
0 0.258109 0.544841 0.085769 0.094566
0 0.345309 0.535977 0.081006 0.088651
0 0.132312 0.632903 0.081962 0.086287
0 0.219037 0.634085 0.081962 0.093380
0 0.303853 0.626403 0.085769 0.092202
0 0.388194 0.630535 0.075288 0.088651
0 0.433466 0.538930 0.078144 0.089829
0 0.512566 0.540112 0.074331 0.087465
0 0.593097 0.536566 0.081006 0.085101
0 0.675056 0.533612 0.086725 0.081566
0 0.762731 0.538341 0.069575 0.088651
0 0.846119 0.535384 0.076238 0.087465
0 0.927125 0.537748 0.085775 0.099295
0 0.472537 0.625810 0.076237 0.083930
0 0.555450 0.623446 0.083862 0.081558
0 0.637409 0.624035 0.074331 0.089837
0 0.714603 0.622264 0.081956 0.091023
0 0.802275 0.619326 0.081950 0.089876
0 0.879475 0.625236 0.093400 0.078054
0 0.179487 0.728054 0.082913 0.096930
0 0.269547 0.723919 0.087681 0.093388
0 0.352934 0.720376 0.084819 0.095744
0 0.436325 0.713872 0.074338 0.080380
0 0.514469 0.714465 0.070525 0.093380
0 0.592144 0.712690 0.086725 0.094558
0 0.682200 0.709736 0.085775 0.093380
0 0.755581 0.718597 0.091487 0.113473
0 0.842306 0.708554 0.087675 0.095744
0 0.305762 0.818481 0.095300 0.107566
0 0.397250 0.806070 0.081962 0.092202
0 0.476825 0.799570 0.071475 0.079202
0 0.556881 0.801934 0.075288 0.074473
0 0.639316 0.796612 0.085769 0.094558
0 0.726509 0.801403 0.088644 0.099411
0 0.427747 0.884085 0.089581 0.092202
0 0.514472 0.882310 0.076244 0.083922
0 0.599766 0.882903 0.081006 0.094566
0 0.107247 0.075101 0.085769 0.096930
