0 0.577505 0.536372 0.006330 0.014243
0 0.570815 0.558283 0.009150 0.015307
0 0.562900 0.579393 0.008800 0.015307
0 0.571165 0.601034 0.008450 0.017421
0 0.578825 0.578861 0.006870 0.014783
0 0.585340 0.557879 0.006860 0.013988
0 0.592640 0.535315 0.006340 0.013718
0 0.606990 0.534400 0.007220 0.012399
0 0.621600 0.534790 0.006860 0.014768
0 0.636735 0.534393 0.007570 0.012924
0 0.651965 0.533741 0.007390 0.015307
0 0.658650 0.512886 0.008800 0.015307
0 0.667625 0.533081 0.008450 0.017676
0 0.600830 0.557489 0.007920 0.014768
0 0.615525 0.555907 0.008090 0.014243
0 0.629430 0.556567 0.008800 0.015562
0 0.644745 0.556034 0.008450 0.016087
0 0.659535 0.554588 0.008450 0.014783
0 0.593085 0.578073 0.007570 0.014258
0 0.586660 0.598658 0.007740 0.015307
0 0.608750 0.577016 0.006160 0.013193
0 0.600650 0.597729 0.006860 0.013988
0 0.595640 0.618711 0.008800 0.014243
0 0.623095 0.575562 0.008090 0.013463
0 0.616670 0.596147 0.007560 0.013463
0 0.610945 0.618846 0.008450 0.016102
0 0.638055 0.576882 0.008450 0.014513
0 0.652755 0.576087 0.008970 0.017151
0 0.667630 0.575697 0.007740 0.016372
0 0.660325 0.595487 0.008630 0.014783
0 0.646770 0.596154 0.007920 0.013988
0 0.631895 0.596147 0.008090 0.013463
0 0.624590 0.617789 0.007920 0.015037
0 0.639555 0.616732 0.007570 0.013973
0 0.654605 0.616334 0.006690 0.012669
0 0.668685 0.615285 0.007750 0.012669
0 0.661730 0.636132 0.007920 0.014243
0 0.646770 0.637714 0.007220 0.015307
0 0.633480 0.637976 0.008100 0.013733
0 0.640870 0.659873 0.008800 0.015307
0 0.655485 0.658823 0.008450 0.016357
0 0.665385 0.490675 0.008450 0.016342
0 0.656575 0.471507 0.010190 0.017406
0 0.663245 0.450510 0.009670 0.016942
0 0.698335 0.448171 0.010950 0.017001
0 0.712025 0.447879 0.007670 0.018606
0 0.725350 0.448156 0.010220 0.015862
0 0.740495 0.447039 0.007670 0.013718
0 0.754725 0.445697 0.008390 0.015322
0 0.769325 0.445967 0.008390 0.015862
0 0.783925 0.445420 0.007670 0.014768
0 0.798890 0.445142 0.007660 0.015322
0 0.812940 0.445967 0.007300 0.015862
0 0.704360 0.468403 0.008400 0.015877
0 0.720240 0.468403 0.008760 0.016957
0 0.733925 0.469220 0.006930 0.015322
0 0.748345 0.467579 0.006570 0.014228
0 0.763300 0.468126 0.007300 0.015322
0 0.777720 0.466762 0.006940 0.013673
0 0.792135 0.465667 0.006570 0.014783
0 0.806370 0.465390 0.007300 0.014228
0 0.820975 0.466484 0.006570 0.014228
0 0.697605 0.490562 0.008030 0.014228
0 0.713810 0.488981 0.007580 0.014243
0 0.726810 0.488373 0.007300 0.014228
0 0.741775 0.487826 0.008030 0.013133
0 0.755820 0.487009 0.007660 0.014768
0 0.770055 0.487009 0.007670 0.013688
0 0.785385 0.486462 0.007670 0.012594
0 0.800705 0.485532 0.008410 0.013343
0 0.813555 0.484573 0.008770 0.014813
0 0.827260 0.485420 0.008040 0.014978
0 0.821655 0.505277 0.009270 0.016492
0 0.808105 0.504663 0.008650 0.014963
0 0.815950 0.525435 0.007640 0.015877
0 0.801590 0.525202 0.007860 0.014813
0 0.793845 0.504820 0.008450 0.015577
0 0.809640 0.545975 0.008060 0.014198
0 0.795225 0.546357 0.007750 0.014363
0 0.779200 0.505772 0.009000 0.014843
0 0.787020 0.526274 0.008040 0.015427
0 0.772820 0.527339 0.008960 0.014198
0 0.764745 0.507316 0.008110 0.014153
0 0.780095 0.547189 0.008050 0.014198
0 0.765890 0.549408 0.009180 0.014978
0 0.751725 0.549558 0.007950 0.014048
0 0.757835 0.528186 0.008970 0.014663
0 0.749075 0.507789 0.007950 0.014198
0 0.743325 0.529025 0.009470 0.014813
0 0.737365 0.550322 0.007750 0.013448
0 0.735120 0.508861 0.007940 0.015742
0 0.721525 0.509850 0.008850 0.014663
0 0.729370 0.529558 0.007860 0.015277
0 0.714695 0.530015 0.008050 0.014663
0 0.706340 0.509625 0.008660 0.014813
0 0.722795 0.550787 0.008550 0.015277
0 0.708480 0.550630 0.008460 0.014963
0 0.698755 0.531844 0.009370 0.016492
0 0.700790 0.571709 0.009980 0.016492
0 0.715875 0.570862 0.008750 0.015127
0 0.730690 0.570712 0.009060 0.014498
0 0.709050 0.592399 0.008960 0.015742
0 0.723660 0.592174 0.007640 0.014663
0 0.744490 0.570637 0.006920 0.014048
0 0.738230 0.591784 0.007440 0.014813
0 0.703190 0.613321 0.010480 0.016327
0 0.717190 0.612631 0.010180 0.015877
0 0.731810 0.611874 0.009480 0.014663
0 0.710470 0.632961 0.010180 0.015247
0 0.725035 0.632946 0.009570 0.015877
0 0.739195 0.631949 0.009770 0.016642
0 0.717810 0.654175 0.009980 0.018336
0 0.732885 0.653411 0.009770 0.016807
0 0.746635 0.611259 0.008370 0.016792
0 0.761195 0.611717 0.008550 0.015577
0 0.774955 0.611567 0.008770 0.016807
0 0.753000 0.591252 0.008660 0.015277
0 0.759360 0.570945 0.007540 0.014963
0 0.766900 0.590795 0.008560 0.014963
0 0.773375 0.570097 0.008030 0.015427
0 0.788145 0.569190 0.008050 0.014813
0 0.780805 0.590645 0.008450 0.015892
0 0.796040 0.587894 0.009380 0.015877
0 0.802755 0.567586 0.009370 0.016492
0 0.716845 0.310127 0.007770 0.013418
0 0.731220 0.308808 0.007480 0.012969
0 0.744640 0.308591 0.007920 0.012984
0 0.759895 0.307706 0.007630 0.013853
0 0.774125 0.307159 0.008210 0.013628
0 0.788210 0.307489 0.007920 0.014738
0 0.802660 0.307826 0.008360 0.014513
0 0.794295 0.288913 0.008950 0.014948
0 0.780290 0.288913 0.007920 0.014078
0 0.765470 0.288688 0.006460 0.012759
0 0.751465 0.288576 0.007190 0.013853
0 0.736940 0.289018 0.006600 0.012969
0 0.722715 0.288906 0.007770 0.013193
0 0.707975 0.289243 0.007630 0.013418
0 0.693010 0.289903 0.007040 0.013418
0 0.786155 0.268126 0.008210 0.015172
0 0.772220 0.268351 0.007040 0.015172
0 0.758135 0.268238 0.008210 0.014948
0 0.729390 0.268021 0.007920 0.014513
0 0.715015 0.268238 0.007630 0.014948
0 0.699980 0.269115 0.008360 0.014963
0 0.529895 0.416132 0.008070 0.013193
0 0.545160 0.416019 0.008080 0.013418
0 0.559235 0.415915 0.007770 0.014078
0 0.536275 0.394903 0.007630 0.013853
0 0.551460 0.394798 0.007780 0.012324
0 0.574270 0.416019 0.008500 0.013418
0 0.566220 0.394243 0.007920 0.013853
0 0.589745 0.415360 0.008370 0.012549
0 0.581460 0.394798 0.007920 0.012744
0 0.604500 0.414588 0.008220 0.013643
0 0.596350 0.394685 0.007760 0.014288
0 0.619010 0.414258 0.007920 0.014303
0 0.611670 0.394580 0.007920 0.014078
0 0.633895 0.413381 0.007770 0.014738
0 0.626050 0.393043 0.008500 0.013193
0 0.640365 0.393261 0.008070 0.013628
0 0.648640 0.413823 0.007920 0.015622
0 0.663310 0.413493 0.008800 0.016282
0 0.655315 0.391717 0.009550 0.015397
0 0.662280 0.372369 0.007920 0.013643
0 0.647245 0.372144 0.007770 0.013193
0 0.661545 0.331019 0.008210 0.014513
0 0.653925 0.351799 0.008230 0.013853
0 0.632795 0.372699 0.009090 0.012984
0 0.639545 0.352046 0.007330 0.013448
0 0.646010 0.331687 0.007920 0.014078
0 0.631850 0.331469 0.007500 0.013193
0 0.625240 0.351912 0.007780 0.012759
0 0.617395 0.373688 0.007630 0.013193
0 0.602875 0.373141 0.007330 0.014738
0 0.587985 0.374018 0.007770 0.013853
0 0.573170 0.374565 0.008060 0.015397
0 0.558215 0.374453 0.008090 0.014303
0 0.542880 0.374565 0.007920 0.014948
0 0.609695 0.352136 0.008070 0.012759
0 0.616880 0.332129 0.007780 0.013193
0 0.594950 0.353231 0.007340 0.013628
0 0.601625 0.332009 0.007190 0.012534
0 0.579920 0.353343 0.007480 0.014723
0 0.564745 0.353343 0.008230 0.013853
0 0.549770 0.353456 0.007920 0.014078
0 0.535405 0.354108 0.008490 0.013193
0 0.587395 0.332121 0.007770 0.013628
0 0.572000 0.332346 0.008360 0.013628
0 0.557270 0.332016 0.008800 0.013418
0 0.541570 0.333223 0.009080 0.013643
0 0.652745 0.310465 0.008510 0.013853
0 0.638385 0.310787 0.008210 0.014948
0 0.623565 0.311454 0.007610 0.015832
0 0.659930 0.290007 0.007920 0.014738
0 0.651570 0.269340 0.007920 0.013853
0 0.645045 0.289895 0.007770 0.014513
0 0.637020 0.269550 0.008160 0.013853
0 0.630020 0.290667 0.008800 0.014288
0 0.616450 0.290675 0.008080 0.013853
0 0.608895 0.311229 0.008810 0.015382
0 0.593780 0.311672 0.009100 0.014948
0 0.578520 0.311117 0.007920 0.013418
0 0.564150 0.310900 0.007920 0.013853
0 0.549110 0.311334 0.009240 0.015172
0 0.622095 0.269663 0.008230 0.013628
0 0.600305 0.291439 0.008070 0.014513
0 0.585940 0.291222 0.008960 0.014078
0 0.571050 0.291327 0.008220 0.015607
0 0.555935 0.290892 0.008510 0.015607
0 0.592685 0.269993 0.008090 0.013418
0 0.577660 0.270210 0.007920 0.013853
0 0.563050 0.269445 0.008360 0.012744
0 0.701000 0.309910 0.009240 0.012984
0 0.694185 0.330142 0.008210 0.013418
0 0.709145 0.330142 0.007050 0.013418
0 0.702400 0.350810 0.007040 0.012534
0 0.695945 0.371267 0.007330 0.013418
0 0.710685 0.370495 0.007490 0.013193
0 0.716995 0.349715 0.007190 0.012984
0 0.723520 0.329813 0.007340 0.013628
0 0.738040 0.329595 0.007040 0.012324
0 0.730855 0.349715 0.007630 0.014303
0 0.724475 0.370495 0.007770 0.013193
0 0.703645 0.392054 0.007770 0.013193
0 0.697925 0.412496 0.008950 0.015397
0 0.712150 0.412061 0.007780 0.014528
0 0.718095 0.391612 0.007630 0.013628
0 0.725940 0.411072 0.008660 0.014738
0 0.732830 0.390510 0.008360 0.012744
0 0.740825 0.411072 0.007630 0.013418
0 0.747575 0.389963 0.007630 0.013418
0 0.755205 0.410855 0.007630 0.013853
0 0.739435 0.370060 0.007770 0.013193
0 0.746110 0.349715 0.007040 0.013403
0 0.753740 0.370060 0.007040 0.013193
0 0.761365 0.389738 0.008210 0.013418
0 0.769065 0.409858 0.006890 0.012759
0 0.776030 0.389850 0.007040 0.013643
0 0.767965 0.368853 0.006750 0.013418
0 0.760705 0.349385 0.008650 0.013643
0 0.752930 0.329925 0.008060 0.012534
0 0.767745 0.329378 0.007190 0.012759
0 0.781460 0.328928 0.007620 0.012759
0 0.775080 0.348726 0.007180 0.013643
0 0.782560 0.369400 0.007480 0.012324
0 0.788940 0.348621 0.007340 0.013853
0 0.795980 0.328163 0.007340 0.012969
0 0.810795 0.329048 0.006750 0.014738
0 0.803685 0.347849 0.007190 0.012759
0 0.817840 0.347631 0.007040 0.013193
0 0.796935 0.368516 0.006890 0.011874
0 0.811090 0.367526 0.006740 0.010345
0 0.790185 0.389520 0.007190 0.011664
0 0.804930 0.389633 0.007040 0.012309
0 0.819155 0.389078 0.006450 0.013418
0 0.783880 0.409970 0.007180 0.012534
0 0.797670 0.409858 0.007480 0.012759
0 0.812485 0.409753 0.007190 0.012099
0 0.826860 0.409640 0.006900 0.013193
0 0.544770 0.452586 0.008800 0.017676
0 0.559200 0.452856 0.009160 0.017676
0 0.574340 0.452721 0.009860 0.017946
0 0.589390 0.451799 0.009680 0.016102
0 0.604525 0.451267 0.010030 0.015577
0 0.619310 0.450870 0.010380 0.017421
0 0.634800 0.450345 0.008980 0.017421
0 0.649145 0.450742 0.009510 0.016087
0 0.538255 0.475547 0.010910 0.018201
0 0.552950 0.474625 0.010380 0.016357
0 0.568260 0.474888 0.009680 0.016882
0 0.582610 0.473831 0.009160 0.014768
0 0.597485 0.473298 0.008270 0.015832
0 0.613235 0.472774 0.009150 0.015832
0 0.626615 0.473171 0.008090 0.015037
0 0.642370 0.472384 0.008620 0.016102
0 0.546000 0.495870 0.009500 0.015577
0 0.561665 0.495210 0.009850 0.015307
0 0.576010 0.495607 0.007920 0.016102
0 0.591145 0.494025 0.007570 0.016627
0 0.605760 0.494678 0.007920 0.016372
0 0.620545 0.493756 0.009330 0.016087
0 0.635860 0.493096 0.009680 0.014768
0 0.650140 0.493231 0.008320 0.015577
0 0.538865 0.516844 0.007570 0.015307
0 0.555240 0.516192 0.007920 0.014513
0 0.568880 0.516454 0.009500 0.015577
0 0.583845 0.516057 0.008450 0.015832
0 0.598715 0.516057 0.008630 0.014783
0 0.613855 0.515532 0.008630 0.014783
0 0.628905 0.514865 0.008450 0.017676
0 0.643425 0.515270 0.009330 0.015307
0 0.547050 0.536642 0.007040 0.013193
0 0.562455 0.537301 0.007570 0.014513
0 0.555330 0.558673 0.007040 0.013988
