0 0.878917 0.157128 0.049033 0.031706
0 0.792846 0.170416 0.043958 0.027906
0 0.854871 0.207122 0.044808 0.030444
0 0.941358 0.192566 0.045650 0.030444
0 0.921529 0.244462 0.051558 0.034237
0 0.767950 0.220728 0.048183 0.029806
0 0.830817 0.259019 0.050717 0.032975
0 0.742654 0.272944 0.046525 0.032975
0 0.632517 0.284650 0.043967 0.032338
0 0.544338 0.295416 0.043125 0.032331
0 0.462904 0.310281 0.043958 0.027912
0 0.379788 0.322622 0.043125 0.034869
0 0.344346 0.376100 0.043125 0.032975
0 0.311858 0.433378 0.045650 0.034869
0 0.431262 0.363759 0.046492 0.032344
0 0.514800 0.350787 0.046500 0.034237
0 0.602558 0.338759 0.048183 0.031706
0 0.716900 0.327369 0.047333 0.032975
0 0.804238 0.313131 0.049875 0.037400
0 0.899592 0.298575 0.049867 0.036137
0 0.873433 0.355216 0.056617 0.040569
0 0.778500 0.371037 0.050717 0.034237
0 0.687367 0.385909 0.050717 0.033606
0 0.570071 0.394138 0.054092 0.034875
0 0.484004 0.406794 0.049025 0.036137
0 0.396667 0.419137 0.048183 0.032975
0 0.359533 0.478309 0.046500 0.033606
0 0.448563 0.464703 0.049025 0.036769
0 0.540538 0.453944 0.050708 0.038038
0 0.653613 0.444453 0.052408 0.036769
0 0.751921 0.431163 0.051558 0.036775
0 0.848962 0.415341 0.053242 0.036769
0 0.320300 0.539384 0.052400 0.040569
0 0.413117 0.527044 0.057467 0.036137
0 0.505521 0.514700 0.049875 0.036775
0 0.625346 0.506159 0.053242 0.038669
0 0.721117 0.494134 0.050717 0.037406
0 0.820267 0.480528 0.054933 0.036769
0 0.924483 0.466287 0.055783 0.034875
0 0.897904 0.532741 0.056625 0.043731
0 0.790317 0.546663 0.057467 0.042462
0 0.694117 0.561850 0.052400 0.041200
0 0.593279 0.571978 0.051558 0.038669
0 0.471767 0.579888 0.056617 0.043100
0 0.375146 0.591278 0.049025 0.041831
0 0.282325 0.606153 0.049033 0.039931
0 0.238442 0.673872 0.050717 0.044994
0 0.333800 0.660581 0.052400 0.041200
0 0.432950 0.648872 0.053250 0.039306
0 0.290762 0.735259 0.057458 0.042469
0 0.391179 0.721337 0.052408 0.042462
0 0.523663 0.717856 0.055775 0.043100
0 0.558679 0.642544 0.051558 0.039300
0 0.660783 0.632100 0.054933 0.045000
0 0.621546 0.706147 0.060842 0.047531
0 0.589479 0.786206 0.054092 0.048162
0 0.699179 0.771016 0.060842 0.045631
0 0.812254 0.761522 0.059158 0.045631
0 0.732513 0.694756 0.058308 0.046262
0 0.764154 0.617544 0.059158 0.046262
0 0.842213 0.681781 0.056625 0.046900
0 0.869633 0.605522 0.057467 0.043731
0 0.777167 0.845738 0.070167 0.055250
0 0.914300 0.887513 0.066933 0.055513
0 0.945183 0.799034 0.059850 0.051719
0 0.969275 0.717772 0.061450 0.048681
0 0.950246 0.402600 0.059842 0.039562
0 0.967967 0.344503 0.050733 0.038806
0 0.192342 0.746563 0.062100 0.052038
0 0.474300 0.173897 0.048183 0.028544
0 0.551508 0.160291 0.042283 0.025381
0 0.580200 0.115353 0.045650 0.026644
0 0.656987 0.101116 0.045658 0.028544
0 0.713508 0.133391 0.045683 0.029806
0 0.630829 0.148581 0.040592 0.029812
0 0.603825 0.194466 0.045650 0.032969
0 0.523663 0.208391 0.043958 0.031706
0 0.444754 0.222944 0.046508 0.030437
0 0.413117 0.271359 0.043967 0.032344
0 0.492862 0.258700 0.044808 0.031075
0 0.573871 0.244462 0.043125 0.032975
0 0.660783 0.231491 0.043117 0.033606
0 0.686946 0.181175 0.044808 0.029175
0 0.818163 0.123584 0.047342 0.027906
