0 0.961956 0.7597499999999999 0.076088 0.1865
0 0.792222 0.7643439999999999 0.119556 0.206188
0 0.897734 0.527968 0.123288 0.203562
0 0.961956 0.2980940000000001 0.076088 0.193062
0 0.8001560000000001 0.2928440000000001 0.120488 0.187812
0 0.616622 0.2790619999999999 0.121422 0.1865
0 0.6960219999999999 0.5365 0.119512 0.199624
0 0.6007560000000001 0.7630319999999999 0.123288 0.185188
0 0.4167780000000001 0.7551559999999999 0.121378 0.179938
0 0.5148440000000001 0.52075 0.121422 0.1865
0 0.41444400000000003 0.2875939999999999 0.107378 0.172062
0 0.23326599999999997 0.758438 0.120488 0.183876
0 0.32244399999999995 0.527968 0.117688 0.177312
0 0.1389339999999999 0.526 0.122312 0.1865
0 0.22813400000000006 0.2862819999999999 0.123288 0.172062
