0 0.0628439999999999 0.639156 0.059438 0.097062
0 0.1644460000000001 0.565948 0.062484 0.104354
0 0.0628280000000001 0.461188 0.064312 0.105166
0 0.1693119999999999 0.375844 0.066124 0.104354
0 0.06737400000000004 0.272708 0.064906 0.11
0 0.06980399999999998 0.068854 0.068546 0.121334
0 0.17571000000000003 0.168666 0.07939 0.124292
0 0.29903199999999996 0.05627 0.076812 0.110876
0 0.42480399999999996 0.159438 0.08189 0.132666
0 0.2889299999999999 0.275178 0.074328 0.115896
0 0.5569059999999999 0.27098 0.091968 0.137708
0 0.7217100000000001 0.146854 0.099516 0.1545
0 0.879594 0.271822 0.118374 0.149438
0 0.693406 0.392594 0.093218 0.132688
0 0.40907800000000005 0.381698 0.078124 0.11423
0 0.2769919999999999 0.4815 0.070578 0.105834
0 0.538664 0.497428 0.085672 0.120938
0 0.841226 0.520084 0.094484 0.136042
0 0.6720079999999999 0.619886 0.095734 0.120938
0 0.3946179999999999 0.588854 0.07686 0.109208
0 0.27195400000000003 0.670198 0.068062 0.10752
0 0.8141719999999999 0.747364 0.100782 0.134354
0 0.152312 0.907718 0.061282 0.090604
0 0.06009400000000009 0.807406 0.060062 0.087354
0 0.15807799999999994 0.742292 0.064312 0.0995
0 0.517266 0.702916 0.078124 0.112542
0 0.38077399999999995 0.778396 0.07939 0.115916
0 0.260632 0.84801 0.065546 0.100812
0 0.64811 0.828718 0.09825 0.12598
0 0.49663199999999996 0.899468 0.080828 0.11477
