0 0.434472 0.397188 0.05957 0.080626
0 0.51294 0.398958 0.055878 0.078124
0 0.59542 0.399558 0.05498 0.076928
0 0.751368 0.400456 0.056796 0.076328
0 0.828896 0.404362 0.05498 0.074506
0 0.907764 0.408268 0.055878 0.07513
0 0.670458 0.400756 0.059942 0.076928
0 0.945626 0.497812 0.055898 0.070312
0 0.908662 0.57983 0.05498 0.07211
0 0.868554 0.493906 0.058594 0.073334
0 0.793506 0.48789 0.058144 0.074532
0 0.834306 0.57504 0.054082 0.07211
0 0.718242 0.489088 0.058124 0.076928
0 0.759932 0.573828 0.055878 0.072136
0 0.641172 0.483984 0.05543 0.069114
0 0.684444 0.572916 0.057246 0.070312
0 0.561846 0.487292 0.059042 0.07573
0 0.609394 0.57293 0.056796 0.073932
0 0.533476 0.56901 0.057188 0.07448
0 0.485898 0.483684 0.056796 0.073308
0 0.45998 0.562708 0.050938 0.069114
0 0.407774 0.477656 0.058906 0.069688
0 0.331768 0.478268 0.057676 0.07211
0 0.382012 0.563906 0.057226 0.070312
0 0.304278 0.56181 0.058554 0.068516
0 0.281044 0.641132 0.059942 0.067318
0 0.356542 0.64293 0.055 0.068516
0 0.25919 0.716848 0.058614 0.066094
0 0.331318 0.720156 0.056778 0.067916
0 0.430498 0.643842 0.0567 0.06789
0 0.50461 0.647748 0.05543 0.068516
0 0.57875 0.648046 0.057696 0.067916
0 0.65289 0.651342 0.05543 0.068516
0 0.726132 0.653464 0.055 0.070312
0 0.800948 0.657058 0.051386 0.067916
0 0.874638 0.658242 0.051816 0.06789
0 0.946972 0.660326 0.054102 0.068412
0 0.91295 0.734922 0.05543 0.06724
0 0.840616 0.735482 0.051386 0.06612
0 0.767812 0.733672 0.054532 0.063698
0 0.69458 0.730976 0.054082 0.063098
0 0.624716 0.730378 0.053184 0.06789
0 0.550352 0.72496 0.055898 0.065494
0 0.478466 0.726472 0.05545 0.06612
0 0.405684 0.721954 0.053164 0.065468
0 0.23581 0.793568 0.052676 0.06224
0 0.306972 0.79164 0.050508 0.058386
0 0.378906 0.798112 0.05039 0.059506
0 0.450732 0.79862 0.054786 0.06052
0 0.524804 0.799492 0.051132 0.06086
0 0.595362 0.802266 0.051894 0.06224
0 0.665254 0.801576 0.05086 0.05737
0 0.736592 0.804192 0.049042 0.05776
0 0.807286 0.80608 0.04957 0.058776
0 0.87832 0.809752 0.049218 0.061224
0 0.946796 0.809622 0.050546 0.060964
0 0.912656 0.882734 0.050078 0.059218
0 0.845234 0.881732 0.050352 0.059818
0 0.774804 0.87948 0.047734 0.058072
0 0.706084 0.878424 0.050606 0.058776
0 0.635782 0.875808 0.05086 0.057032
0 0.567324 0.873204 0.050078 0.057396
0 0.49624 0.869218 0.04877 0.057032
0 0.425166 0.869218 0.051114 0.057032
0 0.35709 0.868164 0.050078 0.059818
0 0.286796 0.867292 0.048242 0.057396
0 0.215108 0.865182 0.051308 0.056614
0 0.191202 0.933554 0.051114 0.056328
0 0.261982 0.935456 0.050918 0.058776
0 0.332958 0.936848 0.048262 0.05599
0 0.401426 0.936848 0.050078 0.055312
0 0.471074 0.938072 0.049024 0.055624
0 0.536542 0.941368 0.052148 0.053204
0 0.608652 0.94224 0.049296 0.053542
0 0.677256 0.945208 0.04877 0.05599
0 0.744942 0.94832 0.049024 0.056692
0 0.814844 0.949714 0.049024 0.058072
0 0.882138 0.949192 0.049042 0.058438
0 0.94878 0.94694 0.049824 0.056692
