0 0.05840000000000001 0.4359280000000001 0.05885 0.09304
0 0.08717599999999992 0.504934 0.0523 0.091014
0 0.05713799999999991 0.58805 0.053726 0.091204
0 0.11298800000000009 0.571874 0.055526 0.086846
0 0.13884999999999992 0.637878 0.05885 0.084856
0 0.08390000000000009 0.6579740000000001 0.05755 0.089024
0 0.11366199999999993 0.7180880000000001 0.060824 0.091166
0 0.1649879999999999 0.7059660000000001 0.053626 0.090936
0 0.054400000000000004 0.11967400000000006 0.05715 0.085622
0 0.11293799999999998 0.11011400000000005 0.053624 0.082026
0 0.1662380000000001 0.095086 0.055576 0.085928
0 0.22318799999999994 0.08562200000000009 0.052876 0.080994
0 0.27676199999999995 0.07361400000000007 0.049026 0.087036
0 0.32842400000000005 0.060038000000000036 0.05165 0.08413
0 0.378776 0.04760999999999993 0.05165 0.080994
0 0.6871499999999999 0.05259999999999998 0.0537 0.079044
0 0.6399619999999999 0.06156800000000007 0.050876 0.082906
0 0.5952500000000001 0.07615599999999989 0.0465 0.074072
0 0.550438 0.0851059999999999 0.052324 0.086004
0 0.49905 0.09611799999999993 0.0484 0.07805
0 0.4503760000000001 0.1091200000000001 0.051 0.086004
0 0.40071199999999996 0.12011400000000005 0.050926 0.09002
0 0.353224 0.12914000000000003 0.05045 0.08803
0 0.3015620000000001 0.142142 0.052876 0.084054
0 0.24827599999999994 0.15560200000000002 0.05105 0.087112
0 0.195338 0.16764800000000002 0.052326 0.085048
0 0.14106200000000002 0.18315400000000004 0.058876 0.084016
0 0.08547400000000005 0.192658 0.0654 0.085048
0 0.056712000000000096 0.283288 0.061476 0.087036
0 0.11262400000000006 0.2657940000000001 0.0582 0.087992
0 0.1675500000000001 0.2532700000000001 0.0556 0.079006
0 0.22247400000000006 0.2398659999999999 0.0569 0.08585
0 0.2751239999999999 0.2262900000000001 0.05495 0.086998
0 0.32383800000000007 0.214264 0.056876 0.079006
0 0.37812599999999996 0.19975199999999993 0.05035 0.084016
0 0.426712 0.1905159999999999 0.047576 0.079848
0 0.475174 0.1777820000000001 0.04915 0.0787
0 0.52325 0.1661760000000001 0.04465 0.08455
0 0.568862 0.1549339999999999 0.045024 0.078126
0 0.614638 0.14216000000000006 0.042726 0.077056
0 0.660812 0.13349999999999995 0.045024 0.079312
0 0.7043379999999999 0.12133799999999995 0.048076 0.086272
0 0.6797880000000001 0.19283000000000006 0.048926 0.083326
0 0.635276 0.20845200000000008 0.0477 0.076406
0 0.5909880000000001 0.22089800000000004 0.046924 0.075832
0 0.5451999999999999 0.23101400000000005 0.0492 0.080994
0 0.4979 0.24350000000000005 0.0507 0.083938
0 0.4494499999999999 0.254532 0.0545 0.087496
0 0.39969999999999994 0.2680880000000001 0.0564 0.091434
0 0.35161200000000004 0.28191199999999994 0.060226 0.088108
0 0.29883799999999994 0.29501 0.052974 0.090898
0 0.2467999999999999 0.30839400000000006 0.05715 0.089904
0 0.19462599999999997 0.3229439999999999 0.05725 0.086806
0 0.139888 0.3340719999999999 0.057524 0.09262
0 0.08293799999999996 0.3476680000000001 0.056376 0.093194
0 0.656876 0.2694080000000001 0.04775 0.07304
0 0.67595 0.332314 0.0486 0.083366
0 0.6096999999999999 0.28589 0.0494 0.080612
0 0.629626 0.3497699999999999 0.04495 0.080574
0 0.6496500000000001 0.41032599999999997 0.0458 0.076482
0 0.563588 0.299064 0.047176 0.079196
0 0.585812 0.361988 0.047224 0.081376
0 0.604188 0.42380400000000007 0.047676 0.078586
0 0.518588 0.310152 0.050876 0.080574
0 0.5403880000000001 0.37304000000000004 0.046324 0.082676
0 0.561512 0.4340919999999999 0.047674 0.082486
0 0.5830759999999999 0.498394 0.04815 0.084666
0 0.47112599999999993 0.32475999999999994 0.0495 0.080574
0 0.493838 0.3897139999999999 0.051324 0.0813
0 0.42526200000000003 0.3358699999999999 0.051324 0.080612
0 0.44683800000000007 0.4001140000000001 0.051776 0.08543
0 0.514724 0.45086000000000004 0.0495 0.08566
0 0.5347120000000001 0.5106120000000001 0.043124 0.078586
0 0.556476 0.573366 0.05305 0.084628
0 0.37418799999999997 0.35009599999999996 0.051774 0.084054
0 0.39666200000000007 0.41476 0.048574 0.081376
0 0.42072599999999993 0.480688 0.0513 0.0826
0 0.46818800000000005 0.4651240000000001 0.047224 0.079312
0 0.48907600000000007 0.529674 0.04905 0.080612
0 0.509738 0.5894079999999999 0.050426 0.084742
0 0.4407000000000001 0.5441879999999999 0.0495 0.081798
0 0.4638739999999999 0.605086 0.04495 0.078546
0 0.3249120000000001 0.366444 0.051324 0.087534
0 0.3478380000000001 0.4295800000000001 0.050874 0.084628
0 0.37349999999999994 0.49489399999999995 0.0522 0.08325
0 0.395062 0.557782 0.047224 0.079848
0 0.41573799999999994 0.6182399999999999 0.049476 0.08543
0 0.44002399999999997 0.6842440000000001 0.04905 0.08543
0 0.39237600000000006 0.696768 0.04625 0.089522
0 0.3428500000000001 0.713366 0.0536 0.085316
0 0.292662 0.7293499999999999 0.051326 0.083938
0 0.241112 0.746712 0.052674 0.086922
0 0.272224 0.372676 0.0504 0.094416
0 0.2974380000000001 0.4439580000000001 0.051776 0.084168
0 0.32127400000000006 0.5078020000000001 0.05315 0.082676
0 0.34602599999999994 0.5720259999999999 0.05085 0.08195
0 0.369424 0.6373420000000001 0.04585 0.08891
0 0.2195499999999999 0.3893500000000001 0.05585 0.090286
0 0.246124 0.4577819999999999 0.0554 0.084054
0 0.2710379999999999 0.520994 0.050074 0.088184
0 0.295612 0.5866340000000001 0.051776 0.090286
0 0.32127400000000006 0.651224 0.05585 0.08891
0 0.2690619999999999 0.6652199999999999 0.052226 0.08218
0 0.1933499999999999 0.4727920000000001 0.0582 0.088222
0 0.21782400000000002 0.536902 0.05285 0.088336
0 0.2439880000000001 0.6031740000000001 0.051774 0.089178
0 0.1682380000000001 0.40185399999999993 0.055024 0.088374
0 0.114012 0.4152 0.055576 0.093346
0 0.13880000000000003 0.4860420000000001 0.05505 0.09002
0 0.16881199999999996 0.554398 0.050626 0.095028
0 0.19330000000000003 0.6202479999999999 0.05285 0.08501
0 0.21618800000000005 0.678604 0.055024 0.086692
