0 0.23135799999999995 0.266224 0.121616 0.0912
0 0.49357399999999996 0.189268 0.129216 0.090062
0 0.46013400000000004 0.401894 0.138334 0.104888
0 0.739074 0.333488 0.142884 0.1026
0 0.18499200000000005 0.47768199999999994 0.13225 0.099138
0 0.13406600000000002 0.716556 0.130734 0.114012
0 0.08162599999999998 0.952906 0.138316 0.094188
0 0.3765240000000001 0.8881380000000001 0.138316 0.117426
0 0.6790240000000001 0.810044 0.141384 0.118562
0 0.418334 0.637318 0.130734 0.108312
0 0.71475 0.560362 0.148966 0.111726
0 0.9531419999999999 0.726812 0.093716 0.111726
