0 0.760176 0.817428 0.059956 0.034808
0 0.829098 0.817166 0.053978 0.036436
0 0.891054 0.81689 0.049978 0.036986
0 0.956 0.815802 0.051956 0.038062
0 0.573824 0.853864 0.060968 0.03591
0 0.640264 0.854688 0.051956 0.034258
0 0.70022 0.852788 0.059956 0.034808
0 0.76666 0.85305 0.056924 0.028828
0 0.830594 0.851962 0.054946 0.027752
0 0.891054 0.851686 0.049978 0.025
0 0.956 0.851698 0.059956 0.023924
0 0.957978 0.884856 0.051956 0.027178
0 0.96 0.91695 0.051956 0.022846
0 0.892044 0.884856 0.053978 0.027178
0 0.82611 0.883504 0.051956 0.028828
0 0.832088 0.916674 0.045978 0.027752
0 0.896044 0.917764 0.051956 0.026626
0 0.764176 0.884582 0.051956 0.024474
0 0.765142 0.919666 0.057934 0.029378
0 0.701208 0.886758 0.053934 0.023374
0 0.70022 0.918852 0.051956 0.029904
0 0.640264 0.888122 0.051956 0.025
0 0.642264 0.91994 0.055956 0.028828
0 0.576308 0.88866 0.053978 0.023924
0 0.509384 0.887046 0.055956 0.028302
0 0.450418 0.921292 0.057934 0.028278
0 0.515362 0.92238 0.057978 0.0261
0 0.576308 0.920204 0.049934 0.029354
0 0.389978 0.954736 0.052924 0.029904
0 0.454924 0.95555 0.05499 0.028278
0 0.513362 0.953374 0.045978 0.028278
0 0.580814 0.952022 0.04699 0.026626
0 0.64277 0.953374 0.048968 0.023924
0 0.708704 0.951196 0.05099 0.023924
0 0.767362 0.951148 0.047956 0.023924
0 0.828814 0.94951 0.050946 0.0261
0 0.89523 0.949246 0.055956 0.027728
0 0.960682 0.948696 0.048924 0.028828
0 0.962638 0.983504 0.057054 0.028828
0 0.89523 0.981878 0.053934 0.025574
0 0.835296 0.984318 0.053978 0.0261
0 0.767362 0.984868 0.053934 0.0261
0 0.706396 0.985682 0.055956 0.027728
0 0.639956 0.984318 0.052924 0.0261
0 0.512572 0.987584 0.051956 0.023924
0 0.45512 0.987308 0.05099 0.023374
0 0.328242 0.986496 0.050946 0.0261
