0 0.751813 0.474589 0.025925 0.040229
0 0.484075 0.687954 0.031400 0.049522
0 0.498794 0.723212 0.031387 0.045010
0 0.529200 0.717964 0.029425 0.046520
0 0.543588 0.752467 0.026150 0.045507
0 0.514981 0.759226 0.031713 0.046023
0 0.485881 0.767725 0.030412 0.045010
0 0.499094 0.802734 0.031438 0.046998
0 0.528569 0.794025 0.026863 0.045602
0 0.556494 0.785937 0.027763 0.043423
0 0.569425 0.818939 0.029425 0.042428
0 0.541950 0.828987 0.028775 0.044512
0 0.556831 0.859044 0.030412 0.045583
0 0.582494 0.852983 0.026813 0.045468
0 0.624500 0.250096 0.030500 0.044742
0 0.653275 0.249551 0.024800 0.041740
0 0.680212 0.245249 0.024975 0.042696
0 0.705750 0.242849 0.023750 0.042792
0 0.731413 0.239130 0.023850 0.043843
0 0.554081 0.300268 0.031112 0.044512
0 0.584037 0.297706 0.025175 0.044742
0 0.610812 0.295889 0.029625 0.043403
0 0.638675 0.294388 0.025850 0.043078
0 0.666600 0.290707 0.024950 0.040688
0 0.691325 0.287792 0.025900 0.039598
0 0.716062 0.284665 0.026375 0.038203
0 0.742938 0.280497 0.023375 0.040153
0 0.767619 0.276501 0.024988 0.044818
0 0.792006 0.273489 0.025263 0.047247
0 0.540394 0.345612 0.029513 0.046023
0 0.569581 0.345182 0.029413 0.045163
0 0.597000 0.340841 0.027250 0.039924
0 0.653631 0.334187 0.025263 0.041109
0 0.679500 0.331185 0.025250 0.042486
0 0.705563 0.326386 0.024875 0.039388
0 0.730250 0.323184 0.023750 0.039293
0 0.755194 0.319006 0.023388 0.036788
0 0.780281 0.315239 0.024313 0.040803
0 0.803700 0.311874 0.024400 0.039426
0 0.837281 0.345010 0.026487 0.040306
0 0.813531 0.348547 0.021013 0.036673
0 0.791200 0.352141 0.023650 0.039962
0 0.766412 0.355574 0.022900 0.042314
0 0.742006 0.359675 0.023663 0.040497
0 0.716937 0.362553 0.024225 0.039369
0 0.691119 0.369197 0.023988 0.041721
0 0.665775 0.372686 0.024600 0.041740
0 0.638419 0.376176 0.026013 0.040038
0 0.611150 0.380373 0.026300 0.041166
0 0.582250 0.383298 0.026750 0.044149
0 0.553906 0.387256 0.026937 0.041931
0 0.525456 0.391597 0.028663 0.048203
0 0.495394 0.396673 0.029537 0.045736
0 0.481869 0.443423 0.028487 0.044398
0 0.512444 0.438604 0.027888 0.045813
0 0.539869 0.433776 0.028862 0.043423
0 0.569444 0.428031 0.027437 0.043824
0 0.598056 0.422801 0.027613 0.046061
0 0.625506 0.417859 0.026337 0.042447
0 0.651913 0.414130 0.024900 0.039312
0 0.678881 0.410019 0.025512 0.040765
0 0.704575 0.405918 0.024900 0.040287
0 0.728894 0.400994 0.024963 0.040076
0 0.752587 0.396635 0.025725 0.040994
0 0.778112 0.393260 0.022525 0.040516
0 0.801706 0.387591 0.023663 0.038356
0 0.823156 0.384455 0.023038 0.039809
0 0.848375 0.383126 0.026175 0.039063
0 0.497588 0.483709 0.031425 0.041109
0 0.528156 0.477390 0.027437 0.041587
0 0.556063 0.473403 0.027625 0.042027
0 0.584287 0.467696 0.026925 0.042467
0 0.611850 0.462725 0.026050 0.043690
0 0.637619 0.455774 0.028012 0.040803
0 0.665062 0.451989 0.024625 0.040191
0 0.691750 0.448690 0.024250 0.040516
0 0.716612 0.443595 0.023275 0.039771
0 0.740550 0.437696 0.023075 0.039369
0 0.765369 0.434073 0.022762 0.039082
0 0.789731 0.429149 0.022288 0.039063
0 0.812163 0.425535 0.023275 0.041090
0 0.836669 0.421338 0.025738 0.041377
0 0.844688 0.454474 0.024375 0.038203
0 0.821819 0.459828 0.022137 0.038509
0 0.798737 0.463021 0.023275 0.039656
0 0.775769 0.468662 0.024537 0.038776
0 0.726644 0.477820 0.025162 0.041300
0 0.703456 0.482409 0.024588 0.036750
0 0.678106 0.487906 0.028013 0.036769
0 0.651425 0.493403 0.026500 0.039082
0 0.625219 0.501358 0.027437 0.042256
0 0.597313 0.505851 0.029125 0.041377
0 0.570344 0.510478 0.028188 0.040229
0 0.541025 0.516243 0.027450 0.040172
0 0.512237 0.520182 0.028225 0.041090
0 0.483300 0.525363 0.031600 0.045182
0 0.467806 0.569818 0.032362 0.050650
0 0.497488 0.564608 0.030475 0.042562
0 0.527200 0.559837 0.028575 0.042811
0 0.556469 0.555057 0.026812 0.041013
0 0.583119 0.547543 0.027788 0.042964
0 0.611594 0.542811 0.026438 0.040497
0 0.638381 0.536807 0.024513 0.043518
0 0.664212 0.530019 0.025825 0.042065
0 0.689388 0.523805 0.025825 0.040497
0 0.713906 0.520048 0.027788 0.041013
0 0.739575 0.514006 0.026800 0.039101
0 0.763119 0.509799 0.025513 0.041511
0 0.785681 0.502830 0.027463 0.040459
0 0.809725 0.498547 0.024550 0.040994
0 0.832431 0.494293 0.024862 0.039522
0 0.855625 0.486797 0.024750 0.042505
0 0.843575 0.526300 0.026850 0.039522
0 0.819981 0.530784 0.025438 0.041453
0 0.797625 0.538078 0.023250 0.037036
0 0.775219 0.542553 0.026162 0.043002
0 0.749525 0.548059 0.024200 0.039025
0 0.725188 0.554560 0.025500 0.043002
0 0.700356 0.560057 0.025463 0.045010
0 0.676612 0.564570 0.025225 0.044015
0 0.650781 0.571071 0.026438 0.042027
0 0.624138 0.577801 0.025525 0.043556
0 0.597669 0.583824 0.026163 0.042524
0 0.570531 0.591577 0.029438 0.042008
0 0.542737 0.596329 0.032700 0.042524
0 0.514288 0.603327 0.028775 0.042524
0 0.482413 0.606826 0.034325 0.045507
0 0.469081 0.652189 0.032013 0.045373
0 0.499581 0.645669 0.030087 0.045564
0 0.528356 0.641644 0.030738 0.043518
0 0.556312 0.632897 0.029100 0.043996
0 0.583775 0.626635 0.027800 0.039503
0 0.611237 0.619933 0.028450 0.042925
0 0.637562 0.613145 0.027475 0.043499
0 0.661919 0.607132 0.028438 0.039503
0 0.689063 0.599876 0.025175 0.042008
0 0.713356 0.595258 0.023788 0.039924
0 0.737587 0.588891 0.024575 0.039350
0 0.761625 0.583088 0.022325 0.042275
0 0.784431 0.577467 0.022512 0.039063
0 0.807319 0.571080 0.021363 0.038528
0 0.830406 0.566750 0.022512 0.039656
0 0.852169 0.560669 0.024038 0.043136
0 0.839894 0.596415 0.024463 0.041663
0 0.817638 0.604226 0.023850 0.038203
0 0.795494 0.610449 0.023462 0.037916
0 0.772600 0.615507 0.024600 0.040497
0 0.748950 0.621750 0.025350 0.041969
0 0.724725 0.627266 0.027250 0.043748
0 0.699850 0.634044 0.028200 0.045717
0 0.675806 0.640956 0.030113 0.044054
0 0.649419 0.647505 0.026487 0.045449
0 0.623400 0.654197 0.028575 0.044952
0 0.597313 0.661472 0.028625 0.043403
0 0.569944 0.667036 0.028762 0.046310
0 0.541469 0.673834 0.028188 0.046597
0 0.513844 0.679914 0.030838 0.050650
0 0.624513 0.336520 0.029525 0.046539
0 0.828438 0.634704 0.023875 0.036520
0 0.837975 0.666157 0.024300 0.041683
0 0.804850 0.642945 0.024700 0.040306
0 0.814813 0.674885 0.022475 0.040287
0 0.824825 0.705163 0.022900 0.038241
0 0.781794 0.649532 0.023588 0.039598
0 0.792906 0.680994 0.023612 0.040688
0 0.802094 0.711902 0.023838 0.039293
0 0.759294 0.655076 0.025438 0.040287
0 0.770194 0.686520 0.023162 0.041338
0 0.780756 0.717046 0.023837 0.041243
0 0.791538 0.749197 0.024075 0.042333
0 0.735563 0.662380 0.024750 0.040287
0 0.746919 0.694857 0.025662 0.040650
0 0.712631 0.667935 0.025662 0.040306
0 0.723419 0.700057 0.025888 0.042715
0 0.757362 0.725430 0.024750 0.042830
0 0.767356 0.755306 0.021562 0.039293
0 0.778238 0.786683 0.026525 0.042314
0 0.687094 0.675048 0.025887 0.042027
0 0.698331 0.707380 0.024287 0.040688
0 0.710363 0.740344 0.025650 0.041300
0 0.734094 0.732562 0.023612 0.039656
0 0.744538 0.764837 0.024525 0.040306
0 0.754869 0.794704 0.025213 0.042371
0 0.720350 0.772094 0.024750 0.040899
0 0.731937 0.802543 0.022475 0.039273
0 0.662456 0.683222 0.025662 0.043767
0 0.673919 0.714790 0.025437 0.042314
0 0.686750 0.747447 0.026100 0.041625
0 0.697531 0.778891 0.023612 0.039924
0 0.707869 0.809120 0.024738 0.042715
0 0.720012 0.842122 0.024525 0.042715
0 0.696188 0.848384 0.023125 0.044761
0 0.671425 0.856683 0.026800 0.042658
0 0.646331 0.864675 0.025663 0.041969
0 0.620556 0.873356 0.026337 0.043461
0 0.636112 0.686338 0.025200 0.047208
0 0.648719 0.721979 0.025888 0.042084
0 0.660637 0.753901 0.026575 0.041338
0 0.673013 0.786013 0.025425 0.040975
0 0.684712 0.818671 0.022925 0.044455
0 0.609775 0.694675 0.027925 0.045143
0 0.623062 0.728891 0.027700 0.042027
0 0.635519 0.760497 0.025037 0.044092
0 0.647806 0.793317 0.025888 0.045143
0 0.660637 0.825612 0.027925 0.044455
0 0.634531 0.832610 0.026113 0.041090
0 0.596675 0.736396 0.029100 0.044111
0 0.608912 0.768451 0.026425 0.044168
0 0.621994 0.801587 0.025887 0.044589
0 0.584119 0.700927 0.027512 0.044187
0 0.557006 0.707600 0.027788 0.046673
0 0.569400 0.743021 0.027525 0.045010
0 0.584406 0.777199 0.025313 0.047514
0 0.596650 0.810124 0.026425 0.042505
0 0.608094 0.839302 0.027512 0.043346
