0 0.762638 0.820814 0.047472 0.023444
0 0.827626 0.820814 0.049274 0.024642
0 0.888704 0.819976 0.043956 0.02201
0 0.952 0.8189 0.046594 0.023206
0 0.953846 0.851746 0.047032 0.024642
0 0.89022 0.851532 0.048572 0.023254
0 0.827912 0.851986 0.048352 0.024162
0 0.764176 0.851746 0.047472 0.024642
0 0.702418 0.85354 0.05055 0.022488
0 0.637142 0.854378 0.047472 0.023206
0 0.574308 0.854856 0.04488 0.024642
0 0.514286 0.889306 0.047032 0.022728
0 0.576264 0.888588 0.047912 0.024162
0 0.640682 0.88799 0.045758 0.023924
0 0.703758 0.887034 0.042682 0.022966
0 0.766374 0.886316 0.048352 0.022966
0 0.828352 0.887154 0.046594 0.024642
0 0.891648 0.885598 0.041318 0.022966
0 0.955076 0.885742 0.043252 0.022776
0 0.390792 0.957488 0.047868 0.024162
0 0.453406 0.95665 0.047472 0.025838
0 0.452528 0.923996 0.045714 0.024162
0 0.514286 0.923876 0.045274 0.023444
0 0.518506 0.956172 0.043956 0.022488
0 0.578594 0.921746 0.047208 0.025886
0 0.57956 0.9539 0.043956 0.024162
0 0.64367 0.920526 0.047076 0.02646
0 0.64444 0.953804 0.05011 0.022728
0 0.706022 0.920814 0.047472 0.025838
0 0.70756 0.952512 0.048792 0.026076
0 0.76756 0.921052 0.047472 0.026316
0 0.769538 0.951794 0.046154 0.02512
0 0.769538 0.986962 0.046154 0.026076
0 0.829538 0.919378 0.045714 0.02488
0 0.830638 0.951556 0.047912 0.02512
0 0.832616 0.985646 0.04923 0.025358
0 0.893934 0.91878 0.048792 0.026556
0 0.89455 0.951436 0.055296 0.027752
0 0.895956 0.984138 0.054946 0.02799
0 0.958594 0.919546 0.048352 0.026076
0 0.959912 0.951962 0.048352 0.025358
0 0.960132 0.984258 0.051428 0.028708
