0 0.504938 0.06461399999999995 0.03525 0.047812
0 0.604742 0.07310400000000006 0.03464 0.040542
0 0.558938 0.10262400000000005 0.034032 0.041334
0 0.511304 0.13458400000000004 0.03464 0.04375
0 0.46671 0.16249000000000002 0.032828 0.042938
0 0.424852 0.19119799999999998 0.03161 0.042146
0 0.382078 0.2199279999999999 0.033438 0.044562
0 0.339312 0.24703199999999992 0.034032 0.042146
0 0.647594 0.569782 0.026124 0.032646
0 0.605672 0.593396 0.031594 0.035958
0 0.564594 0.6152820000000001 0.028656 0.037146
0 0.524562 0.638312 0.0295 0.037124
0 0.611148 0.6473340000000001 0.02739 0.035958
0 0.652008 0.6271040000000001 0.026546 0.034834
0 0.450632 0.023354000000000097 0.03586 0.044584
0 0.403312 0.056114 0.037062 0.048604
0 0.363882 0.08604199999999995 0.03586 0.045376
0 0.318976 0.115178 0.03464 0.042146
0 0.329624 0.18231200000000003 0.035188 0.047
0 0.371766 0.153594 0.034656 0.047812
0 0.416664 0.12446800000000002 0.03464 0.046188
0 0.458828 0.09333400000000003 0.03525 0.045376
0 0.548922 0.03185400000000005 0.035844 0.047
0 0.174828 0.48573 0.029844 0.04025
0 0.207656 0.4625619999999999 0.028094 0.032292
0 0.245742 0.43985399999999997 0.030546 0.037458
0 0.281914 0.4166780000000001 0.030546 0.038854
0 0.321234 0.3930419999999999 0.03125 0.0365
0 0.35968 0.37103200000000003 0.029484 0.034646
0 0.31018 0.3363959999999999 0.028796 0.041208
0 0.27261 0.36122999999999994 0.0295 0.038416
0 0.23486 0.384614 0.028438 0.03652
0 0.197118 0.4077820000000001 0.03089 0.038854
0 0.164118 0.43073000000000006 0.02739 0.032292
0 0.127954 0.45342799999999994 0.028094 0.034646
0 0.094774 0.4754480000000001 0.026328 0.032812
0 0.05861 0.494626 0.025626 0.030916
0 0.045274 0.44289599999999996 0.023516 0.03325
0 0.081258 0.4192499999999999 0.028796 0.033708
0 0.115132 0.39748000000000006 0.030546 0.037916
0 0.151476 0.374312 0.028078 0.037458
0 0.186766 0.350438 0.028438 0.038374
0 0.22293 0.3272919999999999 0.030546 0.037958
0 0.262078 0.2998860000000001 0.028782 0.04027
0 0.29946 0.2722819999999999 0.02914 0.040312
0 0.288938 0.21023999999999998 0.029844 0.04073
0 0.25032 0.23809400000000003 0.02914 0.043062
0 0.211844 0.26432199999999995 0.03025 0.036562
0 0.174126 0.28864599999999996 0.029844 0.038374
0 0.138664 0.31674 0.030546 0.038396
0 0.101274 0.33898000000000006 0.030204 0.037916
0 0.066688 0.36424999999999996 0.028438 0.035126
0 0.032282 0.387896 0.02775 0.035584
0 0.030532 0.022281999999999913 0.029844 0.041188
0 0.047382 0.09109400000000001 0.030546 0.044938
0 0.084594 0.06160399999999999 0.03125 0.041208
0 0.12339 0.030240000000000045 0.032312 0.044938
0 0.214328 0.03842799999999991 0.035812 0.042604
0 0.174476 0.0681560000000001 0.031234 0.041188
0 0.13568 0.09650000000000003 0.030204 0.041708
0 0.098992 0.1271659999999999 0.02914 0.039374
0 0.062126 0.15498999999999996 0.029844 0.038854
0 0.26857 0.07800999999999991 0.031954 0.040312
0 0.22732 0.10678199999999993 0.03089 0.042604
0 0.18782 0.13533400000000007 0.030546 0.037
0 0.149906 0.16271799999999992 0.029844 0.039312
0 0.11286 0.19174000000000002 0.028782 0.037438
0 0.074938 0.21771800000000008 0.033 0.04073
0 0.04036 0.2455719999999999 0.029844 0.041188
0 0.277524 0.14421799999999996 0.032296 0.04073
0 0.239078 0.17325999999999997 0.032656 0.04073
0 0.199406 0.19969799999999993 0.029844 0.038396
0 0.162016 0.2282599999999999 0.028094 0.039312
0 0.124446 0.25377000000000005 0.03089 0.039792
0 0.089484 0.28232199999999996 0.032594 0.042604
0 0.053876 0.306438 0.0295 0.039334
0 0.019468 0.329844 0.028094 0.037438
0 0.739774 0.631886 0.025266 0.035396
0 0.785062 0.6633119999999999 0.029062 0.038834
0 0.780852 0.608282 0.029922 0.03427
0 0.826774 0.6419680000000001 0.030766 0.041062
0 0.872906 0.67174 0.026968 0.037688
0 0.916516 0.652636 0.03075 0.033188
0 0.96286 0.684938 0.029906 0.03375
0 0.962648 0.6290720000000001 0.030328 0.035396
0 0.871226 0.617532 0.027796 0.032646
0 0.918624 0.59649 0.031594 0.035396
0 0.825516 0.584136 0.03075 0.037646
0 0.870804 0.5619160000000001 0.031172 0.034876
0 0.734718 0.573458 0.030344 0.037624
0 0.77875 0.5529280000000001 0.03075 0.03377
0 0.82214 0.52851 0.029062 0.035396
0 0.959282 0.573458 0.034562 0.037624
0 0.91546 0.5394380000000001 0.029484 0.03825
0 0.868484 0.50577 0.031594 0.037084
0 0.960968 0.5161560000000001 0.030344 0.03427
0 0.914414 0.48105200000000004 0.028234 0.035938
0 0.961766 0.4566140000000001 0.030406 0.037646
0 0.309882 0.04641600000000001 0.038296 0.047
0 0.142352 0.5081979999999999 0.02739 0.037438
0 0.60061 0.5391980000000001 0.028218 0.03652
0 0.558476 0.5605100000000001 0.02739 0.032062
0 0.517398 0.5832599999999999 0.029484 0.032646
0 0.479696 0.606042 0.029078 0.03425
0 0.441352 0.629354 0.026546 0.039334
0 0.432296 0.5757080000000001 0.030344 0.039874
0 0.47232 0.55124 0.030328 0.03827
0 0.5115 0.52624 0.030344 0.041062
0 0.553 0.504084 0.028218 0.040458
0 0.594726 0.4820199999999999 0.026766 0.034876
0 0.636906 0.457344 0.02975 0.035688
0 0.632954 0.3991039999999999 0.029188 0.037292
0 0.58836 0.42013600000000006 0.032218 0.038896
0 0.545586 0.44683399999999995 0.032828 0.040542
0 0.505546 0.46948999999999996 0.036468 0.042146
0 0.46429 0.4953639999999999 0.032828 0.038896
0 0.42546 0.5200419999999999 0.03161 0.039708
0 0.41575 0.461792 0.034032 0.041334
0 0.457304 0.439948 0.03464 0.038104
0 0.498258 0.41528199999999993 0.03039 0.04052
0 0.540124 0.385354 0.03525 0.040542
0 0.58229 0.361094 0.032204 0.042146
0 0.627492 0.3368119999999999 0.032828 0.040542
0 0.621422 0.27412400000000003 0.030406 0.044584
0 0.575922 0.30040599999999995 0.036468 0.042146
0 0.532844 0.3263020000000001 0.036468 0.04377
0 0.491898 0.35339600000000004 0.03464 0.042958
0 0.450032 0.37888600000000006 0.033438 0.04377
0 0.408774 0.4051659999999999 0.032204 0.042958
0 0.401196 0.34490599999999993 0.032828 0.04052
0 0.441836 0.3174060000000001 0.032828 0.042146
0 0.484008 0.29110400000000003 0.033422 0.042958
0 0.526782 0.264416 0.034032 0.041334
0 0.571062 0.2361040000000001 0.034032 0.044584
0 0.616266 0.2081980000000001 0.032218 0.04052
0 0.610204 0.14064600000000005 0.031 0.044584
0 0.563484 0.16936400000000007 0.033438 0.04377
0 0.52071 0.19849000000000006 0.032828 0.045396
0 0.477032 0.22761399999999998 0.034032 0.04377
0 0.433954 0.25633400000000006 0.034032 0.042958
0 0.389968 0.280594 0.032218 0.046188
0 0.349922 0.311334 0.032218 0.044584
0 0.732578 0.52 0.030468 0.038334
0 0.775524 0.49332200000000004 0.02836 0.039104
0 0.821024 0.47073999999999994 0.03039 0.03977
0 0.728742 0.460604 0.027828 0.035792
0 0.772992 0.435354 0.02836 0.039084
0 0.817476 0.4124380000000001 0.02836 0.039084
0 0.816218 0.34839599999999993 0.028876 0.039084
0 0.769196 0.3743540000000001 0.03089 0.037084
0 0.724204 0.39760400000000007 0.029876 0.036416
0 0.720914 0.33829200000000004 0.03139 0.041792
0 0.766164 0.31165599999999993 0.02886 0.043812
0 0.813188 0.28502000000000005 0.031906 0.041792
0 0.716868 0.27457200000000004 0.03039 0.043812
0 0.762874 0.247282 0.034438 0.04448
0 0.809898 0.21728199999999998 0.03139 0.041104
0 0.711812 0.2088540000000001 0.031406 0.040458
0 0.759844 0.1791879999999999 0.031406 0.041792
0 0.80661 0.15055200000000002 0.032906 0.043812
0 0.708782 0.14144800000000002 0.032406 0.043146
0 0.960562 0.394906 0.029374 0.040438
0 0.91304 0.41951000000000005 0.033422 0.04248
0 0.865766 0.4437819999999999 0.028876 0.038438
0 0.8645 0.38412599999999997 0.032406 0.039084
0 0.91304 0.357834 0.033422 0.041792
0 0.960054 0.33220800000000006 0.03139 0.03775
0 0.959554 0.266146 0.033422 0.041792
0 0.911016 0.29379200000000005 0.032406 0.0445
0 0.862984 0.3197399999999999 0.028374 0.03977
0 0.86121 0.2560420000000001 0.03089 0.039084
0 0.90975 0.228062 0.029876 0.042458
0 0.859446 0.18896800000000002 0.02936 0.041104
0 0.95854 0.19807200000000003 0.032422 0.039104
0 0.908492 0.1606559999999999 0.033422 0.041104
0 0.96107 0.13066599999999995 0.033422 0.041792
0 0.907218 0.08717799999999998 0.032906 0.041104
0 0.85818 0.12053200000000008 0.03089 0.043104
0 0.85489 0.048759999999999915 0.032406 0.04652
0 0.958282 0.05516600000000005 0.034938 0.041792
0 0.75529 0.11110400000000009 0.033422 0.0445
0 0.804344 0.08212599999999992 0.032406 0.0445
0 0.703976 0.07369800000000004 0.033922 0.04652
0 0.750992 0.039655999999999914 0.033922 0.047188
0 0.359508 0.6158859999999999 0.026328 0.034688
0 0.39496 0.5912919999999999 0.026328 0.03325
0 0.38654 0.539334 0.026328 0.03325
0 0.348796 0.5620320000000001 0.028782 0.030896
0 0.312946 0.586376 0.030266 0.037458
0 0.277 0.603 0.03125 0.037916
0 0.230828 0.5734999999999999 0.0295 0.037916
0 0.267696 0.5526660000000001 0.02739 0.035584
0 0.30386 0.527198 0.028094 0.035188
0 0.338968 0.506562 0.028094 0.035126
0 0.37829 0.48573 0.03161 0.0365
0 0.369688 0.42744800000000005 0.029844 0.034188
0 0.330188 0.4508540000000001 0.028782 0.036042
0 0.29279 0.473792 0.02914 0.03325
0 0.255406 0.49369799999999997 0.030188 0.03277
0 0.21696 0.5185 0.034046 0.0365
0 0.182196 0.55501 0.027734 0.041188
0 0.151132 0.56273 0.033704 0.037916
0 0.117414 0.5833440000000001 0.032328 0.042604
0 0.106368 0.530438 0.027734 0.036042
0 0.641266 0.5119480000000001 0.027812 0.035938
