0 0.467068 0.600194 0.011442 0.022222
0 0.481568 0.593806 0.012226 0.023334
0 0.511512 0.714388 0.01083 0.021778
0 0.526286 0.71032 0.010282 0.023416
0 0.541018 0.702 0.010502 0.022888
0 0.555658 0.696916 0.010502 0.0225
0 0.570862 0.691362 0.011128 0.021944
0 0.40652 0.7815 0.010972 0.021666
0 0.419922 0.7765 0.011128 0.021666
0 0.43395 0.771638 0.011286 0.0225
0 0.448606 0.768444 0.010816 0.022222
0 0.462946 0.763028 0.010972 0.0225
0 0.47721 0.757334 0.010658 0.021666
0 0.491474 0.752334 0.011286 0.021112
0 0.506678 0.748028 0.010658 0.021944
0 0.522194 0.743722 0.010344 0.022222
0 0.53685 0.737194 0.010188 0.021944
0 0.552234 0.733042 0.01033 0.022916
0 0.567422 0.725972 0.010988 0.023278
0 0.583362 0.721402 0.011426 0.023306
0 0.418002 0.810556 0.011646 0.022166
0 0.430722 0.80482 0.010344 0.022916
0 0.44493 0.800444 0.011206 0.021
0 0.459804 0.797194 0.010768 0.022888
0 0.473488 0.790708 0.010988 0.022138
0 0.487916 0.787458 0.010564 0.022528
0 0.504294 0.782112 0.01141 0.023278
0 0.51808 0.777528 0.010548 0.023278
0 0.532406 0.771042 0.010768 0.023306
0 0.548786 0.766458 0.010768 0.023306
0 0.563864 0.761736 0.010768 0.02125
0 0.57906 0.753848 0.010564 0.02175
0 0.594788 0.750042 0.010988 0.022528
0 0.427484 0.838042 0.011206 0.022138
0 0.442562 0.83232 0.011206 0.022916
0 0.455924 0.82832 0.010784 0.022528
0 0.469858 0.823152 0.011066 0.022916
0 0.484584 0.819152 0.011206 0.023306
0 0.498794 0.815694 0.010344 0.0225
0 0.513778 0.812084 0.010564 0.022888
0 0.53004 0.804638 0.011646 0.021778
0 0.544694 0.80157 0.011206 0.022528
0 0.559992 0.794138 0.011206 0.022888
0 0.5754 0.78975 0.010988 0.023278
0 0.59112 0.785542 0.011426 0.023306
0 0.606222 0.781084 0.010344 0.023334
0 0.621638 0.773194 0.011332 0.022834
0 0.590948 0.919556 0.01058 0.021944
0 0.575706 0.922334 0.010816 0.021388
0 0.559562 0.928584 0.010816 0.022778
0 0.54475 0.93275 0.010658 0.023334
0 0.52978 0.934138 0.010188 0.021112
0 0.513794 0.939834 0.010502 0.0225
0 0.49953 0.9415 0.010188 0.021944
0 0.484952 0.946638 0.009562 0.021112
0 0.471552 0.951084 0.010344 0.022222
0 0.48127 0.980944 0.010658 0.021944
0 0.495454 0.975388 0.010502 0.021944
0 0.510032 0.971362 0.010188 0.022778
0 0.524922 0.96775 0.010816 0.021112
0 0.541144 0.96525 0.010972 0.021666
0 0.555212 0.959138 0.01058 0.022222
0 0.569984 0.954972 0.010972 0.021666
0 0.587618 0.951778 0.010188 0.021388
0 0.602978 0.947194 0.010816 0.022778
0 0.618496 0.943722 0.011128 0.020834
0 0.632994 0.938166 0.010972 0.021944
0 0.566692 0.988876 0.010972 0.021694
0 0.581818 0.985666 0.010502 0.020834
0 0.59757 0.98275 0.010344 0.022778
0 0.613166 0.977612 0.010188 0.021944
0 0.352766 0.750194 0.010392 0.023
0 0.38101 0.986862 0.010706 0.022388
0 0.394772 0.983778 0.01033 0.021334
0 0.408284 0.980112 0.01083 0.021944
0 0.42239 0.977528 0.01083 0.0235
0 0.435462 0.972652 0.01083 0.023472
0 0.502742 0.911222 0.010344 0.0225
0 0.51732 0.905944 0.010972 0.020834
0 0.531974 0.900528 0.010816 0.021112
0 0.547962 0.898028 0.010188 0.022222
0 0.564028 0.893444 0.011286 0.0225
0 0.579624 0.888306 0.010816 0.021666
0 0.594592 0.883028 0.010972 0.022778
0 0.610188 0.878584 0.011128 0.021112
0 0.625 0.874834 0.010658 0.023056
0 0.642712 0.870112 0.011286 0.021388
0 0.658308 0.864556 0.011128 0.021944
0 0.65533 0.89943 0.010816 0.022194
0 0.637696 0.903722 0.010972 0.0225
0 0.621944 0.909 0.010816 0.021944
0 0.606504 0.913722 0.010658 0.021388
0 0.363518 0.778944 0.010392 0.022
0 0.34989 0.783042 0.010564 0.021028
0 0.337092 0.78732 0.011678 0.022362
0 0.33348 0.818362 0.010752 0.022
0 0.34804 0.814598 0.01094 0.021694
0 0.360548 0.810806 0.010376 0.022
0 0.373714 0.805556 0.010376 0.022666
0 0.331442 0.850736 0.011128 0.021028
0 0.34489 0.847278 0.01094 0.022
0 0.357492 0.843334 0.010188 0.022
0 0.371584 0.838584 0.010564 0.023
0 0.384562 0.833652 0.011316 0.021694
0 0.32699 0.879972 0.010376 0.022334
0 0.341364 0.878166 0.010188 0.021334
0 0.354522 0.875528 0.010204 0.023334
0 0.366944 0.868972 0.010564 0.022666
0 0.381222 0.866528 0.01094 0.023056
0 0.394852 0.860584 0.010392 0.021666
0 0.32384 0.910542 0.011128 0.021028
0 0.338308 0.909388 0.011128 0.022666
0 0.35091 0.905764 0.010752 0.022694
0 0.363518 0.901334 0.010392 0.022334
0 0.377516 0.897222 0.01058 0.021334
0 0.390956 0.893112 0.010376 0.022334
0 0.40431 0.889 0.010752 0.023334
0 0.310588 0.949138 0.01058 0.023334
0 0.323292 0.944528 0.010752 0.022666
0 0.336364 0.94043 0.01094 0.022362
0 0.349796 0.93682 0.010752 0.021028
0 0.362868 0.932708 0.010188 0.023306
0 0.374828 0.92975 0.010376 0.023334
0 0.3879 0.9235 0.010564 0.023334
0 0.40152 0.920222 0.011128 0.022666
0 0.416724 0.91825 0.010752 0.023334
0 0.306418 0.978376 0.01149 0.022028
0 0.31967 0.976236 0.010188 0.022362
0 0.331724 0.972792 0.010564 0.023306
0 0.344702 0.967888 0.010376 0.0225
0 0.35801 0.964486 0.010846 0.022194
0 0.371952 0.961014 0.010642 0.022306
0 0.384852 0.956902 0.01127 0.022362
0 0.3988 0.953292 0.011458 0.023194
0 0.412226 0.95157 0.01069 0.023306
0 0.424138 0.945986 0.010408 0.022806
0 0.67975 0.963278 0.011128 0.023778
0 0.69558 0.957722 0.011128 0.023778
0 0.53768 0.604778 0.011912 0.024722
0 0.52185 0.6095 0.011598 0.023056
0 0.507352 0.617 0.011756 0.024166
0 0.492696 0.623112 0.010344 0.023056
0 0.477648 0.627416 0.012226 0.023888
0 0.462836 0.63325 0.012696 0.023888
0 0.448574 0.639362 0.011128 0.020556
0 0.433762 0.644222 0.010032 0.0225
0 0.420048 0.651306 0.009248 0.021112
0 0.40638 0.656458 0.010126 0.021416
0 0.392422 0.662236 0.00801 0.02025
0 0.37594 0.700292 0.01094 0.02225
0 0.38989 0.694362 0.010126 0.022556
0 0.403112 0.690598 0.010768 0.021972
0 0.417148 0.683944 0.009468 0.020834
0 0.431364 0.678944 0.011128 0.024722
0 0.445078 0.671444 0.011286 0.024166
0 0.459498 0.667416 0.011598 0.024444
0 0.474232 0.661862 0.010658 0.023334
0 0.488496 0.656862 0.010972 0.023334
0 0.50315 0.651028 0.011756 0.022778
0 0.518668 0.644362 0.011756 0.022778
0 0.533982 0.638736 0.012164 0.026806
0 0.54873 0.633514 0.011442 0.026138
0 0.385808 0.726986 0.011614 0.024194
0 0.399922 0.721416 0.01069 0.022888
0 0.413386 0.716916 0.010282 0.022722
0 0.427742 0.712444 0.011066 0.024778
0 0.44221 0.70643 0.011254 0.024416
0 0.455894 0.701098 0.011066 0.023416
0 0.470062 0.695764 0.011066 0.021694
0 0.484718 0.69043 0.010878 0.020638
0 0.500054 0.685736 0.010862 0.022972
0 0.514286 0.679862 0.010612 0.023612
0 0.529852 0.672888 0.01105 0.023388
0 0.545674 0.668584 0.010878 0.023056
0 0.560322 0.663778 0.011458 0.023056
0 0.395588 0.755152 0.011082 0.023528
0 0.408824 0.749584 0.010188 0.023056
0 0.423402 0.743056 0.010502 0.022778
0 0.4383 0.740736 0.010642 0.022528
0 0.451794 0.734112 0.01033 0.021112
0 0.466512 0.729416 0.010518 0.0225
0 0.481042 0.724084 0.010518 0.0225
0 0.49641 0.719652 0.010846 0.021916
0 0.439012 0.867084 0.010816 0.023334
0 0.452728 0.860694 0.010658 0.022222
0 0.466598 0.855694 0.010502 0.021666
0 0.481018 0.851944 0.010502 0.021388
0 0.495752 0.846944 0.010502 0.0225
0 0.510172 0.84375 0.011442 0.022222
0 0.525062 0.839722 0.010188 0.0225
0 0.540424 0.834862 0.010816 0.023334
0 0.556332 0.830138 0.010344 0.023334
0 0.571074 0.823152 0.01033 0.021806
0 0.58645 0.82082 0.01033 0.023362
0 0.602046 0.814652 0.011646 0.023472
0 0.618706 0.809862 0.011364 0.023556
0 0.635314 0.803986 0.010722 0.022416
0 0.449758 0.893278 0.011364 0.021666
0 0.46304 0.889278 0.01094 0.021278
0 0.477414 0.886624 0.01094 0.022028
0 0.491238 0.880528 0.01116 0.023556
0 0.506254 0.87732 0.010722 0.022416
0 0.52051 0.870848 0.011364 0.021638
0 0.536904 0.86875 0.010298 0.023556
0 0.552132 0.863056 0.01116 0.023556
0 0.567242 0.85968 0.010502 0.022862
0 0.5829 0.854138 0.01094 0.023166
0 0.597586 0.849 0.010722 0.022056
0 0.615384 0.843306 0.011584 0.021278
0 0.630816 0.84007 0.01116 0.023194
0 0.646254 0.83418 0.01116 0.024306
0 0.460792 0.921958 0.011584 0.022028
0 0.474404 0.917778 0.010502 0.021278
0 0.488598 0.914848 0.010894 0.022528
