0 0.4195439999999999 0.02447200000000005 0.036556 0.03897
0 0.30004999999999993 0.022872000000000003 0.036556 0.039024
0 0.1866319999999999 0.02176200000000006 0.036556 0.03897
0 0.22511400000000004 0.02232999999999996 0.036556 0.039024
0 0.16536799999999996 0.05699199999999993 0.036556 0.03897
0 0.2058739999999999 0.05699199999999993 0.036556 0.03897
0 0.496 0.02232999999999996 0.036556 0.039024
0 0.030380000000000074 0.021816000000000058 0.036556 0.03897
0 0.050429999999999975 0.05712800000000007 0.036556 0.039024
0 0.031544000000000016 0.0930899999999999 0.036556 0.03897
0 0.10815200000000003 0.019918000000000102 0.036556 0.03897
0 0.06572200000000006 0.09558200000000006 0.036556 0.03897
0 0.10992399999999991 0.0930899999999999 0.036556 0.03897
0 0.1488100000000001 0.0930899999999999 0.036556 0.03897
0 0.18827799999999995 0.09244000000000008 0.036608 0.03897
0 0.22658200000000006 0.09371200000000002 0.036556 0.039024
0 0.2643040000000001 0.09244000000000008 0.036556 0.03897
0 0.30374600000000007 0.0930899999999999 0.036556 0.03897
0 0.34207600000000005 0.09244000000000008 0.036556 0.03897
0 0.3803540000000001 0.0918159999999999 0.036556 0.039024
0 0.42040600000000006 0.09244000000000008 0.036556 0.03897
0 0.458734 0.09119199999999994 0.036556 0.03897
0 0.4999499999999999 0.09371200000000002 0.036556 0.039024
0 0.517064 0.05774999999999997 0.036556 0.03897
0 0.5765560000000001 0.021816000000000058 0.036556 0.03897
0 0.5571140000000001 0.05650400000000011 0.036556 0.03897
0 0.535898 0.09244000000000008 0.036556 0.03897
0 0.6543300000000001 0.02054200000000006 0.036556 0.039024
0 0.6937979999999999 0.021816000000000058 0.036608 0.03897
0 0.7314940000000001 0.02054200000000006 0.036556 0.039024
0 0.5703800000000001 0.453468 0.036556 0.03897
0 0.5359499999999999 0.45292599999999994 0.036556 0.03897
0 0.4959499999999999 0.454526 0.036556 0.039024
0 0.42050600000000005 0.457236 0.036556 0.039024
0 0.45898799999999995 0.45672 0.036556 0.03897
0 0.5121519999999999 0.48924199999999995 0.036556 0.03897
0 0.496456 0.524986 0.036556 0.039024
0 0.477722 0.4886999999999999 0.036556 0.03897
0 0.45898799999999995 0.5255559999999999 0.036556 0.03897
0 0.4402539999999999 0.5624119999999999 0.036556 0.03897
0 0.41949400000000003 0.5965579999999999 0.036556 0.03897
0 0.3612660000000001 0.6328720000000001 0.036556 0.03897
0 0.379494 0.5933059999999999 0.036556 0.03897
0 0.401772 0.560786 0.036556 0.03897
0 0.42050600000000005 0.52664 0.036556 0.03897
0 0.43822800000000006 0.4914099999999999 0.036556 0.03897
0 0.32278399999999996 0.63504 0.036556 0.03897
0 0.3400000000000001 0.5965579999999999 0.036556 0.03897
0 0.361772 0.560216 0.036556 0.039024
0 0.3810119999999999 0.52393 0.036556 0.03897
0 0.40076 0.4881580000000001 0.036556 0.03897
0 0.379494 0.451816 0.036556 0.039024
0 0.18708799999999992 0.45563599999999993 0.036556 0.03897
0 0.358228 0.487074 0.036556 0.03897
0 0.3400000000000001 0.523388 0.036556 0.03897
0 0.32126600000000005 0.5586180000000001 0.036556 0.03897
0 0.30000000000000004 0.5933059999999999 0.036556 0.03897
0 0.2832920000000001 0.6323300000000001 0.036556 0.03897
0 0.068608 0.670272 0.036556 0.03897
0 0.08885999999999994 0.6355820000000001 0.036556 0.03897
0 0.10658199999999995 0.597642 0.036556 0.03897
0 0.12633000000000005 0.5618700000000001 0.036556 0.03897
0 0.1460760000000001 0.527182 0.036556 0.03897
0 0.16531600000000002 0.4908680000000001 0.036556 0.03897
0 0.22354399999999996 0.45726200000000006 0.036556 0.03897
0 0.2063299999999999 0.4859899999999999 0.036556 0.03897
0 0.18658200000000003 0.52664 0.036556 0.03897
0 0.16582199999999991 0.562954 0.036556 0.03897
0 0.1445559999999999 0.5992679999999999 0.036556 0.03897
0 0.12633000000000005 0.6355820000000001 0.036556 0.03897
0 0.10658199999999995 0.668644 0.036556 0.03897
0 0.261012 0.450758 0.036556 0.03897
0 0.30354400000000004 0.450758 0.036556 0.03897
0 0.34202599999999994 0.450758 0.036556 0.03897
0 0.24379799999999996 0.4881580000000001 0.036556 0.03897
0 0.2827839999999999 0.48653199999999996 0.036556 0.03897
0 0.3197460000000001 0.4854480000000001 0.036556 0.03897
0 0.22455599999999998 0.5228459999999999 0.036556 0.03897
0 0.2630380000000001 0.523388 0.036556 0.03897
0 0.30151799999999995 0.5217620000000001 0.036556 0.03897
0 0.2063299999999999 0.561328 0.036556 0.03897
0 0.24480999999999997 0.563496 0.036556 0.03897
0 0.2817719999999999 0.5624119999999999 0.036556 0.03897
0 0.1850639999999999 0.5987260000000001 0.036556 0.03897
0 0.22405000000000008 0.5971 0.036556 0.03897
0 0.262532 0.594932 0.036556 0.03897
0 0.164304 0.636666 0.036556 0.03897
0 0.20531600000000005 0.633956 0.036556 0.03897
0 0.24379799999999996 0.6307039999999999 0.036556 0.03897
0 0.14556999999999998 0.6697280000000001 0.036556 0.03897
0 0.1860759999999999 0.670814 0.036556 0.03897
0 0.22253199999999995 0.668102 0.036556 0.03897
0 0.5958479999999999 0.05786000000000002 0.036556 0.03897
0 0.5729120000000001 0.09382200000000007 0.036556 0.039024
0 0.632962 0.05786000000000002 0.036556 0.03897
0 0.614126 0.0919239999999999 0.036556 0.039024
0 0.671292 0.05786000000000002 0.036556 0.03897
0 0.6541779999999999 0.09254800000000007 0.036556 0.03897
0 0.7113419999999999 0.05661200000000011 0.036556 0.03897
0 0.690734 0.090028 0.036556 0.039024
0 0.7508360000000001 0.05533800000000011 0.036556 0.039024
0 0.727848 0.09382200000000007 0.036556 0.039024
0 0.70957 0.1297839999999999 0.036556 0.03897
0 0.729012 0.166342 0.036556 0.039024
0 0.7084060000000001 0.2010559999999999 0.036556 0.03897
0 0.690126 0.23761600000000005 0.036556 0.039024
0 0.7084060000000001 0.2716799999999999 0.036556 0.03897
0 0.6883539999999999 0.30826599999999993 0.036556 0.03897
0 0.050278000000000045 0.13040600000000002 0.036556 0.039024
0 0.08800000000000008 0.1285099999999999 0.036556 0.039024
0 0.12688600000000005 0.13165399999999994 0.036556 0.039024
0 0.16754399999999992 0.13102999999999998 0.036556 0.03897
0 0.208202 0.12913200000000002 0.036556 0.03897
0 0.1881520000000001 0.16699200000000003 0.036556 0.039024
0 0.16931600000000002 0.20292599999999994 0.036556 0.039024
0 0.14810199999999996 0.238888 0.036556 0.03897
0 0.1074440000000001 0.238888 0.036556 0.03897
0 0.06794999999999995 0.2401359999999999 0.036556 0.03897
0 0.030836000000000086 0.2369920000000001 0.036556 0.03897
0 0.18638 0.238888 0.036556 0.03897
0 0.6530119999999999 0.309512 0.036556 0.03897
0 0.610582 0.30888800000000005 0.036556 0.039024
0 0.5729120000000001 0.309512 0.036556 0.03897
0 0.536354 0.3107580000000001 0.036556 0.03897
0 0.49807599999999996 0.309512 0.036556 0.03897
0 0.4574180000000001 0.30826599999999993 0.036556 0.03897
0 0.419114 0.30888800000000005 0.036608 0.039024
0 0.379038 0.31140999999999996 0.036556 0.03897
0 0.34308800000000006 0.3107580000000001 0.036556 0.03897
0 0.30243 0.31016200000000005 0.036556 0.03897
0 0.26592400000000005 0.30826599999999993 0.036556 0.03897
0 0.226456 0.30888800000000005 0.036608 0.039024
0 0.1857979999999999 0.31016200000000005 0.036608 0.03897
0 0.14693599999999996 0.3107580000000001 0.036556 0.03897
0 0.16754399999999992 0.2742 0.036556 0.039024
0 0.24708799999999997 0.1297839999999999 0.036556 0.03897
0 0.22526599999999997 0.1638219999999999 0.036556 0.03897
0 0.20759400000000006 0.201654 0.036556 0.03897
0 0.03144400000000003 0.16571800000000003 0.036556 0.03897
0 0.06855600000000006 0.167616 0.036556 0.03897
0 0.0491140000000001 0.201654 0.036556 0.03897
0 0.10977199999999998 0.16447199999999995 0.036556 0.03897
0 0.08916400000000002 0.201654 0.036556 0.03897
0 0.14693599999999996 0.16571800000000003 0.036556 0.03897
0 0.1262779999999999 0.201654 0.036556 0.03897
0 0.6925060000000001 0.16447199999999995 0.036556 0.03897
0 0.6724559999999999 0.20292599999999994 0.036556 0.039024
0 0.6524300000000001 0.2369920000000001 0.036608 0.03897
0 0.671292 0.2723040000000001 0.036556 0.039024
0 0.63124 0.2742 0.036556 0.039024
0 0.6718740000000001 0.12788599999999994 0.036608 0.03897
0 0.651848 0.16319799999999995 0.036556 0.039024
0 0.6317980000000001 0.20230400000000004 0.036556 0.03897
0 0.6117980000000001 0.23823799999999995 0.036556 0.03897
0 0.594684 0.27609799999999995 0.036556 0.039024
0 0.20701199999999997 0.272926 0.036608 0.03897
0 0.22410200000000002 0.23761600000000005 0.036556 0.039024
0 0.24354399999999998 0.2010559999999999 0.036556 0.03897
0 0.2647600000000001 0.16571800000000003 0.036556 0.03897
0 0.2835939999999999 0.1285099999999999 0.036556 0.039024
0 0.32248199999999994 0.13102999999999998 0.036556 0.03897
0 0.3613679999999999 0.12788599999999994 0.036556 0.03897
0 0.40141800000000005 0.12913200000000002 0.036556 0.03897
0 0.4403300000000001 0.1297839999999999 0.036608 0.03897
0 0.47863199999999995 0.13102999999999998 0.036556 0.03897
0 0.51633 0.1297839999999999 0.036608 0.03897
0 0.5581780000000001 0.12788599999999994 0.036556 0.03897
0 0.594076 0.12788599999999994 0.036556 0.03897
0 0.63357 0.1297839999999999 0.036556 0.03897
0 0.612962 0.167616 0.036556 0.03897
0 0.594076 0.20230400000000004 0.036556 0.03897
0 0.5770120000000001 0.23951199999999995 0.036556 0.039024
0 0.555798 0.27482399999999996 0.036556 0.03897
0 0.301874 0.1682380000000001 0.036556 0.039024
0 0.281266 0.19978399999999996 0.036556 0.039024
0 0.262988 0.24078599999999994 0.036556 0.03897
0 0.24354399999999998 0.27482399999999996 0.036556 0.03897
0 0.34253200000000006 0.16447199999999995 0.036556 0.03897
0 0.38141800000000003 0.1638219999999999 0.036556 0.03897
0 0.420304 0.16447199999999995 0.036556 0.03897
0 0.45802600000000004 0.16509400000000007 0.036556 0.039024
0 0.4956959999999999 0.166342 0.036556 0.039024
0 0.535798 0.16319799999999995 0.036556 0.039024
0 0.5734680000000001 0.16509400000000007 0.036556 0.039024
0 0.5570120000000001 0.19978399999999996 0.036556 0.039024
0 0.535798 0.235746 0.036556 0.03897
0 0.3214680000000001 0.20249399999999995 0.036556 0.039024
0 0.3026580000000001 0.23894400000000005 0.036608 0.03897
0 0.2825820000000001 0.2740659999999999 0.036556 0.03897
0 0.516556 0.2740659999999999 0.036556 0.03897
0 0.515924 0.20056999999999992 0.036608 0.03897
0 0.49706399999999995 0.2382660000000001 0.036556 0.039024
0 0.4764060000000001 0.272764 0.036556 0.03897
0 0.47582199999999997 0.20119200000000004 0.036608 0.039024
0 0.4557979999999999 0.2376419999999999 0.036556 0.03897
0 0.4406080000000001 0.27471599999999996 0.036556 0.03897
0 0.39805 0.27471599999999996 0.036608 0.03897
0 0.4187080000000001 0.23696399999999995 0.036608 0.039024
0 0.4406080000000001 0.20056999999999992 0.036556 0.03897
0 0.3992659999999999 0.19989199999999996 0.036608 0.039024
0 0.38043000000000005 0.2376419999999999 0.036608 0.03897
0 0.35916400000000004 0.27338799999999996 0.036608 0.039024
0 0.32025400000000004 0.2753380000000001 0.036556 0.039024
0 0.34334200000000004 0.23696399999999995 0.036556 0.039024
0 0.36156999999999995 0.20056999999999992 0.036556 0.03897
0 0.051544000000000034 0.27485000000000004 0.036556 0.039024
0 0.08827800000000008 0.27298200000000006 0.036608 0.03897
0 0.1285320000000001 0.27580000000000005 0.036608 0.03897
0 0.030532000000000004 0.31233 0.036556 0.03897
0 0.07078399999999996 0.31233 0.036556 0.03897
0 0.108406 0.31138200000000005 0.036556 0.039024
0 0.04784799999999989 0.3472360000000001 0.036556 0.03897
0 0.030631999999999993 0.384066 0.036556 0.039024
0 0.08987400000000001 0.3472360000000001 0.036556 0.03897
0 0.072152 0.382466 0.036556 0.03897
0 0.05038000000000009 0.4209480000000001 0.036556 0.03897
0 0.030631999999999993 0.457236 0.036556 0.039024
0 0.12734200000000007 0.3461240000000001 0.036556 0.039024
0 0.10962000000000005 0.37921399999999994 0.036556 0.03897
0 0.09088600000000002 0.4209480000000001 0.036556 0.03897
0 0.0681020000000001 0.45563599999999993 0.036556 0.03897
0 0.05088599999999999 0.49195199999999994 0.036556 0.03897
0 0.030631999999999993 0.5282659999999999 0.036556 0.03897
0 0.16531600000000002 0.3461240000000001 0.036556 0.039024
0 0.14860800000000007 0.38084000000000007 0.036556 0.03897
0 0.13088600000000006 0.41769600000000007 0.036556 0.03897
0 0.10759399999999997 0.45563599999999993 0.036556 0.03897
0 0.08885999999999994 0.4914099999999999 0.036556 0.03897
0 0.07063200000000003 0.5282659999999999 0.036556 0.03897
0 0.04936800000000008 0.563496 0.036556 0.03897
0 0.030631999999999993 0.600868 0.036556 0.039024
0 0.20582199999999995 0.34561 0.036556 0.03897
0 0.18557 0.38084000000000007 0.036556 0.03897
0 0.146582 0.4523839999999999 0.036556 0.03897
0 0.12633000000000005 0.49032600000000004 0.036556 0.03897
0 0.10658199999999995 0.52664 0.036556 0.03897
0 0.08784799999999993 0.563496 0.036556 0.03897
0 0.16531600000000002 0.41769600000000007 0.036556 0.03897
0 0.24480999999999997 0.34669400000000006 0.036556 0.03897
0 0.22455599999999998 0.382466 0.036556 0.03897
0 0.2063299999999999 0.417154 0.036556 0.03897
0 0.2832920000000001 0.3461240000000001 0.036556 0.039024
0 0.2655700000000001 0.38084000000000007 0.036556 0.03897
0 0.24632999999999994 0.41769600000000007 0.036556 0.03897
0 0.28227800000000003 0.4182380000000001 0.036556 0.03897
0 0.3020259999999999 0.38084000000000007 0.036556 0.03897
0 0.32177199999999995 0.34561 0.036556 0.03897
0 0.3612660000000001 0.3445260000000001 0.036556 0.03897
0 0.34253200000000006 0.383008 0.036556 0.03897
0 0.3243039999999999 0.4182380000000001 0.036556 0.03897
0 0.398228 0.34561 0.036556 0.03897
0 0.382026 0.384066 0.036556 0.039024
0 0.3612660000000001 0.4192959999999999 0.036556 0.039024
0 0.43518999999999997 0.34506799999999993 0.036556 0.03897
0 0.41999999999999993 0.384066 0.036556 0.039024
0 0.398228 0.41877999999999993 0.036556 0.03897
0 0.4792400000000001 0.3461240000000001 0.036556 0.039024
0 0.457468 0.383008 0.036556 0.03897
0 0.43873399999999996 0.419864 0.036556 0.03897
0 0.4792400000000001 0.42040600000000006 0.036556 0.03897
0 0.4984820000000001 0.38192399999999993 0.036556 0.03897
0 0.5156959999999999 0.3461240000000001 0.036556 0.039024
0 0.555696 0.34669400000000006 0.036556 0.03897
0 0.5359499999999999 0.38135600000000003 0.036556 0.039024
0 0.516202 0.41769600000000007 0.036556 0.03897
0 0.5916459999999999 0.3418159999999999 0.036556 0.03897
0 0.573418 0.37921399999999994 0.036556 0.03897
0 0.556708 0.4182380000000001 0.036556 0.03897
0 0.630126 0.34398400000000007 0.036556 0.03897
0 0.6139239999999999 0.38192399999999993 0.036556 0.03897
0 0.593164 0.4155279999999999 0.036556 0.03897
0 0.6696200000000001 0.3434140000000001 0.036556 0.039024
0 0.649368 0.38192399999999993 0.036556 0.03897
0 0.613418 0.45563599999999993 0.036556 0.03897
0 0.593164 0.4881580000000001 0.036556 0.03897
0 0.553164 0.4881580000000001 0.036556 0.03897
0 0.535444 0.524472 0.036556 0.03897
0 0.5136700000000001 0.5591600000000001 0.036556 0.03897
0 0.4767079999999999 0.560786 0.036556 0.03897
0 0.4559500000000001 0.594932 0.036556 0.03897
0 0.43873399999999996 0.631246 0.036556 0.03897
0 0.4002540000000001 0.6333880000000001 0.036556 0.039024
0 0.376962 0.6697280000000001 0.036556 0.03897
0 0.340506 0.668102 0.036556 0.03897
0 0.32278399999999996 0.704418 0.036556 0.03897
0 0.30455600000000005 0.670814 0.036556 0.03897
0 0.263544 0.665392 0.036556 0.03897
0 0.24379799999999996 0.704418 0.036556 0.03897
0 0.20531600000000005 0.703848 0.036556 0.039024
0 0.16531600000000002 0.70767 0.036556 0.03897
0 0.12633000000000005 0.706558 0.036556 0.039024
0 0.08734200000000003 0.7060439999999999 0.036556 0.03897
0 0.048859999999999904 0.70767 0.036556 0.03897
0 0.031139999999999946 0.6746080000000001 0.036556 0.03897
0 0.04936800000000008 0.6355820000000001 0.036556 0.03897
0 0.06962000000000002 0.59981 0.036556 0.03897
