0 0.58507 0.23301400000000005 0.119852 0.214962
0 0.2150780000000001 0.22817599999999993 0.126834 0.220804
0 0.21391000000000004 0.5825959999999999 0.124494 0.220772
0 0.40007400000000004 0.41602800000000006 0.124494 0.240154
0 0.21217200000000003 0.9104019999999999 0.130306 0.179196
0 0.39134599999999997 0.768532 0.127986 0.23629
0 0.577512 0.5806500000000001 0.11636 0.213044
0 0.566454 0.9089339999999999 0.11519 0.17626
0 0.761922 0.414096 0.119832 0.220772
0 0.756686 0.7714380000000001 0.125664 0.242102
0 0.9399360000000001 0.595194 0.11519 0.22272
0 0.931208 0.9079759999999999 0.116342 0.178176
