0 0.4528859999999999 0.458584 0.071344 0.091772
0 0.5281419999999999 0.472588 0.079168 0.089156
0 0.05745800000000001 0.454414 0.065722 0.080818
0 0.12151599999999996 0.470736 0.06308 0.084142
0 0.18403400000000003 0.48357 0.069096 0.087902
0 0.2513700000000001 0.500054 0.072322 0.08425
0 0.32205400000000006 0.514768 0.069046 0.08436
0 0.39105199999999996 0.53109 0.0756 0.087684
0 0.46828800000000004 0.551144 0.078876 0.091172
0 0.5472619999999999 0.56237 0.07907 0.091608
0 0.06730999999999998 0.539618 0.06313 0.082616
0 0.13180999999999998 0.554904 0.065868 0.082562
0 0.198998 0.573188 0.068508 0.088502
0 0.267652 0.588556 0.068606 0.08872
0 0.3361860000000001 0.600844 0.068948 0.088774
0 0.4076040000000001 0.620654 0.074084 0.091772
0 0.48579400000000006 0.638964 0.076822 0.085558
0 0.5681179999999999 0.655832 0.082348 0.094768
0 0.08244399999999996 0.622208 0.065916 0.082562
0 0.14828799999999998 0.638992 0.065868 0.085614
0 0.214132 0.652862 0.06582 0.082834
0 0.2827139999999999 0.674168 0.065868 0.08872
0 0.35268999999999995 0.692588 0.074084 0.094932
0 0.4254279999999999 0.710926 0.071394 0.088774
0 0.499536 0.730762 0.076822 0.091716
0 0.5789979999999999 0.748992 0.082102 0.097656
0 0.031638000000000055 0.684878 0.057604 0.085614
0 0.09337400000000007 0.704768 0.065868 0.082562
0 0.1592420000000001 0.723106 0.065868 0.082616
0 0.22784800000000005 0.742942 0.071344 0.09188
0 0.2978240000000001 0.762862 0.068606 0.088664
0 0.3677760000000001 0.781198 0.071296 0.08872
0 0.4446220000000001 0.802616 0.076822 0.094822
0 0.5200739999999999 0.82564 0.074084 0.098038
0 0.599658 0.845232 0.085086 0.094822
0 0.04948599999999992 0.767438 0.060342 0.07951
0 0.11122199999999993 0.788828 0.06313 0.085558
0 0.17846000000000006 0.80722 0.065868 0.085614
0 0.24158999999999997 0.82861 0.065868 0.085668
0 0.31153999999999993 0.848392 0.074132 0.088502
0 0.3842779999999999 0.871526 0.071344 0.085832
0 0.45699200000000006 0.89436 0.074084 0.088664
0 0.5351840000000001 0.917438 0.082298 0.092098
0 0.620244 0.938692 0.087824 0.097874
0 0.06046400000000007 0.85308 0.060392 0.085668
0 0.12220000000000009 0.873024 0.068558 0.088284
0 0.1880440000000001 0.89436 0.068606 0.088664
0 0.25665000000000004 0.915776 0.068606 0.088664
0 0.3267979999999999 0.940246 0.06621 0.088664
0 0.07417999999999991 0.93872 0.060342 0.085614
0 0.07007399999999997 0.135994 0.06308 0.088774
0 0.1317839999999999 0.148092 0.060146 0.088556
0 0.19630799999999993 0.163378 0.068606 0.088502
0 0.26628399999999997 0.169592 0.071344 0.094822
0 0.08241999999999994 0.220028 0.065868 0.07951
0 0.14828799999999998 0.233814 0.065868 0.082562
0 0.2127619999999999 0.247548 0.06308 0.07951
0 0.27862999999999993 0.25357 0.068656 0.079238
0 0.34863 0.262862 0.071442 0.085614
0 0.03166200000000008 0.29496 0.06313 0.076458
0 0.09469400000000006 0.304196 0.062934 0.082616
0 0.15650399999999998 0.314768 0.065868 0.08545
0 0.22374000000000005 0.330136 0.068606 0.085668
0 0.29234800000000005 0.339536 0.068606 0.08605
0 0.36232200000000003 0.354742 0.071344 0.091498
0 0.43909599999999993 0.369646 0.0822 0.091226
0 0.04261599999999999 0.372942 0.06313 0.07951
0 0.10437600000000002 0.38673 0.060392 0.082562
0 0.16884999999999994 0.400246 0.068558 0.079074
0 0.23745799999999995 0.411198 0.074132 0.082562
0 0.308802 0.427984 0.068558 0.085614
0 0.38009800000000005 0.444822 0.074034 0.088664
