0 0.12233800000000006 0.149968 0.163926 0.18676
0 0.29578799999999994 0.148782 0.152474 0.189132
0 0.4644680000000001 0.153512 0.150588 0.203302
0 0.6322000000000001 0.152326 0.13915 0.177302
0 0.8113619999999999 0.157054 0.1582 0.177302
0 0.19761800000000007 0.347364 0.162012 0.179658
0 0.3767879999999999 0.343822 0.1582 0.191488
0 0.546432 0.339094 0.154388 0.191488
0 0.713206 0.343822 0.171538 0.191488
0 0.8761680000000001 0.341458 0.162012 0.196218
0 0.10041199999999995 0.560132 0.181076 0.226962
0 0.2719560000000001 0.554218 0.184888 0.215132
0 0.4520820000000001 0.541218 0.186788 0.179674
0 0.624574 0.545946 0.165826 0.222218
0 0.7970680000000001 0.564852 0.163912 0.236404
0 0.1061319999999999 0.899372 0.169638 0.200946
0 0.28816200000000003 0.8911 0.17535 0.208032
0 0.4492259999999999 0.889922 0.1582 0.205674
0 0.7961180000000001 0.873364 0.203938 0.215132
