0 0.268531 0.495020 0.039021 0.029164
0 0.174328 0.467121 0.039031 0.026680
0 0.159307 0.525254 0.039031 0.029164
0 0.066005 0.556770 0.047573 0.030992
0 0.047531 0.620344 0.049729 0.033063
0 0.026302 0.693648 0.046979 0.034891
0 0.128036 0.656641 0.045177 0.032344
0 0.143891 0.587820 0.045135 0.031234
0 0.259484 0.556539 0.044781 0.031453
0 0.247573 0.620793 0.042354 0.030289
0 0.233531 0.691367 0.044188 0.033984
0 0.326885 0.655398 0.045187 0.031703
0 0.412099 0.691008 0.045177 0.031891
0 0.500495 0.654008 0.042969 0.031203
0 0.610620 0.653676 0.039031 0.029164
0 0.702536 0.690660 0.043260 0.032117
0 0.875620 0.693656 0.048552 0.036281
0 0.977135 0.656414 0.044479 0.033266
0 0.782135 0.655977 0.043021 0.031484
0 0.856505 0.622520 0.039031 0.029164
0 0.955776 0.589301 0.039031 0.029164
0 0.932870 0.526531 0.039031 0.029156
0 0.836953 0.554937 0.039031 0.029156
0 0.765177 0.588152 0.039021 0.029164
0 0.754484 0.525613 0.039031 0.029164
0 0.689734 0.620227 0.039031 0.029156
0 0.682703 0.556082 0.039031 0.029164
0 0.347016 0.467426 0.039031 0.029164
0 0.341214 0.524238 0.039031 0.029164
0 0.415411 0.620012 0.039594 0.029195
0 0.335255 0.586078 0.041781 0.030969
0 0.422464 0.555168 0.039031 0.029164
0 0.497604 0.585652 0.039021 0.029164
0 0.918755 0.146016 0.031156 0.016953
0 0.868354 0.160453 0.031167 0.016953
0 0.819484 0.174430 0.031156 0.016953
0 0.748010 0.191375 0.031167 0.016953
0 0.704943 0.282094 0.031156 0.016953
0 0.698833 0.244297 0.031167 0.016953
0 0.694557 0.207875 0.031156 0.016953
0 0.686922 0.174430 0.031156 0.016953
0 0.631938 0.190461 0.031167 0.016953
0 0.636214 0.224594 0.031156 0.016953
0 0.640187 0.263770 0.031167 0.016945
0 0.580010 0.283469 0.031167 0.016953
0 0.576042 0.245211 0.031167 0.016953
0 0.572375 0.209250 0.031167 0.016953
0 0.570849 0.173281 0.031156 0.016953
0 0.494182 0.173508 0.031156 0.016953
0 0.495099 0.207641 0.031156 0.016953
0 0.494490 0.242234 0.031167 0.016953
0 0.494792 0.283930 0.031167 0.016953
0 0.430036 0.303633 0.031156 0.016953
0 0.431870 0.262852 0.031156 0.016953
0 0.432786 0.224828 0.031156 0.016953
0 0.434010 0.188859 0.031167 0.016953
0 0.366812 0.281867 0.031167 0.016953
0 0.370172 0.242461 0.031156 0.016953
0 0.375057 0.206266 0.031156 0.016953
0 0.378109 0.172367 0.031156 0.016953
0 0.315802 0.187711 0.031167 0.016953
0 0.312135 0.223906 0.031167 0.016953
0 0.306943 0.260336 0.031156 0.016953
0 0.215917 0.280031 0.031167 0.016953
0 0.031125 0.259188 0.031167 0.016953
0 0.084880 0.278430 0.031156 0.016953
0 0.158495 0.259188 0.031156 0.016953
0 0.226609 0.240859 0.031156 0.016953
0 0.233328 0.204891 0.031156 0.016953
0 0.167964 0.221391 0.031156 0.016953
0 0.100458 0.240172 0.031167 0.016953
0 0.046396 0.222305 0.031167 0.016953
0 0.112068 0.203520 0.028094 0.016492
0 0.061667 0.187715 0.028104 0.016492
0 0.242490 0.170074 0.028104 0.016492
0 0.177432 0.187715 0.028094 0.016492
0 0.188125 0.154496 0.028104 0.016492
0 0.126115 0.170074 0.028104 0.016492
0 0.074802 0.153578 0.028104 0.016500
0 0.138302 0.139695 0.028104 0.016500
0 0.299859 0.301523 0.036948 0.020859
0 0.362214 0.323566 0.034177 0.022789
0 0.359432 0.367465 0.039031 0.029164
0 0.286125 0.391105 0.039021 0.029164
0 0.197786 0.366227 0.039031 0.026688
0 0.131443 0.343543 0.039031 0.029164
0 0.056844 0.365461 0.037438 0.027188
0 0.118620 0.388902 0.039031 0.029164
0 0.185693 0.415008 0.039031 0.026984
0 0.103589 0.441410 0.039031 0.029164
0 0.036880 0.413371 0.039031 0.029164
0 0.019401 0.467254 0.038802 0.029164
0 0.085995 0.495020 0.039031 0.029164
0 0.353042 0.416262 0.038708 0.022836
0 0.279161 0.441563 0.039031 0.023906
0 0.897677 0.418172 0.037542 0.024094
0 0.979979 0.444750 0.037542 0.024094
0 0.959990 0.393203 0.036667 0.019969
0 0.941667 0.346930 0.036667 0.019969
0 0.881188 0.370750 0.036667 0.019969
0 0.797797 0.393664 0.036656 0.019969
0 0.785583 0.347156 0.036667 0.019969
0 0.722964 0.370523 0.036656 0.019969
0 0.651792 0.347156 0.036667 0.019969
0 0.583984 0.324477 0.036656 0.019969
0 0.645990 0.304773 0.036667 0.019969
0 0.713802 0.325391 0.036667 0.019969
0 0.775521 0.305250 0.036667 0.019969
0 0.867745 0.325621 0.034177 0.018102
0 0.979844 0.284160 0.034167 0.018102
0 0.927286 0.303059 0.034177 0.018102
0 0.854917 0.283930 0.031167 0.016953
0 0.910505 0.264227 0.031156 0.016953
0 0.963958 0.246586 0.031167 0.016953
0 0.947771 0.210625 0.031167 0.016953
0 0.897677 0.228031 0.031167 0.016953
0 0.842698 0.245445 0.031167 0.016953
0 0.765724 0.264453 0.031156 0.016953
0 0.757786 0.226887 0.031156 0.016945
0 0.831703 0.209250 0.031156 0.016953
0 0.933417 0.177172 0.031167 0.016953
0 0.883932 0.192984 0.031156 0.016953
0 0.494849 0.324863 0.034177 0.022789
0 0.428870 0.346238 0.034177 0.022789
0 0.015156 0.298750 0.028854 0.020938
0 0.073536 0.320453 0.039031 0.029156
0 0.145083 0.299328 0.032750 0.023219
0 0.208563 0.321996 0.036875 0.022430
0 0.293823 0.344645 0.039021 0.029164
0 0.604510 0.586777 0.039021 0.028211
0 0.599318 0.525156 0.039031 0.028203
0 0.497604 0.525051 0.039021 0.028211
0 0.421005 0.496395 0.039031 0.026586
0 0.497542 0.468344 0.037542 0.024094
0 0.425760 0.441082 0.037542 0.024102
0 0.426979 0.393430 0.037542 0.024094
0 0.497240 0.368461 0.037542 0.024094
0 0.495708 0.417945 0.037542 0.024094
0 0.585510 0.370750 0.037542 0.024094
0 0.589792 0.418172 0.037542 0.024094
0 0.595594 0.469719 0.037542 0.024094
0 0.672562 0.497895 0.037542 0.024102
0 0.665229 0.443828 0.037542 0.024094
0 0.656990 0.393430 0.037542 0.024094
0 0.731208 0.418633 0.037542 0.024094
0 0.744344 0.470633 0.037542 0.024094
0 0.822229 0.497438 0.037542 0.024094
0 0.806354 0.443375 0.037542 0.024094
0 0.914781 0.468801 0.037542 0.024102
