0 0.8161339999999999 0.9584680000000001 0.095766 0.068412
0 0.966966 0.919138 0.066066 0.0855
0 0.9537 0.7777620000000001 0.085134 0.064976
0 0.7857259999999999 0.6939759999999999 0.107916 0.066126
0 0.9377340000000001 0.6586320000000001 0.092734 0.059288
0 0.8016840000000001 0.8188120000000001 0.088166 0.06955
0 0.6458740000000001 0.8621380000000001 0.08665 0.06955
0 0.48702599999999996 0.9009 0.091216 0.071826
0 0.32209200000000004 0.943082 0.10185 0.080938
0 0.922058 0.07101800000000003 0.143384 0.067962
0 0.5657840000000001 0.16173799999999994 0.1469 0.079174
0 0.15716599999999992 0.22342400000000007 0.1601 0.0851
