0 0.86848 0.3943319999999999 0.099902 0.079514
0 0.783334 0.36837999999999993 0.1 0.088664
0 0.692598 0.3347359999999999 0.103628 0.094736
0 0.862942 0.30259199999999997 0.096274 0.079514
0 0.779608 0.270486 0.1 0.08251
0 0.690588 0.2414179999999999 0.107058 0.085588
0 0.592844 0.2124299999999999 0.103334 0.088664
0 0.944412 0.242996 0.096274 0.082592
0 0.860932 0.21546599999999994 0.099706 0.082592
0 0.76848 0.18331999999999993 0.10755 0.079514
0 0.672254 0.1529560000000001 0.1 0.085992
0 0.583382 0.12226800000000004 0.099902 0.08583
0 0.922156 0.06712600000000002 0.096274 0.079514
0 0.66299 0.061012000000000066 0.111078 0.09174
0 0.757402 0.09465600000000007 0.099902 0.079514
0 0.846176 0.12388599999999994 0.100196 0.082592
0 0.93147 0.1544939999999999 0.1 0.082268
