0 0.703022 0.654533 0.008482 0.016700
0 0.693917 0.646917 0.008482 0.016700
0 0.692531 0.626400 0.008482 0.016700
0 0.684513 0.640167 0.008482 0.016700
0 0.676496 0.655117 0.008482 0.016700
0 0.686206 0.662150 0.008482 0.016700
0 0.694996 0.669467 0.008482 0.016700
0 0.704557 0.675917 0.008482 0.016700
0 0.713662 0.682950 0.008482 0.016700
0 0.715197 0.704342 0.008482 0.016717
0 0.681732 0.597975 0.008482 0.016717
0 0.673873 0.612042 0.008482 0.016717
0 0.665846 0.626983 0.008482 0.016700
0 0.657829 0.641933 0.008482 0.016700
0 0.649965 0.657167 0.008474 0.016700
0 0.641943 0.671517 0.008482 0.016700
0 0.633618 0.687050 0.008482 0.016700
0 0.625443 0.701700 0.008482 0.016700
0 0.617268 0.717233 0.008482 0.016700
0 0.609250 0.733350 0.008482 0.016700
0 0.600925 0.748583 0.008482 0.016700
0 0.591048 0.741550 0.008482 0.016700
0 0.599531 0.726317 0.008482 0.016700
0 0.607706 0.710783 0.008482 0.016700
0 0.616039 0.695550 0.008482 0.016700
0 0.623899 0.680600 0.008482 0.016700
0 0.632232 0.665367 0.008482 0.016700
0 0.640092 0.649833 0.008482 0.016700
0 0.648575 0.634600 0.008482 0.016700
0 0.656285 0.620833 0.008482 0.016700
0 0.664154 0.605008 0.008482 0.016717
0 0.672329 0.590067 0.008482 0.016700
0 0.580873 0.735117 0.008482 0.016700
0 0.589513 0.719583 0.008482 0.016700
0 0.597838 0.704342 0.008482 0.016717
0 0.606162 0.688817 0.008482 0.016700
0 0.614189 0.673283 0.008482 0.016700
0 0.622355 0.657750 0.008482 0.016700
0 0.587039 0.639000 0.008482 0.016700
0 0.595215 0.623175 0.008482 0.016717
0 0.603232 0.608517 0.008482 0.016700
0 0.611715 0.593283 0.008482 0.016700
0 0.619737 0.577750 0.008474 0.016700
0 0.585496 0.617017 0.008482 0.016700
0 0.576864 0.631967 0.008482 0.016700
0 0.568531 0.646917 0.008482 0.016700
0 0.560053 0.661567 0.008474 0.016700
0 0.551724 0.677967 0.008482 0.016700
0 0.566838 0.624933 0.008482 0.016700
0 0.558048 0.639583 0.008482 0.016700
0 0.549873 0.654817 0.008482 0.016700
0 0.541390 0.670650 0.008482 0.016700
0 0.556969 0.616733 0.008482 0.016700
0 0.548487 0.632258 0.008482 0.016717
0 0.539697 0.648375 0.008482 0.016717
0 0.537996 0.626100 0.008482 0.016700
0 0.628066 0.563400 0.008482 0.016700
0 0.635934 0.548167 0.008482 0.016700
0 0.644566 0.534383 0.008482 0.016700
0 0.651969 0.518858 0.008482 0.016717
0 0.593671 0.601783 0.008482 0.016700
0 0.602004 0.585667 0.008482 0.016700
0 0.609864 0.570725 0.008482 0.016717
0 0.618654 0.555783 0.008482 0.016700
0 0.626522 0.541133 0.008482 0.016700
0 0.634539 0.525892 0.008482 0.016717
0 0.642408 0.511233 0.008482 0.016700
0 0.575320 0.609400 0.008482 0.016700
0 0.583654 0.593867 0.008482 0.016700
0 0.591820 0.578633 0.008482 0.016700
0 0.599996 0.563692 0.008482 0.016717
0 0.608636 0.548167 0.008482 0.016700
0 0.616496 0.533217 0.008482 0.016700
0 0.624829 0.518567 0.008482 0.016700
0 0.633311 0.504500 0.008482 0.016700
0 0.641482 0.489550 0.008474 0.016700
0 0.564838 0.602367 0.008482 0.016700
0 0.573469 0.586842 0.008482 0.016717
0 0.581798 0.571317 0.008474 0.016700
0 0.590127 0.556367 0.008482 0.016700
0 0.598759 0.540833 0.008482 0.016700
0 0.606934 0.526483 0.008482 0.016700
0 0.559127 0.474317 0.008482 0.016700
0 0.548645 0.467000 0.008482 0.016700
0 0.538461 0.458783 0.008482 0.016700
0 0.528285 0.451167 0.008482 0.016700
0 0.536610 0.435050 0.008482 0.016700
0 0.546943 0.444133 0.008482 0.016700
0 0.556969 0.451467 0.008482 0.016700
0 0.567303 0.458783 0.008482 0.016700
0 0.577636 0.467000 0.008482 0.016700
0 0.578864 0.489267 0.008482 0.016700
0 0.589197 0.497767 0.008482 0.016700
0 0.597531 0.482817 0.008482 0.016700
0 0.587662 0.474900 0.008482 0.016700
0 0.585961 0.451750 0.008482 0.016700
0 0.595680 0.460550 0.008482 0.016700
0 0.605390 0.468167 0.008482 0.016700
0 0.613566 0.453217 0.008482 0.016700
0 0.584417 0.429483 0.008482 0.016700
0 0.576092 0.444433 0.008482 0.016700
0 0.565452 0.436817 0.008482 0.016700
0 0.555425 0.427733 0.008482 0.016700
0 0.545250 0.420400 0.008482 0.016700
0 0.534917 0.412783 0.008482 0.016700
0 0.543706 0.396967 0.008482 0.016700
0 0.533531 0.389342 0.008482 0.016717
0 0.542004 0.374400 0.008482 0.016700
0 0.550803 0.358867 0.008482 0.016700
0 0.770724 0.476667 0.008482 0.016700
0 0.763627 0.490733 0.008482 0.016700
0 0.755917 0.505083 0.008482 0.016700
0 0.748513 0.519150 0.008482 0.016700
0 0.740961 0.533800 0.008482 0.016700
0 0.732934 0.548450 0.008482 0.016700
0 0.725842 0.562817 0.008474 0.016700
0 0.718132 0.577750 0.008474 0.016700
0 0.710417 0.591817 0.008482 0.016700
0 0.702557 0.607058 0.008482 0.016717
0 0.701320 0.585967 0.008482 0.016700
0 0.708566 0.570725 0.008482 0.016717
0 0.716434 0.555783 0.008482 0.016700
0 0.724452 0.542300 0.008482 0.016700
0 0.731548 0.527067 0.008482 0.016700
0 0.739724 0.512417 0.008482 0.016700
0 0.746969 0.498933 0.008482 0.016700
0 0.754531 0.484575 0.008482 0.016717
0 0.762241 0.469633 0.008482 0.016700
0 0.769645 0.455267 0.008482 0.016700
0 0.768250 0.433000 0.008482 0.016700
0 0.761162 0.447950 0.008482 0.016700
0 0.753601 0.462600 0.008482 0.016700
0 0.745890 0.476950 0.008482 0.016700
0 0.738487 0.491017 0.008482 0.016700
0 0.730311 0.505383 0.008482 0.016700
0 0.722917 0.520617 0.008482 0.016700
0 0.714890 0.534683 0.008482 0.016700
0 0.707338 0.549625 0.008482 0.016717
0 0.721373 0.497767 0.008482 0.016700
0 0.729083 0.483117 0.008482 0.016700
0 0.736794 0.469383 0.008482 0.015433
0 0.744346 0.455567 0.008482 0.016700
0 0.752057 0.440333 0.008482 0.016700
0 0.759311 0.426550 0.008482 0.016700
0 0.767171 0.412492 0.008482 0.016717
0 0.765943 0.390517 0.008482 0.016700
0 0.758232 0.404867 0.008482 0.016700
0 0.750671 0.419233 0.008482 0.016700
0 0.743118 0.432717 0.008482 0.016700
0 0.735408 0.447650 0.008482 0.016700
0 0.717671 0.397833 0.008482 0.016700
0 0.725531 0.383483 0.008482 0.016700
0 0.733092 0.369417 0.008482 0.016700
0 0.740645 0.355350 0.008482 0.016700
0 0.748355 0.340400 0.008482 0.016700
0 0.755917 0.326933 0.008482 0.016700
0 0.746662 0.319017 0.008482 0.016700
0 0.739105 0.332783 0.008474 0.016700
0 0.731395 0.347733 0.008474 0.016700
0 0.723838 0.361217 0.008482 0.016700
0 0.716276 0.375867 0.008482 0.016700
0 0.708110 0.389933 0.008482 0.016700
0 0.700399 0.404583 0.008482 0.016700
0 0.692689 0.418933 0.008482 0.016700
0 0.684820 0.433883 0.008482 0.016700
0 0.676952 0.448533 0.008482 0.016700
0 0.668627 0.463183 0.008482 0.016700
0 0.661066 0.478417 0.008482 0.016700
0 0.651048 0.469050 0.008482 0.016700
0 0.659066 0.454983 0.008482 0.016700
0 0.667697 0.440333 0.008482 0.016700
0 0.675566 0.425683 0.008482 0.016700
0 0.683434 0.411617 0.008482 0.016700
0 0.691452 0.396667 0.008482 0.016700
0 0.698697 0.382317 0.008482 0.016700
0 0.707338 0.367950 0.008482 0.016700
0 0.714890 0.353600 0.008482 0.016700
0 0.722601 0.339533 0.008482 0.016700
0 0.730004 0.325167 0.008482 0.016700
0 0.737715 0.310817 0.008482 0.016700
0 0.745276 0.297633 0.008482 0.016700
0 0.736180 0.289133 0.008482 0.016700
0 0.728154 0.303483 0.008482 0.016700
0 0.726925 0.281217 0.008482 0.016700
0 0.720908 0.317258 0.008482 0.016717
0 0.719364 0.295283 0.008482 0.016700
0 0.712890 0.331317 0.008482 0.016700
0 0.711496 0.309633 0.008482 0.016700
0 0.705636 0.345683 0.008482 0.016700
0 0.704101 0.322825 0.008482 0.016717
0 0.697311 0.360633 0.008482 0.016700
0 0.696382 0.338067 0.008482 0.016700
0 0.689601 0.374983 0.008482 0.016700
0 0.703022 0.265983 0.008482 0.016700
0 0.710882 0.252200 0.008482 0.016700
0 0.701478 0.243117 0.008482 0.016700
0 0.693610 0.258367 0.008482 0.016700
0 0.685899 0.272133 0.008482 0.016700
0 0.677575 0.286783 0.008482 0.016700
0 0.669706 0.302017 0.008482 0.016700
0 0.661373 0.315500 0.008482 0.016700
0 0.653513 0.331033 0.008482 0.016700
0 0.645803 0.345383 0.008482 0.016700
0 0.637785 0.358867 0.008482 0.016700
0 0.629303 0.373517 0.008482 0.016700
0 0.621434 0.388467 0.008482 0.016700
0 0.619583 0.366200 0.008482 0.016700
0 0.627908 0.352133 0.008482 0.016700
0 0.635776 0.336892 0.008482 0.016717
0 0.644259 0.322825 0.008482 0.016717
0 0.652276 0.307883 0.008482 0.016700
0 0.660610 0.293817 0.008482 0.016700
0 0.667855 0.278867 0.008482 0.016700
0 0.675873 0.263933 0.008482 0.016700
0 0.684206 0.249867 0.008482 0.016700
0 0.691917 0.235217 0.008482 0.016700
0 0.682197 0.227300 0.008482 0.016700
0 0.674794 0.241067 0.008482 0.016700
0 0.666925 0.255133 0.008482 0.016700
0 0.658759 0.270967 0.008482 0.016700
0 0.650425 0.285317 0.008482 0.016700
0 0.642408 0.299092 0.008482 0.016717
0 0.634390 0.315208 0.008482 0.016717
0 0.626215 0.328400 0.008482 0.016700
0 0.617732 0.343333 0.008482 0.016700
0 0.609715 0.358575 0.008482 0.016717
0 0.640864 0.277117 0.008482 0.016700
0 0.649039 0.262750 0.008482 0.016700
0 0.657057 0.247817 0.008482 0.016700
0 0.665232 0.233450 0.008482 0.016700
0 0.673101 0.219100 0.008482 0.016700
0 0.655513 0.224667 0.008482 0.016700
0 0.647496 0.239317 0.008482 0.016700
0 0.639320 0.254258 0.008482 0.016717
0 0.631610 0.268317 0.008482 0.016700
0 0.632846 0.291183 0.008482 0.016700
0 0.816899 0.411358 0.006289 0.012383
0 0.227996 0.580283 0.006289 0.012367
0 0.745601 0.546833 0.006289 0.012367
0 0.342430 0.386267 0.006281 0.012367
0 0.705952 0.697600 0.008482 0.016700
0 0.696697 0.691158 0.008482 0.016717
0 0.687592 0.684417 0.008482 0.016700
0 0.678189 0.677383 0.008482 0.016700
0 0.668934 0.670350 0.008482 0.016700
0 0.707338 0.719000 0.008482 0.016700
0 0.698232 0.712250 0.008482 0.016700
0 0.688987 0.705517 0.008482 0.016700
0 0.679268 0.699367 0.008482 0.016700
0 0.670320 0.692333 0.008482 0.016700
0 0.661066 0.685583 0.008482 0.016700
0 0.699469 0.733933 0.008482 0.016700
0 0.690215 0.727492 0.008482 0.016717
0 0.681118 0.721050 0.008482 0.016700
0 0.672022 0.714600 0.008482 0.016700
0 0.662461 0.707567 0.008482 0.016700
0 0.652741 0.700833 0.008482 0.016700
0 0.682504 0.743017 0.008482 0.016700
0 0.673101 0.735983 0.008482 0.016700
0 0.663846 0.729250 0.008482 0.016700
0 0.654285 0.722800 0.008482 0.016700
0 0.644566 0.716350 0.008482 0.016700
0 0.674952 0.757967 0.008482 0.016700
0 0.665390 0.750633 0.008482 0.016700
0 0.655829 0.744483 0.008482 0.016700
0 0.646268 0.738033 0.008482 0.016700
0 0.636697 0.730717 0.008482 0.016700
0 0.647654 0.760017 0.008482 0.016700
0 0.638399 0.752983 0.008482 0.016700
0 0.628680 0.746250 0.008482 0.016700
0 0.630224 0.768800 0.008482 0.016700
0 0.620662 0.761483 0.008482 0.016700
0 0.610487 0.755033 0.008482 0.016700
0 0.618811 0.739800 0.008482 0.016700
0 0.627136 0.724267 0.008482 0.016700
0 0.635162 0.708733 0.008482 0.016700
0 0.643338 0.694083 0.008482 0.016700
0 0.651197 0.679142 0.008482 0.016717
0 0.659531 0.664200 0.008482 0.016700
0 0.667548 0.648967 0.008482 0.016700
0 0.675101 0.634017 0.008482 0.016700
0 0.682969 0.618783 0.008482 0.016700
0 0.630531 0.643683 0.008482 0.016700
0 0.638399 0.628450 0.008482 0.016700
0 0.646724 0.612633 0.008482 0.016700
0 0.654899 0.597683 0.008482 0.016700
0 0.662768 0.583033 0.008482 0.016700
0 0.671250 0.568083 0.008482 0.016700
0 0.573004 0.714017 0.008482 0.016700
0 0.581645 0.699650 0.008482 0.016700
0 0.589820 0.683250 0.008482 0.016700
0 0.598452 0.668300 0.008482 0.016700
0 0.606627 0.653350 0.008482 0.016700
0 0.614645 0.638117 0.008482 0.016700
0 0.622671 0.622883 0.008482 0.016700
0 0.631154 0.607650 0.008482 0.016700
0 0.639320 0.592408 0.008482 0.016717
0 0.647189 0.577750 0.008482 0.016700
0 0.655513 0.563100 0.008482 0.016700
0 0.663228 0.547575 0.008474 0.016717
0 0.562829 0.707867 0.008482 0.016700
0 0.571618 0.691750 0.008482 0.016700
0 0.579952 0.677092 0.008482 0.016717
0 0.588434 0.661567 0.008482 0.016700
0 0.596601 0.646917 0.008482 0.016700
0 0.604934 0.630500 0.008482 0.016700
0 0.612952 0.615267 0.008482 0.016700
0 0.621592 0.600617 0.008482 0.016700
0 0.629452 0.584783 0.008482 0.016700
0 0.637627 0.570433 0.008482 0.016700
0 0.645952 0.555483 0.008482 0.016700
0 0.653662 0.540833 0.008482 0.016700
0 0.552961 0.700533 0.008482 0.016700
0 0.561443 0.685000 0.008482 0.016700
0 0.570075 0.669467 0.008482 0.016700
0 0.578557 0.653942 0.008482 0.016717
0 0.615268 0.511533 0.008482 0.016700
0 0.623127 0.496583 0.008482 0.016700
0 0.631768 0.481350 0.008482 0.016700
0 0.546329 0.610283 0.008482 0.016700
0 0.554654 0.594750 0.008482 0.016700
0 0.563601 0.579517 0.008482 0.016700
0 0.572390 0.564283 0.008482 0.016700
0 0.580408 0.548167 0.008482 0.016700
0 0.589048 0.533217 0.008482 0.016700
0 0.596908 0.518567 0.008482 0.016700
0 0.605241 0.503617 0.008482 0.016700
0 0.613259 0.488383 0.008482 0.016700
0 0.621741 0.474033 0.008482 0.016700
0 0.630075 0.459083 0.008482 0.016700
0 0.529829 0.605300 0.008482 0.016700
0 0.538461 0.589183 0.008482 0.016700
0 0.527513 0.581858 0.008482 0.016717
0 0.547101 0.574533 0.008482 0.016700
0 0.536610 0.566917 0.008482 0.016700
0 0.526127 0.558708 0.008482 0.016717
0 0.554961 0.558708 0.008482 0.016717
0 0.545092 0.550800 0.008482 0.016700
0 0.534759 0.543183 0.008482 0.016700
0 0.572232 0.527942 0.008482 0.016717
0 0.563908 0.543467 0.008482 0.016700
0 0.553732 0.535850 0.008482 0.016700
0 0.543706 0.527650 0.008482 0.016700
0 0.524732 0.534975 0.008482 0.016717
0 0.533373 0.521200 0.008482 0.016700
0 0.523197 0.513000 0.008482 0.016700
0 0.562057 0.520033 0.008482 0.016700
0 0.551724 0.513000 0.008482 0.016700
0 0.541697 0.505083 0.008482 0.016700
0 0.531680 0.497175 0.008482 0.016717
0 0.521346 0.489267 0.008482 0.016700
0 0.580566 0.512117 0.008482 0.016700
0 0.570846 0.504800 0.008482 0.016700
0 0.560671 0.497767 0.008482 0.016700
0 0.550338 0.490433 0.008482 0.016700
0 0.540004 0.481933 0.008482 0.016700
0 0.529829 0.473442 0.008482 0.016717
0 0.569154 0.482817 0.008482 0.016700
0 0.621899 0.438867 0.008482 0.016700
0 0.612338 0.429483 0.008482 0.016700
0 0.603855 0.445017 0.008482 0.016700
0 0.602461 0.422750 0.008482 0.016700
0 0.593671 0.437400 0.008482 0.016700
0 0.610636 0.407217 0.008482 0.016700
0 0.600925 0.400483 0.008482 0.016700
0 0.592592 0.415133 0.008482 0.016700
0 0.574083 0.421575 0.008482 0.016717
0 0.582724 0.406917 0.008482 0.016700
0 0.591048 0.391400 0.008482 0.016700
0 0.599531 0.377333 0.008482 0.016700
0 0.589197 0.369417 0.008482 0.016700
0 0.580715 0.383775 0.008482 0.016717
0 0.572390 0.398717 0.008482 0.016700
0 0.564373 0.413083 0.008482 0.016700
0 0.553882 0.404867 0.008482 0.016700
0 0.562671 0.389933 0.008482 0.016700
0 0.552342 0.381717 0.008474 0.016700
0 0.560978 0.367950 0.008482 0.016700
0 0.570539 0.375567 0.008482 0.016700
0 0.579022 0.361217 0.008482 0.016700
0 0.587811 0.345683 0.008482 0.016700
0 0.577478 0.336600 0.008482 0.016700
0 0.569303 0.352417 0.008482 0.016700
0 0.559127 0.344800 0.008482 0.016700
0 0.566996 0.329267 0.008482 0.016700
0 0.548645 0.336600 0.008482 0.016700
0 0.557127 0.321067 0.008482 0.016700
0 0.575785 0.314333 0.008482 0.016700
0 0.565452 0.306717 0.008482 0.016700
0 0.746820 0.620833 0.008482 0.016700
0 0.738645 0.635183 0.008482 0.016700
0 0.748206 0.641342 0.008482 0.016717
0 0.740338 0.655400 0.008482 0.016700
0 0.732320 0.670650 0.008482 0.016700
0 0.723680 0.663900 0.008482 0.016700
0 0.731241 0.649550 0.008482 0.016700
0 0.722294 0.642517 0.008482 0.016700
0 0.713039 0.635775 0.008482 0.016717
0 0.729697 0.627867 0.008482 0.016700
0 0.737566 0.613217 0.008482 0.016700
0 0.720601 0.621125 0.008482 0.016717
0 0.728461 0.606767 0.008482 0.016700
0 0.753908 0.605300 0.008482 0.016700
0 0.736022 0.591533 0.008482 0.016700
0 0.744969 0.598850 0.008482 0.016700
0 0.752522 0.583617 0.008482 0.016700
0 0.761311 0.591817 0.008482 0.016700
0 0.760697 0.569550 0.008482 0.016700
0 0.743890 0.577167 0.008482 0.016700
0 0.751136 0.562233 0.008482 0.016700
0 0.758689 0.548750 0.008482 0.016700
0 0.766557 0.534383 0.008482 0.016700
0 0.711189 0.613800 0.008482 0.016700
0 0.719364 0.599433 0.008482 0.016700
0 0.727382 0.585083 0.008482 0.016700
0 0.735092 0.570433 0.008482 0.016700
0 0.742189 0.555483 0.008482 0.016700
0 0.749899 0.541133 0.008482 0.016700
0 0.757917 0.526767 0.008482 0.016700
0 0.765171 0.513583 0.008482 0.016700
0 0.772110 0.498350 0.008482 0.016700
0 0.727382 0.461425 0.008482 0.016717
0 0.719671 0.476950 0.008482 0.016700
0 0.712425 0.491017 0.008482 0.016700
0 0.713662 0.513000 0.008482 0.016700
0 0.705952 0.527350 0.008482 0.016700
0 0.704408 0.505667 0.008482 0.016700
0 0.696697 0.519733 0.008482 0.016700
0 0.698390 0.541417 0.008482 0.016700
0 0.699627 0.563692 0.008482 0.016717
0 0.691759 0.578350 0.008482 0.016700
0 0.690215 0.556367 0.008482 0.016700
0 0.688522 0.534975 0.008482 0.016717
0 0.681118 0.549333 0.008482 0.016700
0 0.673408 0.529117 0.008482 0.016700
0 0.681583 0.513583 0.008482 0.016700
0 0.689294 0.499817 0.008482 0.016700
0 0.697154 0.484867 0.008482 0.016700
0 0.704864 0.471383 0.008482 0.016700
0 0.712732 0.456733 0.008482 0.016700
0 0.720294 0.441500 0.008482 0.016700
0 0.728311 0.427733 0.008482 0.016700
0 0.735864 0.413367 0.008482 0.016700
0 0.743268 0.398717 0.008482 0.016700
0 0.750978 0.384950 0.008482 0.016700
0 0.758382 0.370883 0.008482 0.016700
0 0.757154 0.348317 0.008482 0.016700
0 0.749592 0.362967 0.008482 0.016700
0 0.741882 0.377333 0.008482 0.016700
0 0.734478 0.391100 0.008482 0.016700
0 0.726925 0.405458 0.008482 0.016717
0 0.718443 0.420400 0.008482 0.016700
0 0.711189 0.434175 0.008482 0.016717
0 0.703329 0.448833 0.008482 0.016700
0 0.695618 0.463483 0.008482 0.016700
0 0.687592 0.477833 0.008482 0.016700
0 0.679732 0.492200 0.008482 0.016700
0 0.671711 0.507133 0.008474 0.016700
0 0.662610 0.499517 0.008482 0.016700
0 0.670320 0.485167 0.008482 0.016700
0 0.678031 0.470217 0.008482 0.016700
0 0.686671 0.455567 0.008482 0.016700
0 0.694075 0.442083 0.008482 0.016700
0 0.702092 0.427142 0.008482 0.016717
0 0.709803 0.411900 0.008482 0.016700
0 0.688364 0.352133 0.008482 0.016700
0 0.681425 0.388750 0.008482 0.016700
0 0.679732 0.366483 0.008482 0.016700
0 0.673408 0.403700 0.008482 0.016700
0 0.672171 0.381133 0.008482 0.016700
0 0.664311 0.395783 0.008482 0.016700
0 0.665232 0.417767 0.008482 0.016700
0 0.658136 0.432717 0.008482 0.016700
0 0.649504 0.447067 0.008482 0.016700
0 0.655671 0.410150 0.008482 0.016700
0 0.647961 0.425092 0.008482 0.016717
0 0.640399 0.440617 0.008482 0.016700
0 0.719671 0.260700 0.008482 0.016700
0 0.711811 0.273600 0.008482 0.016700
0 0.704250 0.288542 0.008482 0.016717
0 0.696846 0.303200 0.008482 0.016700
0 0.688987 0.316667 0.008482 0.016700
0 0.680961 0.332200 0.008482 0.016700
0 0.672636 0.345975 0.008482 0.016717
0 0.664768 0.359450 0.008482 0.016700
0 0.657215 0.375283 0.008482 0.016700
0 0.649039 0.390517 0.008482 0.016700
0 0.641022 0.404283 0.008482 0.016700
0 0.632539 0.419233 0.008482 0.016700
0 0.630996 0.396375 0.008482 0.016717
0 0.639171 0.381433 0.008482 0.016700
0 0.646882 0.367067 0.008482 0.016700
0 0.655206 0.353008 0.008482 0.016717
0 0.663382 0.337767 0.008482 0.016700
0 0.671250 0.323117 0.008482 0.016700
0 0.679421 0.309350 0.008474 0.016700
0 0.686978 0.294700 0.008482 0.016700
0 0.694996 0.280333 0.008482 0.016700
0 0.624522 0.306117 0.008482 0.016700
0 0.616039 0.320183 0.008482 0.016700
0 0.608013 0.335433 0.008482 0.016700
0 0.598145 0.326633 0.008482 0.016700
0 0.606469 0.312567 0.008482 0.016700
0 0.614803 0.297633 0.008482 0.016700
0 0.623127 0.283267 0.008482 0.016700
0 0.621127 0.260117 0.008482 0.016700
0 0.629303 0.245767 0.008482 0.016700
0 0.637320 0.231700 0.008482 0.016700
0 0.627601 0.222317 0.008482 0.016700
0 0.619276 0.236383 0.008482 0.016700
0 0.611408 0.251333 0.008482 0.016700
0 0.612952 0.274483 0.008482 0.016700
0 0.604627 0.289417 0.008482 0.016700
0 0.596601 0.303783 0.008482 0.016700
0 0.586583 0.295867 0.008482 0.016700
0 0.594908 0.281517 0.008482 0.016700
0 0.603083 0.266267 0.008482 0.016700
0 0.601075 0.243417 0.008482 0.016700
0 0.593215 0.257483 0.008482 0.016700
0 0.585118 0.272883 0.008482 0.016700
