0 0.544690 0.630701 0.050517 0.065770
0 0.374974 0.692632 0.050466 0.070322
0 0.429448 0.724736 0.049310 0.067264
0 0.491379 0.754552 0.049310 0.065747
0 0.549845 0.795862 0.049345 0.065747
0 0.611793 0.747678 0.049310 0.067264
0 0.662819 0.702552 0.050466 0.065793
0 0.358353 0.609299 0.051603 0.068805
0 0.424845 0.636828 0.049345 0.065747
0 0.483310 0.676575 0.049379 0.065747
0 0.545845 0.710989 0.050517 0.067356
0 0.607707 0.667356 0.050586 0.065747
0 0.352621 0.522908 0.049310 0.067287
0 0.422552 0.557276 0.051655 0.065816
0 0.483922 0.596299 0.050466 0.067264
0 0.607741 0.592529 0.050379 0.062759
0 0.668052 0.526828 0.049310 0.065747
0 0.728216 0.569483 0.050466 0.065862
0 0.543017 0.549621 0.049138 0.065816
0 0.666259 0.623103 0.050448 0.065517
0 0.543560 0.462506 0.052741 0.068828
0 0.404741 0.469333 0.050517 0.067402
0 0.465000 0.417356 0.049310 0.067356
0 0.528621 0.368506 0.050345 0.067126
0 0.582543 0.313460 0.050466 0.067333
0 0.396776 0.379207 0.050448 0.067333
0 0.608353 0.496149 0.051603 0.068805
0 0.720172 0.645172 0.048276 0.064138
0 0.345138 0.430391 0.048207 0.065747
0 0.481638 0.508322 0.050517 0.065655
0 0.735086 0.472391 0.050517 0.067172
0 0.454103 0.318011 0.050448 0.064207
0 0.520052 0.279782 0.049310 0.067287
0 0.595707 0.399816 0.049276 0.065747
0 0.649060 0.346253 0.050466 0.065839
0 0.660526 0.435747 0.050466 0.067264
0 0.720716 0.393793 0.049362 0.065747
