0 0.657832 0.4871080000000001 0.12293 0.147844
0 0.539688 0.48126599999999997 0.096992 0.147844
0 0.423594 0.483212 0.10789 0.147844
0 0.309542 0.4793179999999999 0.106542 0.155632
0 0.18730399999999992 0.4783440000000001 0.10789 0.153686
0 0.0718939999999999 0.48126599999999997 0.109258 0.159528
0 0.7710840000000001 0.19457600000000008 0.121856 0.154048
0 0.652042 0.19457600000000008 0.123926 0.137246
0 0.530098 0.19457600000000008 0.11211 0.142866
0 0.41406199999999993 0.19598000000000004 0.108164 0.140056
0 0.3068660000000001 0.1917660000000001 0.110136 0.137246
0 0.18787200000000004 0.19596600000000008 0.11211 0.128846
0 0.07085000000000008 0.19877600000000006 0.106192 0.134464
0 0.713144 0.33731599999999995 0.11336 0.14395
0 0.597734 0.33731599999999995 0.120196 0.147844
0 0.47617200000000004 0.33926199999999995 0.111992 0.159528
0 0.360762 0.3334220000000001 0.11336 0.151738
0 0.24603599999999992 0.33147400000000005 0.105156 0.14395
0 0.13198200000000004 0.329542 0.101074 0.155606
0 0.13714800000000005 0.9218500000000001 0.108126 0.155632
0 0.13129799999999991 0.6193740000000001 0.102442 0.151738
0 0.24807599999999996 0.6203479999999999 0.103808 0.142002
0 0.36349600000000004 0.624242 0.105156 0.142002
0 0.4857419999999999 0.627148 0.109258 0.15171
0 0.6038859999999999 0.6300699999999999 0.11336 0.153658
0 0.72749 0.6320159999999999 0.114746 0.157552
0 0.670126 0.7915160000000001 0.128378 0.169236
0 0.784786 0.48823400000000006 0.10586 0.166954
0 0.5497460000000001 0.775952 0.109258 0.15886
0 0.431376 0.77434 0.109278 0.14267
0 0.49401399999999995 0.926078 0.111464 0.147844
0 0.31243200000000004 0.7735320000000001 0.112676 0.150738
0 0.19178800000000007 0.7638100000000001 0.10584 0.153992
0 0.25495200000000007 0.922016 0.102442 0.155966
0 0.07682600000000006 0.7719199999999999 0.101308 0.160472
