0 0.488516 0.040661999999999976 0.0834 0.06255
0 0.900208 0.08341200000000004 0.090716 0.067326
0 0.647916 0.134876 0.090734 0.067326
0 0.862208 0.237012 0.090716 0.067326
0 0.770366 0.7072879999999999 0.090734 0.067324
0 0.938216 0.813382 0.090734 0.067338
0 0.740808 0.871176 0.090716 0.067324
0 0.515966 0.7619180000000001 0.090734 0.067338
0 0.5508 0.6035759999999999 0.090734 0.067324
0 0.806258 0.544988 0.090716 0.067326
0 0.83265 0.39139999999999997 0.090734 0.067324
0 0.581408 0.4444380000000001 0.090716 0.067326
0 0.618358 0.28847599999999995 0.090716 0.067326
0 0.380842 0.5085679999999999 0.090716 0.067338
0 0.425174 0.34785 0.090716 0.067326
0 0.228834 0.408026 0.090734 0.067324
0 0.189766 0.5631999999999999 0.090734 0.067324
0 0.351284 0.6629499999999999 0.090734 0.067324
0 0.1581 0.7231259999999999 0.090734 0.067326
0 0.264716 0.254424 0.090734 0.067326
0 0.070484 0.31222400000000006 0.090734 0.067326
0 0.455792 0.19504999999999995 0.090716 0.067326
0 0.300616 0.10003800000000007 0.090734 0.067326
0 0.106384 0.16100000000000003 0.090734 0.067326
0 0.315134 0.821882 0.090734 0.067338
0 0.120134 0.886212 0.090734 0.067326
0 0.483008 0.9247000000000001 0.090716 0.067326
0 0.9038 0.9691559999999999 0.090734 0.061688
