0 0.83751 0.292032 0.062312 0.033906
0 0.7367079999999999 0.320906 0.062334 0.033906
0 0.638968 0.34886 0.062312 0.033906
0 0.4960199999999999 0.38275 0.062334 0.033906
0 0.409886 0.564188 0.062312 0.033906
0 0.3976660000000001 0.488594 0.062334 0.033906
0 0.38911399999999996 0.41575 0.062312 0.033906
0 0.37384400000000007 0.34886 0.062312 0.033906
0 0.263876 0.380922 0.062334 0.033906
0 0.2724279999999999 0.449188 0.062312 0.033906
0 0.2803739999999999 0.52754 0.062334 0.03389
0 0.16002000000000005 0.566938 0.062334 0.033906
0 0.1520840000000001 0.490422 0.062334 0.033906
0 0.14474999999999993 0.4185 0.062334 0.033906
0 0.1416980000000001 0.346562 0.062312 0.033906
0 0.7953539999999999 0.836344 0.075084 0.048188
0 0.9599580000000001 0.8895 0.075084 0.048188
0 0.91998 0.786406 0.073334 0.039938
0 0.8833340000000001 0.69386 0.073334 0.039938
0 0.7623759999999999 0.7415 0.073334 0.039938
0 0.595594 0.787328 0.073312 0.039938
0 0.5711660000000001 0.694312 0.073334 0.039938
0 0.4459280000000001 0.741046 0.073312 0.039938
0 0.3035840000000001 0.694312 0.073334 0.039938
0 0.1679679999999999 0.648954 0.073312 0.039938
0 0.2919799999999999 0.609546 0.073334 0.039938
0 0.4276040000000001 0.650782 0.073334 0.039938
0 0.551042 0.6105 0.073334 0.039938
0 0.73549 0.651242 0.068354 0.036204
0 0.9596880000000001 0.56832 0.068334 0.036204
0 0.8545720000000001 0.606118 0.068354 0.036204
0 0.7098340000000001 0.56786 0.062334 0.033906
0 0.82101 0.528454 0.062312 0.033906
0 0.927916 0.493172 0.062334 0.033906
0 0.8955420000000001 0.42125 0.062334 0.033906
0 0.7953539999999999 0.456062 0.062334 0.033906
0 0.6853959999999999 0.49089 0.062334 0.033906
0 0.5314479999999999 0.528906 0.062312 0.033906
0 0.5155719999999999 0.453774 0.062312 0.03389
0 0.6634059999999999 0.4185 0.062312 0.033906
0 0.8668340000000001 0.354344 0.062334 0.033906
0 0.7678640000000001 0.385968 0.062312 0.033906
0 0.17101999999999995 0.7415 0.075084 0.048188
0 0.17958399999999997 0.836344 0.075084 0.048188
0 0.1911879999999999 0.939438 0.075084 0.048188
0 0.3304579999999999 0.887656 0.075084 0.048188
0 0.3139799999999999 0.78686 0.075084 0.048188
0 0.46241599999999994 0.837266 0.075084 0.048188
0 0.488688 0.941266 0.075084 0.048188
0 0.612708 0.88675 0.075084 0.048188
0 0.8295619999999999 0.937602 0.075084 0.048204
