0 0.091634 0.871822 0.027666 0.026666
0 0.12230000000000008 0.883156 0.027666 0.029778
0 0.1463000000000001 0.864044 0.025666 0.025334
0 0.1533 0.896488 0.025 0.023556
0 0.17779999999999996 0.8758 0.027334 0.025734
0 0.20296599999999998 0.856712 0.030334 0.026666
0 0.18463399999999996 0.908488 0.027 0.026222
0 0.1603000000000001 0.929134 0.027666 0.025734
0 0.2088000000000001 0.888266 0.028666 0.024
0 0.216966 0.9196 0.031 0.026222
0 0.19179999999999997 0.942044 0.027334 0.026666
0 0.1671339999999999 0.962044 0.029334 0.024
0 0.23246600000000006 0.867356 0.027334 0.024844
0 0.25546599999999997 0.8476 0.026666 0.024444
0 0.2399659999999999 0.900712 0.030334 0.025778
0 0.14363400000000004 0.983378 0.030334 0.029334
0 0.1999660000000001 0.972244 0.029 0.030178
0 0.224634 0.952488 0.031 0.026222
0 0.24863400000000002 0.932044 0.027 0.026222
0 0.6307 0.79 0.028334 0.026844
0 0.6827840000000001 0.783934 0.029766 0.023688
0 0.717384 0.795134 0.0307 0.024312
0 0.5769340000000001 0.798312 0.0264 0.028178
0 0.47036600000000006 0.814956 0.028334 0.024312
0 0.523166 0.807912 0.028334 0.023022
0 0.502534 0.828088 0.030266 0.019822
0 0.5543659999999999 0.819444 0.0264 0.021734
0 0.03536600000000001 0.881266 0.026 0.0236
0 0.0504659999999999 0.977912 0.029934 0.023822
0 0.03921599999999992 0.912244 0.029366 0.0292
0 0.04614999999999991 0.944112 0.028234 0.0284
0 0.06716600000000006 0.891512 0.0288 0.027644
0 0.07234999999999991 0.923756 0.0265 0.024578
0 0.07811600000000007 0.956022 0.027634 0.023066
0 0.09739999999999993 0.9034 0.0282 0.022266
0 0.02190000000000003 0.379688 0.024 0.016
0 0.04773399999999994 0.389022 0.023 0.014222
0 0.026734000000000036 0.4008 0.022334 0.014666
0 0.06806599999999996 0.374356 0.024334 0.014222
0 0.2871999999999999 0.859556 0.027134 0.023644
0 0.30901599999999996 0.839422 0.024234 0.020534
0 0.36456599999999995 0.831466 0.03 0.024088
0 0.4170499999999999 0.823778 0.028834 0.022044
0 0.29478399999999993 0.889156 0.028834 0.0256
0 0.272084 0.9112 0.028834 0.026666
0 0.4476340000000001 0.834556 0.028466 0.023066
0 0.3728340000000001 0.863022 0.028066 0.024622
0 0.34956600000000004 0.882512 0.028466 0.025644
0 0.3265 0.903512 0.028466 0.024622
0 0.40149999999999997 0.960444 0.030666 0.028
0 0.42516599999999993 0.939556 0.029334 0.028
0 0.4365000000000001 0.973112 0.031334 0.032
0 0.44700000000000006 0.917112 0.030334 0.026666
0 0.4684999999999999 0.897778 0.028666 0.029778
0 0.4801660000000001 0.847334 0.029334 0.028444
0 0.4910000000000001 0.878222 0.032334 0.028888
0 0.4593339999999999 0.951778 0.030334 0.034666
0 0.5125 0.858 0.029334 0.027556
0 0.501666 0.91 0.029666 0.030222
0 0.48033400000000004 0.931556 0.030334 0.025334
0 0.525666 0.889778 0.032334 0.028
0 0.5361659999999999 0.922444 0.032 0.029334
0 0.514 0.942444 0.032334 0.030222
0 0.493166 0.964444 0.032 0.028
0 0.4693339999999999 0.984444 0.034334 0.029778
0 0.5455000000000001 0.869778 0.029334 0.030666
0 0.5586660000000001 0.903112 0.031666 0.032444
0 0.5489999999999999 0.955334 0.033 0.032888
0 0.5275000000000001 0.978 0.030666 0.030222
0 0.5703339999999999 0.934444 0.034334 0.029334
0 0.583334 0.967778 0.035 0.033778
0 0.5794999999999999 0.882222 0.030666 0.030666
0 0.5914999999999999 0.913556 0.033334 0.029334
0 0.6054999999999999 0.946666 0.037334 0.035112
0 0.617834 0.980444 0.034666 0.035112
0 0.6883999999999999 0.863912 0.034666 0.026666
0 0.724734 0.877022 0.036666 0.029778
0 0.6327339999999999 0.873466 0.031334 0.032444
0 0.612066 0.893912 0.033334 0.030666
0 0.6484000000000001 0.906134 0.032 0.030222
0 0.6670659999999999 0.886134 0.034666 0.031112
0 0.7023999999999999 0.8968 0.034 0.031112
0 0.7380660000000001 0.909912 0.037334 0.029778
0 0.6272340000000001 0.926134 0.039666 0.028444
0 0.6607339999999999 0.939244 0.032666 0.030666
0 0.6817340000000001 0.917912 0.034666 0.028888
0 0.716234 0.929912 0.034334 0.031556
0 0.7542340000000001 0.9408 0.039 0.032888
0 0.1674659999999999 0.601956 0.0256 0.023466
0 0.1876660000000001 0.586222 0.0276 0.025066
0 0.0968659999999999 0.625422 0.03 0.0256
0 0.027865999999999946 0.673156 0.0272 0.0272
0 0.0504659999999999 0.656888 0.026 0.024534
0 0.07446599999999992 0.641688 0.0276 0.022934
0 0.0788660000000001 0.667556 0.0276 0.0224
0 0.05586599999999997 0.684088 0.0288 0.023466
0 0.032466000000000106 0.700356 0.0284 0.025066
0 0.145416 0.618312 0.025634 0.020444
0 0.23808399999999996 0.581422 0.027634 0.024888
0 0.21589999999999998 0.596978 0.026 0.021334
0 0.19425000000000003 0.611644 0.0287 0.022222
0 0.1724000000000001 0.628088 0.028334 0.023112
0 0.12274999999999991 0.6352 0.026366 0.024888
0 0.1007499999999999 0.649866 0.029634 0.025778
0 0.013749999999999929 0.747866 0.026366 0.022666
0 0.018100000000000005 0.776088 0.025666 0.025778
0 0.037415999999999894 0.730088 0.0263 0.027112
0 0.059250000000000025 0.712312 0.025366 0.027112
0 0.08323400000000003 0.694088 0.026666 0.023556
0 0.15158399999999994 0.6432 0.0293 0.023112
0 0.12941599999999998 0.659866 0.026966 0.022666
0 0.1067340000000001 0.676756 0.027666 0.026222
0 0.26475000000000004 0.588756 0.027634 0.023556
0 0.042750000000000066 0.757866 0.026966 0.024888
0 0.06506600000000007 0.740756 0.027666 0.025334
0 0.08908399999999994 0.721866 0.029634 0.025778
0 0.1119159999999999 0.704756 0.028034 0.028
0 0.1344160000000001 0.687422 0.026966 0.021778
0 0.02306600000000003 0.806978 0.027 0.027112
0 0.048084000000000016 0.7872 0.026366 0.026666
0 0.07208400000000004 0.770312 0.026366 0.025778
0 0.09525000000000006 0.7512 0.028034 0.025778
0 0.6400999999999999 0.687378 0.0288 0.022312
0 0.6709339999999999 0.6966 0.0282 0.020756
0 0.70635 0.707356 0.029966 0.022266
0 0.6193839999999999 0.705422 0.029966 0.023022
0 0.5606340000000001 0.758022 0.029934 0.0284
0 0.57935 0.740734 0.0317 0.024578
0 0.5974999999999999 0.722688 0.032266 0.026888
0 0.6136159999999999 0.749978 0.027634 0.024578
0 0.633216 0.733066 0.0265 0.026134
0 0.651634 0.715022 0.032266 0.026844
0 0.6640159999999999 0.743822 0.028234 0.026134
0 0.68475 0.725022 0.032834 0.029956
0 0.05410000000000004 0.29 0.019666 0.018222
0 0.05726600000000004 0.31 0.022666 0.015556
0 0.06010000000000004 0.328222 0.025666 0.013778
0 0.07126600000000005 0.279112 0.022 0.014222
0 0.07493400000000006 0.296666 0.024666 0.015556
0 0.079766 0.317334 0.023666 0.015112
0 0.4406000000000001 0.339778 0.023334 0.016444
0 0.44710000000000005 0.359778 0.025666 0.017334
0 0.41276599999999997 0.334 0.021666 0.016444
0 0.4226000000000001 0.352666 0.024666 0.015556
0 0.4737659999999999 0.366666 0.025666 0.017778
0 0.4817659999999999 0.388 0.027666 0.016
0 0.509266 0.395334 0.024666 0.015556
0 0.5186 0.416888 0.027334 0.015112
0 0.48843400000000003 0.408222 0.023666 0.016444
0 0.49943399999999993 0.429556 0.025 0.018222
0 0.527434 0.437778 0.025666 0.016
0 0.5559339999999999 0.444666 0.025334 0.017334
0 0.5370999999999999 0.459556 0.025 0.017778
0 0.5670999999999999 0.467112 0.029 0.015112
0 0.40260000000000007 0.366 0.020666 0.017334
0 0.4300999999999999 0.373112 0.024334 0.016444
0 0.4545999999999999 0.38 0.022 0.016
0 0.39576600000000006 0.345334 0.023666 0.016
0 0.378266 0.358666 0.024 0.013334
0 0.35976600000000003 0.371112 0.022334 0.015112
0 0.38559999999999994 0.379778 0.023334 0.016444
0 0.410266 0.386222 0.022 0.014222
0 0.43626600000000004 0.392666 0.026 0.017334
0 0.464434 0.401778 0.024334 0.017778
0 0.509266 0.451556 0.025334 0.016
0 0.5467660000000001 0.481556 0.025 0.018222
0 0.5771 0.489778 0.030334 0.018666
0 0.4725999999999999 0.422666 0.024 0.015112
0 0.4821 0.444444 0.026334 0.016
0 0.4911000000000001 0.465778 0.025666 0.016
0 0.519434 0.473334 0.027 0.016
0 0.556934 0.505112 0.027334 0.018222
0 0.528934 0.495556 0.026666 0.018666
0 0.5001 0.487334 0.026334 0.016444
0 0.5114339999999999 0.511556 0.028334 0.017778
0 0.446766 0.414666 0.026334 0.019556
0 0.4192659999999999 0.406888 0.024666 0.016444
0 0.4277660000000001 0.429112 0.025 0.017334
0 0.45493399999999995 0.436222 0.026 0.019112
0 0.46393400000000007 0.458666 0.025334 0.016
0 0.2407840000000001 0.430312 0.025434 0.017244
0 0.2470159999999999 0.451444 0.0235 0.021112
0 0.2657339999999999 0.360222 0.023534 0.021778
0 0.292616 0.3692 0.0245 0.016622
0 0.27269999999999994 0.382312 0.024934 0.018578
0 0.31806599999999996 0.377822 0.0264 0.018578
0 0.3365499999999999 0.365334 0.024966 0.0192
0 0.3425499999999999 0.383266 0.027366 0.017912
0 0.27869999999999995 0.402466 0.025466 0.021734
0 0.297666 0.389022 0.022066 0.016622
0 0.323566 0.397022 0.024 0.018578
0 0.3499840000000001 0.404066 0.0269 0.018534
0 0.30535 0.410778 0.023034 0.017912
0 0.2851840000000001 0.4236 0.023034 0.0192
0 0.33078399999999997 0.419112 0.0259 0.0192
0 0.3567 0.426156 0.025934 0.017912
0 0.36533400000000005 0.4476 0.025934 0.019822
0 0.33821600000000007 0.4396 0.027366 0.0192
0 0.3125340000000001 0.431578 0.026866 0.021112
0 0.2930999999999999 0.444712 0.028334 0.020444
0 0.31901599999999997 0.452066 0.027366 0.018534
0 0.34613399999999994 0.461022 0.026866 0.018578
0 0.37375 0.469044 0.027366 0.020488
0 0.27295 0.457512 0.025434 0.021778
0 0.2990999999999999 0.467112 0.024934 0.020444
0 0.32693400000000006 0.476066 0.026866 0.020488
0 0.28038399999999997 0.480866 0.024966 0.019866
0 0.35309999999999997 0.483112 0.0264 0.0192
0 0.3799840000000001 0.492088 0.027366 0.0192
0 0.2607839999999999 0.495934 0.0251 0.020488
0 0.30798400000000004 0.490466 0.025434 0.019866
0 0.3339000000000001 0.497844 0.027334 0.020488
0 0.3605339999999999 0.505512 0.026866 0.0192
0 0.38981599999999994 0.513822 0.0307 0.021778
0 0.3708499999999999 0.529512 0.025434 0.021156
0 0.342784 0.522466 0.029766 0.021112
0 0.2674160000000001 0.518644 0.024966 0.021112
0 0.28686600000000007 0.503912 0.0264 0.021156
0 0.3151839999999999 0.512222 0.0283 0.018578
0 0.3245499999999999 0.535288 0.029766 0.0224
0 0.29478399999999993 0.526956 0.027834 0.021112
0 0.2758339999999999 0.541688 0.0312 0.0224
0 0.1955659999999999 0.262444 0.0224 0.017066
0 0.11176600000000003 0.274178 0.0228 0.017066
0 0.093966 0.286712 0.0208 0.016534
0 0.13576600000000005 0.280044 0.0212 0.0192
0 0.15456599999999998 0.270444 0.0228 0.018134
0 0.1775659999999999 0.275778 0.0248 0.0192
0 0.21916599999999997 0.269912 0.0248 0.017066
0 0.16016600000000003 0.287244 0.0244 0.0176
0 0.11676599999999993 0.292312 0.0232 0.016
0 0.14076599999999995 0.299778 0.0216 0.017066
0 0.26156599999999997 0.265644 0.0208 0.017066
0 0.27976599999999996 0.255244 0.0244 0.016534
0 0.28496600000000005 0.273378 0.0212 0.016534
0 0.309566 0.279778 0.0216 0.019734
0 0.3329660000000001 0.286444 0.0236 0.016
0 0.35976600000000003 0.291778 0.0252 0.016
0 0.2015659999999999 0.283244 0.0232 0.016
0 0.18216600000000005 0.296044 0.0244 0.0192
0 0.24296600000000002 0.278178 0.0244 0.0176
0 0.09916600000000009 0.305378 0.024 0.015466
0 0.12056599999999995 0.311778 0.0228 0.016534
0 0.06516600000000006 0.348578 0.0232 0.0208
0 0.10856599999999994 0.343778 0.0236 0.019734
0 0.164566 0.306712 0.0228 0.017066
0 0.20696599999999998 0.300844 0.0244 0.018134
0 0.2261660000000001 0.289912 0.0212 0.016534
0 0.24976599999999993 0.296312 0.0212 0.015466
0 0.29116600000000004 0.291244 0.0216 0.017066
0 0.3169660000000001 0.297378 0.0252 0.016534
0 0.3405659999999999 0.306712 0.0244 0.018134
0 0.367966 0.311512 0.0296 0.0192
0 0.32416599999999995 0.316844 0.0292 0.023466
0 0.2665660000000001 0.285912 0.0244 0.016
0 0.27176599999999995 0.302444 0.0228 0.017066
0 0.29796599999999995 0.311244 0.0256 0.015466
0 0.25476600000000005 0.314712 0.0224 0.0192
0 0.28076600000000007 0.323244 0.0248 0.018134
0 0.23136599999999996 0.308844 0.026 0.014934
0 0.23876600000000003 0.328844 0.0264 0.0176
0 0.21216600000000008 0.319778 0.0244 0.019734
0 0.1895659999999999 0.313644 0.0264 0.017066
0 0.17076599999999997 0.324844 0.0256 0.018134
0 0.38785000000000003 0.587112 0.029766 0.023644
0 0.4368160000000001 0.580066 0.0269 0.024934
0 0.48433400000000004 0.573356 0.026866 0.023066
0 0.6293 0.5532 0.030734 0.019822
0 0.6103339999999999 0.568556 0.0264 0.021112
0 0.3204 0.6092 0.0264 0.023022
0 0.2772159999999999 0.640866 0.027366 0.023688
0 0.27358400000000005 0.710044 0.0249 0.023466
0 0.244016 0.700934 0.027366 0.022134
0 0.222534 0.718534 0.028334 0.023466
0 0.19173400000000007 0.707778 0.028334 0.024088
0 0.17098400000000002 0.725378 0.027834 0.021512
0 0.19878400000000007 0.735778 0.0259 0.021512
0 0.1766000000000001 0.752734 0.0264 0.024134
0 0.1546160000000001 0.771934 0.026366 0.020844
0 0.27258399999999994 0.616244 0.0279 0.020844
0 0.22936599999999996 0.646556 0.030266 0.0228
0 0.18613400000000002 0.680756 0.027866 0.023466
0 0.2076 0.663466 0.0288 0.025422
0 0.31194999999999995 0.583022 0.027366 0.023466
0 0.33418400000000004 0.5674 0.028834 0.024756
0 0.025533999999999946 0.837756 0.0304 0.028666
0 0.05273400000000006 0.8182 0.026866 0.03
0 0.0825499999999999 0.829266 0.027834 0.028666
0 0.1069500000000001 0.810044 0.0279 0.028
0 0.1318999999999999 0.791156 0.027866 0.028
0 0.1372660000000001 0.821134 0.0308 0.030622
0 0.1594500000000001 0.801912 0.0293 0.032534
0 0.18393400000000004 0.7814 0.028334 0.026712
0 0.20711600000000008 0.764444 0.029766 0.025422
0 0.2147159999999999 0.795734 0.0293 0.025422
0 0.1902839999999999 0.813956 0.0303 0.024088
0 0.21466600000000002 0.691156 0.0254 0.026044
0 0.2357340000000001 0.671956 0.028334 0.024088
0 0.22961600000000004 0.748178 0.031766 0.025422
0 0.251066 0.7296 0.026866 0.022134
0 0.26039999999999996 0.7576 0.0298 0.023466
0 0.23645000000000005 0.774888 0.0259 0.025422
0 0.2669840000000001 0.785288 0.0293 0.025422
0 0.244 0.806156 0.029266 0.026712
0 0.0262659999999999 0.524534 0.0252 0.018134
0 0.030065999999999926 0.548512 0.0264 0.021288
0 0.034666000000000086 0.5736 0.026 0.021334
0 0.05186599999999997 0.535444 0.026 0.020756
0 0.05786599999999997 0.5584 0.0244 0.0208
0 0.07406599999999997 0.519466 0.0248 0.021866
0 0.07846599999999992 0.543466 0.0264 0.021866
0 0.571566 0.535312 0.0288 0.022266
0 0.5522659999999999 0.549512 0.025934 0.021512
0 0.5251999999999999 0.541444 0.030534 0.022266
0 0.4748000000000001 0.548756 0.0288 0.02
0 0.505334 0.5572 0.025334 0.021512
0 0.457816 0.5664 0.029366 0.021512
0 0.4099999999999999 0.5718 0.027066 0.023066
0 0.41835 0.664734 0.0311 0.024578
0 0.5272159999999999 0.674712 0.032234 0.023022
0 0.5064839999999999 0.693512 0.029966 0.025334
0 0.5177160000000001 0.719244 0.0271 0.023022
0 0.49554999999999993 0.736912 0.0265 0.023066
0 0.4756659999999999 0.754956 0.027066 0.025378
0 0.45608399999999993 0.773756 0.0317 0.024578
0 0.508216 0.768022 0.0311 0.026888
0 0.5275160000000001 0.749956 0.029366 0.023022
0 0.557466 0.685466 0.025934 0.023022
0 0.5373000000000001 0.703112 0.0282 0.023022
0 0.5758840000000001 0.669712 0.028234 0.023778
0 0.60815 0.677756 0.029366 0.024578
0 0.6257159999999999 0.660888 0.027634 0.023022
0 0.6597 0.670088 0.0334 0.023022
0 0.6795659999999999 0.651666 0.030534 0.021466
0 0.5865340000000001 0.695444 0.0288 0.023066
0 0.6908000000000001 0.681622 0.034534 0.024578
0 0.5681 0.713488 0.0288 0.017644
0 0.5479499999999999 0.729622 0.029966 0.022266
0 0.524416 0.606956 0.0283 0.021112
0 0.10345000000000004 0.936422 0.027634 0.026888
0 0.11008400000000007 0.969066 0.028234 0.026134
0 0.12850000000000006 0.913778 0.027066 0.026134
0 0.1351340000000001 0.947956 0.025334 0.026844
0 0.2634000000000001 0.877622 0.029334 0.025822
0 0.340916 0.850712 0.0273 0.022578
0 0.318816 0.872 0.025366 0.024088
0 0.3960999999999999 0.842512 0.027666 0.025644
0 0.42783400000000005 0.854822 0.031934 0.025644
0 0.28 0.942444 0.029 0.026666
0 0.2549999999999999 0.964666 0.029666 0.028444
0 0.30400000000000005 0.922444 0.030334 0.026666
0 0.31216599999999994 0.956666 0.027334 0.031112
0 0.2886660000000001 0.977112 0.029 0.032888
0 0.3354999999999999 0.934666 0.028666 0.027112
0 0.34416599999999997 0.968888 0.028666 0.029778
0 0.369 0.949334 0.029 0.028
0 0.37833399999999995 0.981778 0.027 0.030666
0 0.359 0.913556 0.030334 0.027556
0 0.38166600000000006 0.894666 0.029666 0.028888
0 0.39166600000000007 0.927334 0.030334 0.028444
0 0.403834 0.874444 0.028666 0.025778
0 0.414666 0.905112 0.029666 0.029334
0 0.436334 0.886666 0.029666 0.025334
0 0.458334 0.864444 0.029 0.027112
0 0.640334 0.958 0.035666 0.031556
0 0.674334 0.971778 0.034334 0.035112
0 0.697166 0.950444 0.034 0.034222
0 0.7316659999999999 0.962444 0.034334 0.032444
0 0.6069 0.811912 0.028334 0.027556
0 0.6612340000000001 0.801688 0.031 0.027556
0 0.5345660000000001 0.839022 0.031 0.029334
0 0.5879000000000001 0.829466 0.031666 0.026222
0 0.5665659999999999 0.8508 0.033 0.033334
0 0.6410659999999999 0.822356 0.033334 0.027112
0 0.6937340000000001 0.814134 0.032 0.029334
0 0.730566 0.824578 0.036334 0.030666
0 0.620066 0.841244 0.033334 0.028444
0 0.602066 0.861688 0.034666 0.029334
0 0.6750659999999999 0.833244 0.034 0.030222
0 0.7075659999999999 0.8448 0.031 0.030222
0 0.7422340000000001 0.858578 0.033 0.032
0 0.6530659999999999 0.853912 0.030666 0.028888
0 0.2015659999999999 0.638312 0.026666 0.021334
0 0.223066 0.621866 0.027 0.024
0 0.17958399999999997 0.654312 0.028034 0.022222
0 0.15674999999999994 0.668978 0.030366 0.023112
0 0.16358399999999995 0.696756 0.028634 0.026222
0 0.14023399999999997 0.7132 0.026 0.027112
0 0.11958399999999991 0.734312 0.028634 0.026666
0 0.12391599999999992 0.761422 0.0293 0.023112
0 0.14825 0.743644 0.027966 0.025778
0 0.10010000000000008 0.777866 0.028334 0.028444
0 0.07689999999999997 0.798088 0.029334 0.028888
0 0.028699999999999948 0.421888 0.021134 0.018444
0 0.05021600000000004 0.409312 0.024234 0.016934
0 0.07001600000000008 0.395222 0.0223 0.0164
0 0.09116600000000008 0.383156 0.023066 0.017956
0 0.07408400000000004 0.416488 0.025034 0.014844
0 0.05390000000000006 0.429066 0.023066 0.017422
0 0.03390000000000004 0.443156 0.025334 0.014844
0 0.013716000000000061 0.456734 0.0273 0.0164
0 0.05968400000000007 0.450844 0.024634 0.016888
0 0.03791600000000006 0.463666 0.024234 0.016934
0 0.09525000000000006 0.404712 0.0227 0.015912
0 0.1000160000000001 0.423934 0.0231 0.014356
0 0.07909999999999995 0.437512 0.021934 0.016888
0 0.10523400000000005 0.444178 0.0242 0.016888
0 0.08426599999999995 0.458778 0.023134 0.0164
0 0.04311599999999993 0.488022 0.0231 0.0164
0 0.02063400000000004 0.501844 0.021866 0.0164
0 0.06891599999999998 0.494956 0.025366 0.018978
0 0.04754999999999998 0.510578 0.023434 0.019466
0 0.01866600000000007 0.621156 0.0256 0.021334
0 0.04186599999999996 0.607288 0.0264 0.0192
0 0.045466000000000006 0.631822 0.0264 0.021334
0 0.02406599999999992 0.647556 0.0268 0.0208
0 0.09206599999999998 0.597688 0.0268 0.021334
0 0.06906600000000007 0.616622 0.0248 0.019734
0 0.13966600000000007 0.591822 0.0268 0.0256
0 0.1190659999999999 0.608888 0.0272 0.020266
0 0.1694659999999999 0.508978 0.028934 0.022134
0 0.18293399999999993 0.472578 0.024134 0.019378
0 0.13763400000000003 0.479956 0.026266 0.021156
0 0.1518839999999999 0.442156 0.026966 0.0212
0 0.17531600000000003 0.532044 0.026966 0.020266
0 0.13149999999999995 0.561066 0.029 0.024888
0 0.013266 0.314222 0.021334 0.014222
0 0.016599999999999948 0.333556 0.021334 0.014666
0 0.020265999999999895 0.352888 0.020666 0.016
0 0.20809999999999995 0.478666 0.023666 0.019556
0 0.22809999999999997 0.465778 0.025 0.018666
0 0.16243399999999997 0.486222 0.023666 0.017778
0 0.188434 0.494666 0.025 0.016
0 0.2541 0.474666 0.022334 0.018666
0 0.23459999999999992 0.487112 0.025334 0.016888
0 0.14243399999999995 0.500222 0.024334 0.015556
0 0.1469339999999999 0.522666 0.024666 0.020444
0 0.1926000000000001 0.516666 0.023334 0.017334
0 0.2136 0.502444 0.024 0.019112
0 0.11526600000000009 0.391334 0.021334 0.015556
0 0.13443399999999994 0.377778 0.021666 0.018666
0 0.14043399999999995 0.399334 0.024334 0.017334
0 0.11943400000000004 0.411334 0.022334 0.014666
0 0.1460999999999999 0.419556 0.024334 0.015112
0 0.1241000000000001 0.432444 0.021666 0.016888
0 0.1309340000000001 0.454888 0.024 0.020888
0 0.030100000000000016 0.283778 0.025 0.015556
0 0.03276600000000007 0.301778 0.023 0.013334
0 0.03709999999999991 0.321112 0.023 0.014666
0 0.03960000000000008 0.340666 0.021334 0.015556
0 0.43626600000000004 0.451112 0.025334 0.017778
0 0.4731000000000001 0.480666 0.025 0.017334
0 0.44526599999999994 0.472444 0.027334 0.016888
0 0.4821 0.503112 0.027 0.016888
0 0.45393400000000006 0.493556 0.024666 0.017334
0 0.4637659999999999 0.517778 0.026334 0.021334
0 0.393934 0.398888 0.022666 0.014666
0 0.40243399999999996 0.420222 0.026334 0.017334
0 0.41043399999999997 0.442 0.025666 0.019112
0 0.4174340000000001 0.463556 0.025666 0.014222
0 0.4260999999999999 0.485112 0.024334 0.019112
0 0.436766 0.509334 0.027 0.018666
0 0.3667659999999999 0.391112 0.023 0.016888
0 0.373934 0.412222 0.022666 0.017334
0 0.38276599999999994 0.433112 0.024334 0.016444
0 0.39043399999999995 0.456 0.025 0.019556
0 0.39943400000000007 0.478222 0.025666 0.017778
0 0.4069339999999999 0.5 0.025334 0.018666
0 0.41876599999999997 0.524222 0.027666 0.018222
0 0.1589339999999999 0.382956 0.022066 0.019866
0 0.165184 0.406312 0.020166 0.016622
0 0.1783840000000001 0.373666 0.022566 0.016666
0 0.1836500000000001 0.392534 0.022566 0.016
0 0.19901600000000008 0.3612 0.0245 0.019822
0 0.221584 0.367912 0.0235 0.017956
0 0.24198399999999998 0.353844 0.0259 0.017912
0 0.2026159999999999 0.380066 0.0221 0.014088
0 0.2287840000000001 0.389044 0.0235 0.017912
0 0.248934 0.374956 0.0264 0.016666
0 0.209584 0.400534 0.0235 0.0192
0 0.19013400000000003 0.413334 0.024 0.0192
0 0.16949999999999998 0.427756 0.026866 0.018534
0 0.215584 0.421666 0.023034 0.016666
0 0.19541600000000003 0.435756 0.024966 0.017912
0 0.1529339999999999 0.546556 0.024466 0.020666
0 0.18053399999999997 0.553822 0.025934 0.0224
0 0.2007000000000001 0.5404 0.027866 0.0224
0 0.2203839999999999 0.525356 0.0259 0.021734
0 0.24198399999999998 0.509688 0.0259 0.0224
0 0.24724999999999997 0.533356 0.027834 0.024934
0 0.22829999999999995 0.550312 0.029266 0.021778
0 0.22133399999999992 0.442466 0.025934 0.021112
0 0.233584 0.409512 0.0235 0.017956
0 0.25350000000000006 0.394466 0.027866 0.018534
0 0.260216 0.416222 0.0259 0.018578
0 0.368166 0.601822 0.0288 0.0224
0 0.418334 0.596066 0.030266 0.023688
0 0.3477840000000001 0.617822 0.030234 0.024978
0 0.328816 0.6332 0.0307 0.024978
0 0.25753399999999993 0.657512 0.027334 0.023644
0 0.2642659999999999 0.684066 0.0264 0.023066
0 0.4658659999999999 0.589334 0.0312 0.0256
0 0.5321 0.5676 0.028334 0.023022
0 0.5817840000000001 0.558956 0.032634 0.021112
0 0.560416 0.575912 0.0283 0.023022
0 0.5148159999999999 0.581044 0.0293 0.024312
0 0.3787339999999999 0.628378 0.027866 0.024312
0 0.3991340000000001 0.611756 0.027334 0.024312
0 0.2865660000000001 0.6668 0.026866 0.028178
0 0.44665 0.605688 0.0283 0.0224
0 0.3086500000000001 0.651422 0.029766 0.0256
0 0.3146500000000001 0.678 0.0283 0.026222
0 0.641534 0.5756 0.027334 0.018578
0 0.5436160000000001 0.591266 0.030234 0.020488
0 0.4965839999999999 0.597356 0.030234 0.023688
0 0.42626600000000003 0.619444 0.0288 0.024312
0 0.3573839999999999 0.643112 0.027366 0.023022
0 0.33529999999999993 0.659756 0.028334 0.023066
0 0.34488399999999997 0.687912 0.027366 0.024356
0 0.3650500000000001 0.669978 0.027366 0.024312
0 0.3940999999999999 0.679578 0.031666 0.024312
0 0.3849659999999999 0.653022 0.026866 0.024978
0 0.4051340000000001 0.637044 0.027866 0.021112
0 0.43488400000000005 0.646622 0.027834 0.0224
0 0.4761660000000001 0.614622 0.0336 0.024978
0 0.45578399999999997 0.630956 0.030234 0.023066
0 0.44473399999999996 0.673822 0.0264 0.023022
0 0.5930500000000001 0.583912 0.0293 0.0224
0 0.6211340000000001 0.594778 0.029734 0.021112
0 0.28553399999999995 0.575534 0.022534 0.0228
0 0.24398399999999998 0.606488 0.023434 0.019556
0 0.25056600000000007 0.630266 0.023934 0.020178
0 0.09046599999999994 0.481844 0.0264 0.020222
0 0.09446599999999994 0.504534 0.0248 0.019734
0 0.09866599999999992 0.527734 0.0284 0.020266
0 0.1050660000000001 0.552 0.022 0.019734
0 0.08326600000000006 0.567466 0.0272 0.019734
0 0.38166600000000006 0.561644 0.0244 0.022934
0 0.42826600000000004 0.554712 0.028 0.021866
0 0.29286600000000007 0.599512 0.026 0.022934
0 0.299466 0.626178 0.0256 0.019734
0 0.3406659999999999 0.593912 0.0256 0.0224
0 0.28186599999999995 0.740044 0.0288 0.024534
0 0.295666 0.693378 0.0268 0.024
0 0.3024659999999999 0.721112 0.0268 0.025066
0 0.3128660000000001 0.749644 0.03 0.0224
0 0.289266 0.767244 0.026 0.023466
0 0.297666 0.796578 0.0284 0.026666
0 0.3246659999999999 0.704844 0.0256 0.024534
0 0.3326659999999999 0.731778 0.0288 0.025066
0 0.34146600000000005 0.760578 0.028 0.024
0 0.319466 0.779244 0.0296 0.025066
0 0.3612660000000001 0.577912 0.026 0.023466
0 0.3548659999999999 0.714978 0.0276 0.0224
0 0.3628659999999999 0.743778 0.0252 0.024534
0 0.35166600000000003 0.790178 0.0292 0.026666
0 0.376066 0.698712 0.0284 0.024
0 0.384066 0.725112 0.0284 0.0256
0 0.40586600000000006 0.708044 0.028 0.023466
0 0.414466 0.735244 0.0284 0.023466
0 0.37166600000000005 0.773912 0.0268 0.025066
0 0.39286599999999994 0.753378 0.03 0.024534
0 0.4032659999999999 0.782444 0.0292 0.021866
0 0.424666 0.762978 0.0288 0.024534
0 0.4258660000000001 0.690178 0.0264 0.024
0 0.43426600000000004 0.717912 0.0296 0.026134
0 0.4458660000000001 0.746178 0.032 0.022934
0 0.4756659999999999 0.6816 0.0282 0.021512
0 0.4555 0.700822 0.027066 0.023066
0 0.4860340000000001 0.708488 0.030534 0.023022
0 0.465584 0.727688 0.032234 0.023022
0 0.619084 0.527644 0.029366 0.023822
0 0.5998000000000001 0.543378 0.027666 0.021512
0 0.7193160000000001 0.736534 0.0409 0.028444
0 0.12283400000000011 0.511288 0.0228 0.023022
0 0.12591599999999992 0.537556 0.0277 0.022134
0 0.11766600000000005 0.490556 0.024866 0.022088
