0 0.920612 0.03516600000000003 0.0267 0.0379
0 0.920606 0.1046419999999999 0.027562 0.03675
0 0.920826 0.17212399999999994 0.028 0.036184
0 0.872806 0.13680000000000003 0.027562 0.0356
0 0.872588 0.0687580000000001 0.02885 0.038484
0 0.823488 0.032008000000000036 0.02885 0.037316
0 0.777838 0.06760799999999989 0.026274 0.037316
0 0.825432 0.10177600000000009 0.027562 0.03675
0 0.72745 0.030858000000000052 0.02885 0.039616
0 0.679862 0.06473400000000007 0.028426 0.035034
0 0.630762 0.027992000000000017 0.028426 0.036184
0 0.533212 0.029133999999999993 0.028 0.037334
0 0.435444 0.025408000000000097 0.028862 0.03675
0 0.338974 0.022815999999999947 0.027124 0.035034
0 0.293106 0.05784199999999995 0.027562 0.033884
0 0.249394 0.09115800000000007 0.027138 0.033884
0 0.255856 0.1629339999999999 0.025412 0.036166
0 0.299994 0.12876599999999994 0.025838 0.032166
0 0.345432 0.09373399999999998 0.025412 0.0356
0 0.389574 0.0604340000000001 0.0267 0.0356
0 0.26425 0.2286840000000001 0.02585 0.0356
0 0.351462 0.16120800000000002 0.027124 0.033884
0 0.357062 0.23098400000000008 0.027124 0.034466
0 0.3969 0.1290579999999999 0.027576 0.033884
0 0.401206 0.19710000000000005 0.026712 0.032166
0 0.441262 0.09575800000000001 0.0267 0.038484
0 0.446856 0.16494999999999993 0.027562 0.0356
0 0.487132 0.0604340000000001 0.027138 0.034466
0 0.492094 0.13307599999999997 0.029312 0.036184
0 0.4966 0.1999660000000001 0.02885 0.0356
0 0.538374 0.09689999999999999 0.026274 0.037334
0 0.542468 0.16637600000000008 0.027562 0.036184
0 0.584032 0.0612919999999999 0.027138 0.033884
0 0.587694 0.1322080000000001 0.027562 0.03445
0 0.634206 0.09833399999999992 0.030138 0.0402
0 0.636362 0.16695799999999994 0.03015 0.039616
0 0.681794 0.1322080000000001 0.028862 0.03905
0 0.728524 0.10119999999999996 0.027576 0.0356
0 0.731544 0.1692579999999999 0.025838 0.031584
0 0.77805 0.13537599999999994 0.0267 0.039616
0 0.826076 0.1704000000000001 0.026274 0.035034
0 0.87345 0.20255800000000002 0.02455 0.036184
0 0.921688 0.2390159999999999 0.02455 0.0333
0 0.921468 0.3059259999999999 0.024988 0.036184
0 0.874744 0.2711840000000001 0.028862 0.0379
0 0.828656 0.2370159999999999 0.025412 0.032734
0 0.780426 0.20313399999999993 0.026274 0.032734
0 0.82995 0.30505800000000005 0.026274 0.03445
0 0.782356 0.27174999999999994 0.029288 0.0356
0 0.735418 0.23730000000000007 0.029288 0.0333
0 0.685888 0.20198399999999994 0.02585 0.035034
0 0.687826 0.2697419999999999 0.026274 0.033884
0 0.64045 0.23470799999999992 0.0254 0.033884
0 0.642818 0.3007580000000001 0.024988 0.029284
0 0.591788 0.20111600000000007 0.026274 0.0356
0 0.596306 0.26744199999999996 0.026712 0.033884
0 0.546562 0.2329920000000001 0.026274 0.033884
0 0.550218 0.2993159999999999 0.027562 0.0333
0 0.5007 0.266008 0.028426 0.03445
0 0.452244 0.23098400000000008 0.026262 0.032166
0 0.455906 0.2975920000000001 0.027562 0.03445
0 0.407018 0.2645759999999999 0.027988 0.033884
0 0.312962 0.2611079999999999 0.027126 0.032116
0 0.268988 0.294716 0.029276 0.0356
0 0.276526 0.3590420000000001 0.027124 0.03215
0 0.319376 0.32716600000000007 0.024976 0.033866
0 0.363956 0.29586599999999996 0.029712 0.0333
0 0.284918 0.42507399999999995 0.025838 0.033316
0 0.327124 0.39235 0.028424 0.0356
0 0.36955 0.36250800000000005 0.028 0.03565
0 0.411332 0.33003399999999994 0.027138 0.032734
0 0.419074 0.39492400000000005 0.02455 0.031584
0 0.461068 0.3630580000000001 0.025838 0.033316
0 0.374932 0.427084 0.025838 0.035034
0 0.466238 0.426226 0.024126 0.03215
0 0.506294 0.3346340000000001 0.027562 0.035034
0 0.509306 0.394358 0.024988 0.031584
0 0.553888 0.3662160000000001 0.026274 0.035034
0 0.597382 0.3326260000000001 0.025412 0.03675
0 0.602338 0.39779999999999993 0.0267 0.032734
0 0.64605 0.36650000000000005 0.027126 0.0333
0 0.736712 0.30362599999999995 0.0267 0.033884
0 0.690844 0.33610000000000007 0.025412 0.0368
0 0.693638 0.399516 0.024976 0.032734
0 0.737788 0.3682240000000001 0.026274 0.03675
0 0.783006 0.336066 0.027138 0.0379
0 0.875388 0.33693400000000007 0.02585 0.032734
0 0.831244 0.3682240000000001 0.027138 0.03215
0 0.921468 0.36995 0.024988 0.029866
0 0.875606 0.4009579999999999 0.025412 0.031016
0 0.922762 0.43484199999999995 0.02585 0.03445
0 0.876462 0.4655579999999999 0.027124 0.033884
0 0.831026 0.432542 0.028426 0.03445
0 0.7858 0.39980799999999994 0.028426 0.03445
0 0.922332 0.49772400000000006 0.024988 0.031584
0 0.923194 0.558592 0.024112 0.029284
0 0.924268 0.6214660000000001 0.025412 0.031
0 0.878618 0.528726 0.025412 0.031584
0 0.8784 0.5893079999999999 0.024124 0.03215
0 0.879044 0.6478839999999999 0.023688 0.0287
0 0.83145 0.49336599999999997 0.0241 0.030934
0 0.831888 0.5548580000000001 0.0267 0.03215
0 0.834038 0.6206 0.0267 0.030434
0 0.791618 0.6490340000000001 0.028862 0.0333
0 0.789682 0.5887340000000001 0.025838 0.029866
0 0.788818 0.525274 0.027562 0.031584
0 0.786638 0.4635499999999999 0.029224 0.034466
0 0.7408 0.43225 0.030576 0.037334
0 0.742306 0.491684 0.026712 0.0333
0 0.745318 0.556 0.025838 0.0356
0 0.7464 0.618026 0.028 0.03445
0 0.704194 0.6476 0.028862 0.032734
0 0.700956 0.5864419999999999 0.027562 0.03215
0 0.699456 0.5252840000000001 0.027138 0.036166
0 0.696656 0.462974 0.029288 0.03675
0 0.649706 0.42995000000000005 0.025838 0.032734
0 0.651862 0.4922580000000001 0.024126 0.031016
0 0.65465 0.5537080000000001 0.0263 0.03215
0 0.658538 0.615434 0.027124 0.030434
0 0.615044 0.643866 0.027138 0.027566
0 0.61095 0.584424 0.02585 0.029284
0 0.609232 0.5229919999999999 0.029288 0.031584
0 0.604926 0.4606840000000001 0.028426 0.0333
0 0.557544 0.4285159999999999 0.024988 0.029866
0 0.560776 0.490834 0.0254 0.032734
0 0.566376 0.549976 0.027124 0.029284
0 0.570038 0.6131420000000001 0.0267 0.033884
0 0.515338 0.45924199999999993 0.027576 0.035016
0 0.518356 0.5204 0.027562 0.0333
0 0.522012 0.5832839999999999 0.02455 0.030434
0 0.526532 0.642434 0.025838 0.030434
0 0.480024 0.614284 0.028426 0.032734
0 0.475712 0.551992 0.028426 0.031016
0 0.470544 0.4899659999999999 0.025838 0.0333
0 0.422738 0.45608399999999993 0.0267 0.031
0 0.428344 0.5204 0.027562 0.0333
0 0.436526 0.64185 0.028424 0.036166
0 0.39345 0.6137159999999999 0.0267 0.039634
0 0.38635 0.5494000000000001 0.028 0.035034
0 0.38075 0.4902500000000001 0.027124 0.038466
0 0.333588 0.458666 0.032724 0.040766
0 0.337682 0.5175259999999999 0.027138 0.03445
0 0.34565 0.5789759999999999 0.028426 0.031016
0 0.290306 0.4870920000000001 0.024538 0.033316
0 0.297412 0.5465340000000001 0.024974 0.030434
0 0.348018 0.637834 0.023688 0.030434
