0 0.12737599999999993 0.64705 0.14745 0.1083
0 0.131942 0.437274 0.138316 0.1083
0 0.141826 0.234338 0.13985 0.0969
0 0.1471420000000001 0.055912 0.129216 0.088926
0 0.406334 0.143126 0.124666 0.0855
0 0.6655 0.23835 0.138334 0.09345
0 0.936766 0.342268 0.126466 0.095012
0 0.9231499999999999 0.151856 0.1309 0.087888
0 0.6592420000000001 0.054868 0.133016 0.087088
0 0.7118660000000001 0.891594 0.161134 0.111738
0 0.12129199999999996 0.881332 0.14745 0.104888
0 0.6943839999999999 0.660732 0.141366 0.108312
0 0.4101159999999999 0.769038 0.156566 0.1083
0 0.4055580000000001 0.335238 0.138316 0.095774
0 0.40480000000000005 0.544444 0.1429 0.101462
0 0.689816 0.445256 0.141366 0.101462
