0 0.736886 0.492926 0.036608 0.03897
0 0.382988 0.35224999999999995 0.036556 0.039024
0 0.422482 0.35224999999999995 0.036556 0.039024
0 0.404254 0.38748000000000005 0.036556 0.039024
0 0.364254 0.38748000000000005 0.036556 0.039024
0 0.28 0.02479600000000004 0.036556 0.03897
0 0.26076 0.06002799999999997 0.036556 0.03897
0 0.32 0.023711999999999955 0.036556 0.03897
0 0.301266 0.0616540000000001 0.036556 0.03897
0 0.282026 0.09525800000000006 0.036556 0.03897
0 0.362026 0.023711999999999955 0.036556 0.03897
0 0.341772 0.06382200000000005 0.036556 0.03897
0 0.323544 0.0985100000000001 0.036556 0.03897
0 0.305822 0.1353660000000001 0.036556 0.03897
0 0.284556 0.17005399999999993 0.036556 0.03897
0 0.400506 0.024253999999999998 0.036556 0.03897
0 0.380254 0.06328 0.036556 0.03897
0 0.362532 0.09959399999999996 0.036556 0.03897
0 0.343292 0.13590799999999992 0.036556 0.03897
0 0.322532 0.16842800000000002 0.036556 0.03897
0 0.303798 0.20582600000000006 0.036556 0.03897
0 0.442026 0.02479600000000004 0.036556 0.03897
0 0.421266 0.061112000000000055 0.036556 0.03897
0 0.402532 0.09580000000000011 0.036556 0.03897
0 0.382784 0.1353660000000001 0.036556 0.03897
0 0.361518 0.17168000000000005 0.036556 0.03897
0 0.342278 0.20474199999999998 0.036556 0.03897
0 0.323544 0.24430799999999997 0.036556 0.03897
0 0.303292 0.2789980000000001 0.036556 0.03897
0 0.481518 0.023169999999999913 0.036556 0.03897
0 0.461772 0.0616540000000001 0.036556 0.03897
0 0.442532 0.09580000000000011 0.036556 0.03897
0 0.421266 0.134282 0.036556 0.03897
0 0.40405 0.171138 0.036556 0.03897
0 0.381266 0.20528400000000002 0.036556 0.03897
0 0.361518 0.24268200000000006 0.036556 0.03897
0 0.343292 0.28170800000000007 0.036556 0.03897
0 0.322532 0.31422799999999995 0.036556 0.03897
0 0.521012 0.023169999999999913 0.036556 0.03897
0 0.49924 0.05948599999999993 0.036556 0.03897
0 0.480506 0.09471600000000002 0.036556 0.03897
0 0.459746 0.134282 0.036556 0.03897
0 0.560506 0.023711999999999955 0.036556 0.03897
0 0.539746 0.05731799999999998 0.036556 0.03897
0 0.522532 0.0985100000000001 0.036556 0.03897
0 0.499746 0.1326560000000001 0.036556 0.03897
0 0.479494 0.17059599999999997 0.036556 0.03897
0 0.441518 0.17168000000000005 0.036556 0.03897
0 0.420254 0.207994 0.036556 0.03897
0 0.462784 0.20582600000000006 0.036556 0.03897
0 0.401518 0.24268200000000006 0.036556 0.03897
0 0.442026 0.24539200000000005 0.036556 0.03897
0 0.381772 0.28279199999999993 0.036556 0.03897
0 0.420254 0.28170800000000007 0.036556 0.03897
0 0.362026 0.31477 0.036556 0.03897
0 0.402026 0.3158540000000001 0.036556 0.03897
0 0.44 0.31477 0.036556 0.03897
0 0.597974 0.02479600000000004 0.036556 0.03897
0 0.578734 0.06057000000000001 0.036556 0.03897
0 0.558988 0.09580000000000011 0.036556 0.03897
0 0.638988 0.024253999999999998 0.036556 0.03897
0 0.620254 0.05948599999999993 0.036556 0.03897
0 0.600506 0.09580000000000011 0.036556 0.03897
0 0.540254 0.1326560000000001 0.036556 0.03897
0 0.579746 0.13102999999999998 0.036556 0.03897
0 0.52 0.17005399999999993 0.036556 0.03897
0 0.501266 0.2063680000000001 0.036556 0.03897
0 0.483544 0.24430799999999997 0.036556 0.03897
0 0.45924 0.27845600000000004 0.036556 0.03897
0 0.561518 0.171138 0.036556 0.03897
0 0.538228 0.2063680000000001 0.036556 0.03897
0 0.52 0.24268200000000006 0.036556 0.03897
0 0.795444 0.023169999999999913 0.036556 0.03897
0 0.716456 0.023711999999999955 0.036556 0.03897
0 0.678482 0.022628000000000092 0.036556 0.03897
0 0.659444 0.06119199999999991 0.036556 0.039024
0 0.63919 0.09696400000000005 0.036556 0.039024
0 0.69833 0.059971999999999914 0.036556 0.03897
0 0.679468 0.09406599999999998 0.036608 0.03897
0 0.61995 0.13064999999999993 0.036556 0.03897
0 0.658836 0.13124599999999997 0.036556 0.03897
0 0.59995 0.16910599999999998 0.036556 0.039024
0 0.641164 0.1665859999999999 0.036556 0.03897
0 0.579898 0.204418 0.036556 0.03897
0 0.621722 0.2063140000000001 0.036556 0.03897
0 0.559848 0.2428999999999999 0.036556 0.03897
0 0.602886 0.24352400000000007 0.036556 0.039024
0 0.639392 0.24225000000000008 0.036556 0.03897
0 0.660608 0.20506800000000003 0.036556 0.03897
0 0.68005 0.17037999999999998 0.036556 0.03897
0 0.699494 0.13124599999999997 0.036556 0.03897
0 0.717772 0.09593399999999996 0.036556 0.039024
0 0.740152 0.058726000000000056 0.036556 0.03897
0 0.75724 0.0984560000000001 0.036608 0.03897
0 0.737798 0.13189800000000007 0.036608 0.03897
0 0.717772 0.16783199999999998 0.036556 0.03897
0 0.701266 0.204418 0.036556 0.03897
0 0.680658 0.24414599999999997 0.036556 0.03897
0 0.663544 0.27569200000000005 0.036556 0.03897
0 0.621114 0.27758799999999995 0.036556 0.03897
0 0.580482 0.27631399999999995 0.036608 0.039024
0 0.540406 0.2782119999999999 0.036556 0.039024
0 0.502126 0.2794859999999999 0.036556 0.03897
0 0.481518 0.3135239999999999 0.036556 0.03897
0 0.520962 0.3135239999999999 0.036556 0.03897
0 0.561038 0.31289999999999996 0.036608 0.039024
0 0.602278 0.31542000000000003 0.036556 0.03897
0 0.639392 0.31856400000000007 0.036556 0.03897
0 0.620556 0.351356 0.036556 0.03897
0 0.581064 0.34948599999999996 0.036556 0.039024
0 0.540406 0.3501080000000001 0.036556 0.03897
0 0.500354 0.34821199999999997 0.036556 0.03897
0 0.461468 0.35073200000000004 0.036556 0.039024
0 0.442632 0.38793999999999995 0.036556 0.03897
0 0.483848 0.3860699999999999 0.036556 0.039024
0 0.524506 0.3854200000000001 0.036556 0.039024
0 0.564 0.38731800000000005 0.036556 0.039024
0 0.603444 0.38731800000000005 0.036556 0.039024
0 0.082582 0.527318 0.036556 0.039024
0 0.147646 0.623388 0.036556 0.03897
0 0.421164 0.42544800000000005 0.036556 0.03897
0 0.463594 0.4241999999999999 0.036556 0.03897
0 0.502482 0.4248240000000001 0.036556 0.039024
0 0.541368 0.42544800000000005 0.036556 0.03897
0 0.581418 0.4229259999999999 0.036556 0.039024
0 0.402886 0.45699200000000006 0.036556 0.03897
0 0.443544 0.4601360000000001 0.036556 0.03897
0 0.483038 0.4582379999999999 0.036556 0.03897
0 0.521924 0.45699200000000006 0.036556 0.03897
0 0.56081 0.4601360000000001 0.036556 0.03897
0 0.424102 0.492926 0.036556 0.03897
0 0.463594 0.49482399999999993 0.036556 0.03897
0 0.502482 0.492926 0.036556 0.03897
0 0.54314 0.49607 0.036556 0.03897
0 0.483594 0.530162 0.036556 0.03897
0 0.523088 0.5307580000000001 0.036556 0.03897
0 0.504254 0.569242 0.036556 0.03897
0 0.952026 0.019918000000000102 0.036608 0.03897
0 0.816506 0.060894000000000004 0.036556 0.03897
0 0.797064 0.09371200000000002 0.036556 0.039024
0 0.834178 0.09558200000000006 0.036556 0.03897
0 0.874228 0.09558200000000006 0.036556 0.03897
0 0.932582 0.058373999999999926 0.036608 0.039024
0 0.971468 0.05712800000000007 0.036608 0.039024
0 0.952026 0.0930899999999999 0.036608 0.03897
0 0.912556 0.0930899999999999 0.036556 0.03897
0 0.775746 0.13355000000000006 0.036556 0.039024
0 0.75686 0.16886200000000007 0.036556 0.03897
0 0.737418 0.2048239999999999 0.036556 0.039024
0 0.717974 0.2414099999999999 0.036556 0.039024
0 0.815798 0.13165399999999994 0.036556 0.039024
0 0.796354 0.166342 0.036556 0.039024
0 0.777518 0.2060979999999999 0.036556 0.03897
0 0.853518 0.13227600000000006 0.036556 0.03897
0 0.75686 0.2401359999999999 0.036556 0.03897
0 0.892962 0.13102999999999998 0.036556 0.03897
0 0.933038 0.13040600000000002 0.036608 0.039024
0 0.96957 0.13040600000000002 0.036556 0.039024
0 0.951292 0.24265599999999998 0.036556 0.039024
0 0.913012 0.2414099999999999 0.036556 0.039024
0 0.873518 0.238888 0.036556 0.03897
0 0.83524 0.24078599999999994 0.036556 0.03897
0 0.796962 0.24203200000000002 0.036556 0.03897
0 0.834632 0.16886200000000007 0.036556 0.03897
0 0.814026 0.20419999999999994 0.036556 0.03897
0 0.875898 0.167616 0.036556 0.03897
0 0.854076 0.201654 0.036556 0.03897
0 0.91124 0.16699200000000003 0.036556 0.039024
0 0.894178 0.2035499999999999 0.036556 0.03897
0 0.952482 0.166342 0.036608 0.039024
0 0.933038 0.20230400000000004 0.036608 0.03897
0 0.971924 0.201654 0.036608 0.03897
0 0.700532 0.279242 0.036608 0.039024
0 0.67924 0.3130900000000001 0.036556 0.03897
0 0.658 0.35078600000000004 0.036608 0.039024
0 0.64038 0.3859079999999999 0.036608 0.039024
0 0.620354 0.42428200000000005 0.036556 0.039024
0 0.601494 0.45680199999999993 0.036608 0.039024
0 0.580202 0.4945520000000001 0.036556 0.03897
0 0.56319 0.530948 0.036556 0.039024
0 0.542532 0.568022 0.036556 0.039024
0 0.73757 0.27861800000000003 0.036556 0.03897
0 0.717544 0.3117620000000001 0.036608 0.039024
0 0.697468 0.34951200000000004 0.036556 0.03897
0 0.679874 0.38528399999999996 0.036608 0.03897
0 0.659216 0.422358 0.036608 0.03897
0 0.641594 0.4607319999999999 0.036608 0.03897
0 0.620354 0.4945520000000001 0.036556 0.03897
0 0.603292 0.5296479999999999 0.036556 0.039024
0 0.581418 0.56477 0.036556 0.039024
0 0.562608 0.604444 0.036608 0.039024
0 0.775038 0.2823580000000001 0.036556 0.03897
0 0.816178 0.2776700000000001 0.036608 0.039024
0 0.855544 0.27861800000000003 0.036556 0.03897
0 0.894936 0.27485000000000004 0.036556 0.039024
0 0.934278 0.2767200000000001 0.036556 0.03897
0 0.97281 0.2767200000000001 0.036556 0.03897
0 0.755798 0.31138200000000005 0.036556 0.039024
0 0.79605 0.31233 0.036556 0.03897
0 0.837164 0.31233 0.036556 0.03897
0 0.87567 0.31138200000000005 0.036608 0.039024
0 0.915038 0.3104340000000001 0.036556 0.03897
0 0.951798 0.3104340000000001 0.036556 0.03897
0 0.736886 0.3477779999999999 0.036608 0.03897
0 0.717924 0.3844719999999999 0.036556 0.03897
0 0.696784 0.42192399999999997 0.036608 0.03897
0 0.679292 0.45547399999999993 0.036556 0.03897
0 0.658126 0.492926 0.036556 0.03897
0 0.640658 0.5304059999999999 0.036556 0.039024
0 0.62243 0.565528 0.036556 0.039024
0 0.602 0.602196 0.036608 0.03897
0 0.579392 0.64046 0.036556 0.03897
0 0.775544 0.3493219999999999 0.036556 0.039024
0 0.758026 0.3844719999999999 0.036556 0.03897
0 0.73833 0.419594 0.036556 0.03897
0 0.717216 0.45547399999999993 0.036556 0.03897
0 0.698228 0.49374000000000007 0.036556 0.03897
0 0.679292 0.5304059999999999 0.036556 0.039024
0 0.660354 0.5647420000000001 0.036556 0.03897
0 0.638482 0.603008 0.036556 0.03897
0 0.619494 0.6396740000000001 0.036556 0.039024
0 0.815646 0.3501080000000001 0.036556 0.03897
0 0.795216 0.3860159999999999 0.036608 0.039024
0 0.774784 0.421138 0.036556 0.039024
0 0.756556 0.45547399999999993 0.036556 0.03897
0 0.341974 0.35224999999999995 0.036556 0.039024
0 0.716456 0.52729 0.036556 0.03897
0 0.698988 0.5670999999999999 0.036556 0.039024
0 0.679292 0.599078 0.036556 0.039024
0 0.659594 0.634986 0.036556 0.03897
0 0.638482 0.673252 0.036556 0.03897
0 0.85357 0.35400999999999994 0.036556 0.03897
0 0.89367 0.34935000000000005 0.036556 0.03897
0 0.934482 0.345448 0.036556 0.03897
0 0.915494 0.38604400000000005 0.036556 0.03897
0 0.873216 0.38368599999999997 0.036556 0.039024
0 0.83676 0.38604400000000005 0.036556 0.03897
0 0.816354 0.419594 0.036556 0.03897
0 0.854278 0.42192399999999997 0.036556 0.03897
0 0.895088 0.419594 0.036556 0.03897
0 0.874684 0.459376 0.036556 0.03897
0 0.833114 0.45704600000000006 0.036556 0.03897
0 0.794482 0.459376 0.036556 0.03897
0 0.776254 0.4944980000000001 0.036556 0.03897
0 0.757266 0.5311920000000001 0.036556 0.03897
0 0.740506 0.566314 0.036556 0.03897
0 0.720102 0.6014360000000001 0.036556 0.03897
0 0.699696 0.6373439999999999 0.036556 0.039024
0 0.68 0.672466 0.036556 0.039024
0 0.701164 0.7083740000000001 0.036556 0.03897
0 0.720836 0.673252 0.036608 0.03897
0 0.73686 0.6373439999999999 0.036556 0.039024
0 0.757266 0.602222 0.036556 0.039024
0 0.77843 0.566314 0.036556 0.03897
0 0.797368 0.528076 0.036556 0.039024
0 0.816354 0.4914099999999999 0.036556 0.03897
0 0.853518 0.49216799999999994 0.036556 0.03897
0 0.835292 0.5288619999999999 0.036556 0.03897
0 0.817822 0.5631980000000001 0.036556 0.039024
0 0.797368 0.599864 0.036556 0.03897
0 0.776962 0.636558 0.036556 0.03897
0 0.757266 0.67401 0.036556 0.03897
0 0.971646 0.34699199999999997 0.036556 0.039024
0 0.952708 0.3844719999999999 0.036556 0.03897
0 0.932278 0.4227099999999999 0.036608 0.039024
0 0.912608 0.45861799999999997 0.036556 0.03897
0 0.89362 0.49607 0.036556 0.03897
0 0.874684 0.528076 0.036556 0.039024
0 0.854988 0.565556 0.036556 0.03897
0 0.83676 0.6014360000000001 0.036556 0.03897
0 0.817822 0.634986 0.036556 0.03897
0 0.797368 0.67168 0.036556 0.03897
0 0.777722 0.709946 0.036556 0.03897
0 0.818532 0.7091320000000001 0.036556 0.03897
0 0.834582 0.67401 0.036556 0.03897
0 0.855746 0.6373439999999999 0.036556 0.039024
0 0.875392 0.603766 0.036556 0.03897
0 0.89362 0.565556 0.036556 0.03897
0 0.91405 0.5296479999999999 0.036608 0.039024
0 0.933012 0.4944980000000001 0.036556 0.03897
0 0.95195 0.456288 0.036556 0.03897
0 0.970936 0.42038 0.036556 0.039024
0 0.970886 0.4908680000000001 0.036556 0.03897
0 0.95367 0.5304059999999999 0.036556 0.039024
0 0.932406 0.5672900000000001 0.036556 0.03897
0 0.912658 0.60252 0.036556 0.03897
0 0.892406 0.638808 0.036556 0.039024
0 0.87519 0.673524 0.036556 0.03897
0 0.85443 0.710922 0.036556 0.03897
0 0.972912 0.564038 0.036556 0.03897
0 0.95367 0.6019779999999999 0.036556 0.03897
0 0.933418 0.638808 0.036556 0.039024
0 0.91367 0.673524 0.036556 0.03897
0 0.89443 0.709268 0.036556 0.039024
0 0.971898 0.6393759999999999 0.036556 0.03897
0 0.951646 0.6751499999999999 0.036556 0.03897
0 0.932406 0.711978 0.036556 0.039024
0 0.971898 0.7114640000000001 0.036556 0.03897
