0 0.25225999999999993 0.36645 0.06483 0.058544
0 0.2873239999999999 0.415068 0.071446 0.056562
0 0.346862 0.410108 0.068802 0.060528
0 0.257552 0.479068 0.059532 0.059542
0 0.22116599999999997 0.425982 0.050274 0.058544
0 0.19140000000000001 0.370416 0.059544 0.060538
0 0.13384799999999997 0.376866 0.050274 0.059532
0 0.07960199999999995 0.387286 0.05293 0.05457
0 0.19933599999999996 0.486514 0.062188 0.05457
0 0.1636200000000001 0.432924 0.054244 0.058544
0 0.10474000000000006 0.438384 0.06086 0.057548
0 0.05248000000000008 0.443842 0.059544 0.048624
0 0.032975999999999894 0.500542 0.053294 0.050986
0 0.08350999999999997 0.497442 0.053294 0.054434
0 0.134498 0.490206 0.054206 0.052364
0 0.06145800000000001 0.552568 0.04961 0.054434
0 0.39277399999999996 0.706094 0.062474 0.061328
0 0.33074800000000004 0.708164 0.050534 0.054434
0 0.2673559999999999 0.707476 0.056042 0.057198
0 0.20993400000000007 0.706446 0.04961 0.050996
0 0.15388599999999997 0.70541 0.049622 0.053066
0 0.09830000000000005 0.706446 0.054206 0.050996
0 0.028931999999999958 0.758472 0.047786 0.047548
0 0.07854800000000006 0.758472 0.049622 0.050302
0 0.1304559999999999 0.76019 0.048698 0.055126
0 0.18375000000000008 0.76019 0.05237 0.050986
0 0.24117199999999994 0.76226 0.056954 0.055126
0 0.302292 0.762276 0.057916 0.052402
0 0.36429 0.765362 0.056966 0.053066
0 0.4281440000000001 0.764326 0.059726 0.05789
0 0.3868039999999999 0.470084 0.06707 0.052374
0 0.323404 0.475254 0.06155 0.054434
0 0.42538999999999993 0.525898 0.07625 0.063398
0 0.46390599999999993 0.58541 0.063958 0.05789
0 0.39003199999999993 0.586236 0.063946 0.05458
0 0.42642 0.644946 0.057344 0.05292
0 0.501946 0.644946 0.073868 0.062842
0 0.46390599999999993 0.707378 0.07276 0.062022
0 0.5383340000000001 0.704072 0.078282 0.05871
0 0.575266 0.766504 0.07056 0.066152
0 0.496432 0.765674 0.080494 0.061192
0 0.467214 0.82356 0.079376 0.059542
0 0.543288 0.82439 0.07056 0.059542
0 0.6182620000000001 0.829346 0.07496 0.061192
0 0.43413999999999997 0.884336 0.061744 0.063672
0 0.650234 0.893848 0.066146 0.059532
0 0.4661139999999999 0.941812 0.066158 0.062842
0 0.5377799999999999 0.945942 0.05733 0.062842
0 0.6155079999999999 0.953798 0.084896 0.063672
0 0.16583400000000004 0.91524 0.047786 0.055126
0 0.1124480000000001 0.547744 0.05789 0.053066
0 0.17033199999999993 0.543608 0.057878 0.057198
0 0.22454400000000008 0.536376 0.059714 0.04961
0 0.28518200000000005 0.537754 0.061562 0.05789
0 0.32653599999999994 0.590478 0.054218 0.05166
0 0.2631319999999999 0.593916 0.056054 0.054434
0 0.2043299999999999 0.594258 0.052382 0.05375
0 0.14276599999999995 0.600118 0.054206 0.05168
0 0.0913219999999999 0.601152 0.050534 0.050996
0 0.040788000000000046 0.607696 0.046862 0.053066
0 0.3624480000000001 0.647524 0.075338 0.062706
0 0.2958400000000001 0.644428 0.063398 0.055126
0 0.23153 0.650284 0.054206 0.053066
0 0.17548199999999992 0.65269 0.048698 0.05788
0 0.1180540000000001 0.65752 0.056966 0.059258
0 0.07166000000000006 0.653378 0.050534 0.05375
0 0.057878000000000096 0.806708 0.048698 0.05168
0 0.10611400000000004 0.811528 0.047774 0.050302
0 0.15940200000000004 0.813252 0.053282 0.04961
0 0.2154419999999999 0.81394 0.05513 0.05374
0 0.2701100000000001 0.816352 0.063398 0.053056
0 0.3358080000000001 0.8198 0.05513 0.054444
0 0.3941539999999999 0.822208 0.065234 0.059258
0 0.3688800000000001 0.875958 0.062474 0.056504
0 0.305026 0.874926 0.05789 0.057198
0 0.24668599999999996 0.870792 0.055118 0.057188
0 0.18880199999999991 0.867344 0.056954 0.053066
0 0.13459599999999994 0.863208 0.04961 0.053056
0 0.08313799999999993 0.861142 0.04961 0.048926
0 0.03490199999999999 0.85563 0.050534 0.05169
0 0.062006000000000006 0.905932 0.04961 0.050302
0 0.11438199999999998 0.91041 0.053294 0.050996
0 0.219576 0.918682 0.054206 0.05789
0 0.2778719999999999 0.928208 0.054206 0.052374
0 0.33764400000000006 0.931088 0.05513 0.052374
0 0.4015040000000001 0.935908 0.059726 0.059258
0 0.19339799999999996 0.971396 0.051458 0.053066
0 0.13826800000000006 0.965884 0.051458 0.050302
0 0.08911399999999992 0.960372 0.05237 0.05168
0 0.04271399999999992 0.953824 0.047774 0.048232
0 0.352344 0.531762 0.062474 0.059952
0 0.50084 0.885996 0.062852 0.063672
0 0.5736140000000001 0.889302 0.073868 0.062022
