0 0.5088079999999999 0.5124280000000001 0.0291 0.043028
0 0.5138560000000001 0.039312000000000014 0.026674 0.044832
0 0.483738 0.06559399999999993 0.026674 0.044832
0 0.5418099999999999 0.07165200000000005 0.025374 0.04393
0 0.5042139999999999 0.09630800000000006 0.026024 0.04418
0 0.46835399999999994 0.12041400000000002 0.026674 0.044832
0 0.5731200000000001 0.047072 0.026024 0.044832
0 0.5914299999999999 0.07790999999999992 0.026674 0.042928
0 0.6588400000000001 0.029212000000000016 0.024074 0.041502
0 0.62157 0.05324200000000001 0.024074 0.041502
0 0.5628500000000001 0.10272799999999993 0.024074 0.043354
0 0.6170199999999999 0.10906199999999999 0.024074 0.043354
0 0.64974 0.08511800000000003 0.024074 0.041526
0 0.5775840000000001 0.13209000000000004 0.024074 0.043354
0 0.52948 0.12809800000000005 0.025808 0.04333
0 0.633488 0.13707200000000008 0.024074 0.041752
0 0.6772579999999999 0.060011999999999954 0.024074 0.04333
0 0.710628 0.03498200000000007 0.024074 0.04333
0 0.7576480000000001 0.04123999999999994 0.024074 0.04333
0 0.7262299999999999 0.06600800000000007 0.024074 0.043354
0 0.836338 0.024931999999999954 0.024052 0.043354
0 0.803402 0.04746000000000006 0.024052 0.043354
0 0.8558399999999999 0.0542180000000001 0.024052 0.043354
0 0.78325 0.07299199999999995 0.024052 0.043354
0 0.8234239999999999 0.07747199999999999 0.023792 0.041802
0 0.8159700000000001 0.12981200000000004 0.024052 0.043354
0 0.849772 0.10628199999999999 0.024052 0.043354
0 0.838722 0.15909799999999996 0.024052 0.043354
0 0.7523519999999999 0.09526999999999997 0.024746 0.043354
0 0.793012 0.10012599999999994 0.024074 0.041552
0 0.770032 0.12403000000000008 0.024052 0.040802
0 0.69506 0.08851000000000009 0.024052 0.043354
0 0.715862 0.11929999999999996 0.024052 0.043354
0 0.664074 0.11229 0.024052 0.043354
0 0.6831419999999999 0.14307800000000004 0.024052 0.043354
0 0.658668 0.16846000000000005 0.024074 0.041552
0 0.6746920000000001 0.19639600000000002 0.024052 0.043354
0 0.7071940000000001 0.17311600000000005 0.024052 0.043354
0 0.74143 0.14908600000000005 0.024052 0.043354
0 0.782816 0.1516900000000001 0.024052 0.042052
0 0.807064 0.18210199999999999 0.023576 0.0403
0 0.824398 0.20926200000000006 0.023576 0.037546
0 0.7953840000000001 0.23419199999999996 0.024052 0.043354
0 0.81857 0.262478 0.024052 0.043354
0 0.77285 0.20490600000000003 0.024052 0.043354
0 0.754626 0.17672 0.023142 0.04055
0 0.729946 0.20237799999999995 0.024052 0.042302
0 0.746284 0.2292860000000001 0.023792 0.041052
0 0.695492 0.22643400000000002 0.024052 0.043354
0 0.6276820000000001 0.19374200000000008 0.024074 0.042052
0 0.6437059999999999 0.22115200000000002 0.024052 0.041302
0 0.6710179999999999 0.2514400000000001 0.024074 0.041302
0 0.7217119999999999 0.2554700000000001 0.024052 0.043354
0 0.76221 0.25594399999999995 0.024962 0.0403
0 0.7390460000000001 0.28360399999999997 0.024052 0.041552
0 0.784778 0.284856 0.024074 0.041052
0 0.705894 0.3056319999999999 0.024052 0.041052
0 0.6855260000000001 0.2784979999999999 0.024052 0.043354
0 0.614452 0.2477100000000001 0.024052 0.043354
0 0.638504 0.276996 0.024052 0.043354
0 0.652806 0.3030280000000001 0.024052 0.043354
0 0.6752119999999999 0.33066400000000007 0.023792 0.041052
0 0.75129 0.30766000000000004 0.023618 0.0398
0 0.804268 0.31291599999999997 0.024702 0.0403
0 0.7739659999999999 0.33682199999999995 0.024204 0.03955
0 0.7633160000000001 0.3865080000000001 0.024702 0.038798
0 0.7246379999999999 0.33294200000000007 0.023186 0.041302
0 0.741322 0.3595999999999999 0.023618 0.038548
0 0.7000440000000001 0.36085199999999995 0.023402 0.04055
0 0.7179199999999999 0.3865080000000001 0.024918 0.038298
0 0.730812 0.40978800000000004 0.023836 0.037798
0 0.753998 0.4370719999999999 0.025568 0.040802
0 0.5993059999999999 0.299774 0.026002 0.041252
0 0.622708 0.3274600000000001 0.026002 0.041252
0 0.5954060000000001 0.3559939999999999 0.026002 0.041252
0 0.645678 0.3569960000000001 0.026002 0.041252
0 0.559436 0.37877399999999994 0.026002 0.041252
0 0.614258 0.38107599999999997 0.026002 0.042854
0 0.6701619999999999 0.38503200000000004 0.026002 0.041252
0 0.6827300000000001 0.410312 0.026002 0.041252
0 0.6796960000000001 0.4633799999999999 0.026002 0.041252
0 0.632026 0.4080600000000001 0.026002 0.041252
0 0.6554279999999999 0.436596 0.026002 0.041252
0 0.5815380000000001 0.406558 0.026002 0.041252
0 0.6066739999999999 0.437346 0.026002 0.041252
0 0.6246579999999999 0.4616279999999999 0.026002 0.041252
0 0.5228060000000001 0.722942 0.025244 0.041276
0 0.49225399999999997 0.751728 0.025244 0.041276
0 0.5119720000000001 0.6453439999999999 0.025244 0.041276
0 0.47882 0.67388 0.025244 0.041276
0 0.47117999999999993 0.727698 0.025786 0.041276
0 0.607758 0.693416 0.027302 0.038048
0 0.580346 0.723954 0.025786 0.041052
0 0.5506599999999999 0.7512399999999999 0.027952 0.042052
0 0.5186999999999999 0.7788980000000001 0.026868 0.0403
0 0.484572 0.8058080000000001 0.027518 0.041052
0 0.463446 0.7806500000000001 0.026868 0.042302
0 0.4545619999999999 0.8352200000000001 0.028602 0.040802
0 0.42554800000000004 0.8065580000000001 0.026392 0.041552
0 0.4192419999999999 0.862128 0.026392 0.041552
0 0.3839220000000001 0.8894120000000001 0.026392 0.041552
0 0.3986559999999999 0.83935 0.026392 0.041552
0 0.36030399999999996 0.865632 0.026392 0.041552
0 0.333218 0.8992739999999999 0.026392 0.043854
0 0.37222200000000005 0.812316 0.026392 0.041552
0 0.40527599999999997 0.78453 0.02702 0.041552
0 0.338754 0.8410759999999999 0.026588 0.042002
0 0.30443200000000004 0.871138 0.02819 0.041552
0 0.34795200000000004 0.7872840000000001 0.026392 0.041552
0 0.2951140000000001 0.925206 0.027758 0.041552
0 0.26857 0.901402 0.030574 0.045506
0 0.2821119999999999 0.8482099999999999 0.02949 0.043254
0 0.42430199999999996 0.5429660000000001 0.0291 0.043028
0 0.4457519999999999 0.567998 0.0291 0.043028
0 0.471322 0.595532 0.0291 0.043028
0 0.524918 0.594142 0.026652 0.041752
0 0.5364359999999999 0.542454 0.027584 0.041502
0 0.5391440000000001 0.48665800000000004 0.027368 0.043004
0 0.481506 0.542716 0.0291 0.043028
0 0.4940739999999999 0.5642419999999999 0.0291 0.043028
0 0.566956 0.5152939999999999 0.027952 0.041252
0 0.5834239999999999 0.53945 0.026218 0.0405
0 0.556794 0.5672600000000001 0.025352 0.04055
0 0.45311999999999997 0.5131779999999999 0.0291 0.043028
0 0.485808 0.48665800000000004 0.027302 0.043004
0 0.411516 0.4601120000000001 0.0291 0.043028
0 0.429284 0.48489399999999994 0.0291 0.043028
0 0.44445200000000007 0.43207799999999996 0.0291 0.043028
0 0.46525400000000006 0.4588620000000001 0.0291 0.043028
0 0.475438 0.4060459999999999 0.0291 0.043028
0 0.4942899999999999 0.430326 0.0291 0.043028
0 0.52091 0.459724 0.02817 0.042754
0 0.15645799999999999 0.3667579999999999 0.03079 0.04746
0 0.22232999999999992 0.36951200000000006 0.03079 0.045456
0 0.2472479999999999 0.40060000000000007 0.03079 0.045056
0 0.18137599999999998 0.39684600000000003 0.03079 0.045056
0 0.11550400000000005 0.3955439999999999 0.03079 0.046958
0 0.14627400000000002 0.42695799999999995 0.03079 0.046708
0 0.07757400000000003 0.425532 0.032502 0.04806
0 0.03814800000000007 0.453654 0.032524 0.048036
0 0.07020599999999999 0.4869460000000001 0.032502 0.048036
0 0.1352120000000001 0.485444 0.032502 0.048036
0 0.029036000000000062 0.5147299999999999 0.032502 0.048036
0 0.0953520000000001 0.51448 0.032524 0.048036
0 0.1742140000000001 0.4569080000000001 0.032502 0.048036
0 0.23229600000000006 0.4551559999999999 0.032524 0.048036
0 0.1984840000000001 0.485406 0.031202 0.045456
0 0.2741279999999999 0.42948600000000003 0.02986 0.046658
0 0.29547199999999996 0.4578979999999999 0.031376 0.044906
0 0.26112599999999997 0.48568199999999995 0.030726 0.045406
0 0.2841180000000001 0.5135419999999999 0.032502 0.04806
0 0.159578 0.8552200000000001 0.032524 0.04806
0 0.10136600000000007 0.862454 0.032502 0.04806
0 0.22319599999999995 0.848824 0.030314 0.04453
0 0.18515799999999993 0.87985 0.032502 0.04806
0 0.21100800000000008 0.903718 0.032502 0.045382
0 0.17939400000000005 0.9380980000000001 0.032502 0.045708
0 0.13098600000000005 0.889988 0.032502 0.04806
0 0.15254600000000007 0.9117280000000001 0.032502 0.048036
0 0.08908000000000005 0.9180980000000001 0.032502 0.04806
0 0.061733999999999956 0.892892 0.032502 0.04806
0 0.0727739999999999 0.8372459999999999 0.032524 0.04806
0 0.033889999999999976 0.8679600000000001 0.032502 0.04806
0 0.044918000000000013 0.81 0.032502 0.048036
0 0.024051999999999962 0.7227539999999999 0.032502 0.04806
0 0.05171199999999998 0.174118 0.032222 0.04876
0 0.041841999999999935 0.23739599999999994 0.0322 0.04876
0 0.081928 0.2083600000000001 0.0322 0.04876
0 0.09081199999999989 0.1452819999999999 0.0322 0.04876
0 0.12114800000000003 0.17907399999999996 0.0322 0.04876
0 0.029220000000000024 0.3002260000000001 0.033304 0.051314
0 0.059447999999999945 0.33176399999999995 0.033522 0.051314
0 0.07217800000000008 0.2714399999999999 0.033542 0.051314
0 0.02256799999999992 0.363316 0.033522 0.050838
0 0.04855999999999994 0.39322999999999997 0.033542 0.049086
0 0.10967400000000005 0.2414019999999999 0.033522 0.051314
0 0.14980400000000005 0.21412999999999993 0.032352 0.048836
0 0.18767 0.18559400000000004 0.03233 0.048836
0 0.17900399999999994 0.24842399999999998 0.03233 0.048836
0 0.1402159999999999 0.274956 0.03233 0.048836
0 0.13003199999999993 0.11826000000000003 0.03233 0.048836
0 0.162752 0.1533040000000001 0.03233 0.048836
0 0.1993720000000001 0.12727200000000005 0.03233 0.048836
0 0.236858 0.0974839999999999 0.03233 0.048836
0 0.22754000000000008 0.15906200000000004 0.03233 0.048836
0 0.2161979999999999 0.2181360000000001 0.030878 0.046332
0 0.26376 0.13115199999999994 0.029794 0.046584
0 0.250216 0.19035000000000002 0.030878 0.046834
0 0.28669600000000006 0.16331600000000002 0.03233 0.048836
0 0.2687440000000001 0.068824 0.02936 0.047584
0 0.709144 0.43869800000000003 0.024702 0.038548
0 0.7220359999999999 0.46185199999999993 0.025786 0.0403
0 0.7009099999999999 0.491514 0.024702 0.039048
0 0.716294 0.513792 0.026002 0.041052
0 0.436404 0.14778399999999992 0.027086 0.046058
0 0.3993500000000001 0.17306599999999994 0.027086 0.046558
0 0.49588199999999993 0.15454400000000001 0.026868 0.046058
0 0.46370599999999995 0.17982399999999998 0.026652 0.046058
0 0.43066000000000004 0.20548199999999994 0.029036 0.044806
0 0.3924160000000001 0.23176400000000008 0.029252 0.045808
0 0.4523299999999999 0.23639600000000005 0.026868 0.044556
0 0.4840739999999999 0.20923599999999998 0.027086 0.044306
0 0.5156019999999999 0.182828 0.027086 0.044306
0 0.5470200000000001 0.15704600000000002 0.027086 0.044306
0 0.6070420000000001 0.16430600000000006 0.027086 0.044306
0 0.5899239999999999 0.21537000000000006 0.027086 0.044306
0 0.570206 0.18833600000000006 0.027086 0.044306
0 0.534886 0.21261599999999992 0.027086 0.044306
0 0.560238 0.24190200000000006 0.027086 0.044306
0 0.510184 0.24115200000000003 0.027086 0.044306
0 0.4200440000000001 0.2624280000000001 0.027086 0.044306
0 0.4703139999999999 0.2641800000000001 0.027086 0.044306
0 0.525352 0.26768400000000003 0.027086 0.044306
0 0.580174 0.2701880000000001 0.027086 0.044306
0 0.5507040000000001 0.29773399999999994 0.027086 0.04333
0 0.5156019999999999 0.322252 0.027086 0.044306
0 0.49068200000000006 0.29296600000000006 0.027086 0.044306
0 0.4833160000000001 0.34878600000000004 0.027086 0.044306
0 0.461646 0.321002 0.027086 0.044306
0 0.43629399999999996 0.2912140000000001 0.027086 0.044306
0 0.3825559999999999 0.28670799999999996 0.027086 0.044306
0 0.404876 0.3177479999999999 0.027086 0.044306
0 0.366522 0.34403000000000006 0.027086 0.044306
0 0.4313100000000001 0.34853599999999996 0.027086 0.044306
0 0.4495119999999999 0.37583199999999994 0.027086 0.042328
0 0.42155999999999993 0.4041060000000001 0.027086 0.044306
0 0.3931739999999999 0.374568 0.027086 0.044306
0 0.359588 0.40210199999999996 0.027086 0.044306
0 0.3894899999999999 0.43289200000000005 0.027086 0.044306
0 0.35341200000000006 0.458936 0.027736 0.044832
0 0.649708 0.49033799999999994 0.025396 0.0401
0 0.55532 0.4345939999999999 0.026002 0.041252
0 0.576338 0.4621280000000001 0.026002 0.041252
0 0.59779 0.48966200000000004 0.026002 0.041252
0 0.6138239999999999 0.51244 0.026002 0.041252
0 0.667562 0.5144439999999999 0.026002 0.041252
0 0.6385259999999999 0.541728 0.026002 0.041252
0 0.6564239999999999 0.5665579999999999 0.024962 0.03985
0 0.68546 0.5404 0.023228 0.0406
0 0.6793499999999999 0.59179 0.024788 0.0406
0 0.6240079999999999 0.59179 0.024788 0.0406
0 0.64611 0.6165700000000001 0.024788 0.0406
0 0.619024 0.6441920000000001 0.025222 0.041276
0 0.6038460000000001 0.5654939999999999 0.025244 0.041276
0 0.5962620000000001 0.619062 0.025244 0.041276
0 0.585872 0.670126 0.025222 0.041276
0 0.5659259999999999 0.645594 0.025244 0.041276
0 0.5722100000000001 0.591026 0.025244 0.041276
0 0.547952 0.6218140000000001 0.025222 0.041276
0 0.534724 0.6723779999999999 0.025244 0.041276
0 0.5580719999999999 0.69766 0.026218 0.041276
0 0.50092 0.6991620000000001 0.025244 0.041276
0 0.316956 0.8185739999999999 0.02819 0.041552
0 0.2871840000000001 0.790788 0.029318 0.041552
0 0.3258399999999999 0.7626040000000001 0.02819 0.042754
0 0.38109400000000004 0.7579720000000001 0.02819 0.043004
0 0.4378660000000001 0.754494 0.02819 0.043004
0 0.41533 0.729962 0.02819 0.043004
0 0.45216600000000007 0.7049319999999999 0.02819 0.043004
0 0.43006600000000006 0.678898 0.02819 0.043004
0 0.3956120000000001 0.706434 0.02819 0.043004
0 0.355742 0.732216 0.02819 0.043004
0 0.29855999999999994 0.7350559999999999 0.028668 0.04383
0 0.3126439999999999 0.6832659999999999 0.030834 0.04473
0 0.33147400000000005 0.7044299999999999 0.02819 0.043004
0 0.3668260000000001 0.678148 0.02856 0.043004
0 0.3995120000000001 0.6498619999999999 0.02819 0.043004
0 0.4311480000000001 0.6208260000000001 0.02819 0.043004
0 0.45324999999999993 0.6461079999999999 0.02819 0.043004
0 0.49246999999999996 0.6225780000000001 0.02819 0.043004
0 0.34146199999999993 0.6508640000000001 0.0291 0.043004
0 0.38109400000000004 0.625332 0.02819 0.043004
0 0.317844 0.6250819999999999 0.0291 0.043004
0 0.33392200000000005 0.5710379999999999 0.0291 0.043004
0 0.357518 0.5991740000000001 0.0291 0.043004
0 0.41389999999999993 0.5972839999999999 0.0291 0.043028
0 0.389848 0.5700000000000001 0.0291 0.043028
0 0.36168 0.5402119999999999 0.0291 0.043028
0 0.3428279999999999 0.515682 0.0291 0.043028
0 0.37879799999999997 0.4891479999999999 0.0291 0.043028
0 0.39786600000000005 0.51393 0.0291 0.043028
0 0.505342 0.37751 0.0291 0.043028
0 0.533944 0.40679599999999994 0.0291 0.043028
0 0.5434779999999999 0.3544799999999999 0.0291 0.043028
0 0.5683959999999999 0.32394199999999995 0.0291 0.043028
0 0.32189599999999996 0.13514399999999993 0.029664 0.045808
0 0.347356 0.16843600000000003 0.02819 0.043304
0 0.3134459999999999 0.19559400000000005 0.029708 0.04756
0 0.33716199999999996 0.22675800000000002 0.02947 0.044806
0 0.27964199999999995 0.224256 0.03014 0.04781
0 0.301528 0.2534160000000001 0.030574 0.045056
0 0.331202 0.2858320000000001 0.030552 0.045808
0 0.24269800000000008 0.25178999999999996 0.029058 0.045306
0 0.26457200000000003 0.28120199999999995 0.031202 0.045556
0 0.294052 0.3142419999999999 0.03079 0.045056
0 0.31506999999999996 0.3430280000000001 0.03079 0.045056
0 0.230564 0.3104880000000001 0.03079 0.045056
0 0.2535320000000001 0.33952399999999994 0.03079 0.045056
0 0.2788839999999999 0.3693120000000001 0.03079 0.045056
0 0.3064039999999999 0.39985000000000004 0.03079 0.045056
0 0.202828 0.278022 0.03079 0.046708
0 0.1655580000000001 0.30605799999999994 0.03079 0.04721
0 0.19351000000000007 0.3382719999999999 0.03079 0.045056
0 0.098808 0.3028040000000001 0.03207 0.04871
0 0.12547200000000003 0.3352200000000001 0.03079 0.046958
0 0.08798400000000006 0.3647560000000001 0.03079 0.04796
0 0.1037920000000001 0.455406 0.032502 0.048036
0 0.20520000000000005 0.42608200000000007 0.029902 0.045958
0 0.22387800000000002 0.514292 0.032502 0.04806
0 0.16104000000000007 0.5150440000000001 0.032502 0.04806
0 0.18856000000000006 0.5433300000000001 0.032502 0.04806
0 0.25007599999999996 0.5436300000000001 0.031592 0.044656
0 0.12420399999999998 0.5453319999999999 0.032502 0.04806
0 0.15332600000000007 0.5751679999999999 0.031376 0.046658
0 0.21737800000000007 0.572616 0.032502 0.04806
0 0.27306600000000003 0.570362 0.032502 0.04806
0 0.24468 0.6019019999999999 0.032502 0.04806
0 0.1787859999999999 0.6009519999999999 0.032026 0.04766
0 0.20286000000000004 0.628436 0.032502 0.04806
0 0.23308799999999996 0.658436 0.032502 0.048036
0 0.19821200000000005 0.6894359999999999 0.032524 0.04806
0 0.1668480000000001 0.6598740000000001 0.032502 0.04806
0 0.2559039999999999 0.684518 0.032502 0.048036
0 0.26192799999999994 0.6242300000000001 0.032502 0.04806
0 0.055970000000000075 0.5442419999999999 0.032502 0.048036
0 0.08581799999999995 0.5746800000000001 0.032524 0.048036
0 0.11391200000000001 0.603078 0.032502 0.04806
0 0.14125600000000005 0.6309020000000001 0.032502 0.048036
0 0.10387799999999991 0.66075 0.032502 0.04806
0 0.07477800000000001 0.6340920000000001 0.032502 0.04806
0 0.045428000000000024 0.60423 0.032524 0.04806
0 0.018332000000000015 0.576708 0.032502 0.048036
0 0.03867799999999999 0.6654439999999999 0.034452 0.049336
0 0.131224 0.6891480000000001 0.032502 0.048036
0 0.1563159999999999 0.7155199999999999 0.032502 0.04806
0 0.22405199999999992 0.7146060000000001 0.032502 0.045632
0 0.12344599999999994 0.7474099999999999 0.032502 0.04806
0 0.0928500000000001 0.718998 0.032502 0.04806
0 0.06348799999999999 0.691176 0.032502 0.048036
0 0.05170000000000008 0.7503 0.032502 0.048036
0 0.07980399999999999 0.7763819999999999 0.032502 0.048036
0 0.10639200000000004 0.8033300000000001 0.032502 0.04806
0 0.14652200000000004 0.7746440000000001 0.032502 0.04806
0 0.1869240000000001 0.7456579999999999 0.032524 0.04806
0 0.21074799999999994 0.7700119999999999 0.032502 0.04806
0 0.17137599999999997 0.7975460000000001 0.032502 0.04806
0 0.24410599999999993 0.7391859999999999 0.030964 0.045532
0 0.2387760000000001 0.797596 0.030358 0.045858
0 0.20246999999999993 0.827096 0.032502 0.048036
0 0.13274199999999992 0.8288359999999999 0.032502 0.04806
0 0.18309799999999998 0.029285999999999923 0.03077 0.049312
0 0.14192800000000005 0.05682199999999993 0.03077 0.049312
0 0.20671799999999996 0.06357999999999997 0.03077 0.049312
0 0.245938 0.036296000000000106 0.03077 0.049312
0 0.0759479999999999 0.049687999999999954 0.033152 0.049312
0 0.10216599999999998 0.08373000000000008 0.033152 0.049312
0 0.16869 0.09023800000000004 0.03272 0.049312
0 0.0333699999999999 0.077596 0.033152 0.049312
0 0.061971999999999916 0.11238999999999999 0.033152 0.049312
0 0.02187399999999995 0.140938 0.034994 0.051188
0 0.31161400000000006 0.0451680000000001 0.03233 0.048836
0 0.2972379999999999 0.10399200000000008 0.028278 0.048836
