0 0.705320 0.266773 0.019590 0.030731
0 0.687743 0.285825 0.019590 0.030731
0 0.668884 0.305271 0.019590 0.030731
0 0.736146 0.268478 0.019600 0.030731
0 0.720400 0.284242 0.019600 0.030731
0 0.704069 0.300805 0.019590 0.030731
0 0.687933 0.318410 0.019590 0.030731
0 0.671216 0.334959 0.019590 0.030731
0 0.653138 0.353363 0.019590 0.030731
0 0.636031 0.373336 0.019590 0.030731
0 0.766281 0.269533 0.019590 0.030731
0 0.750395 0.284093 0.019590 0.030731
0 0.733879 0.297720 0.019590 0.030731
0 0.719324 0.316644 0.019590 0.030744
0 0.702528 0.334053 0.019590 0.030731
0 0.686572 0.350697 0.019590 0.030731
0 0.669494 0.369621 0.019590 0.030744
0 0.652698 0.388166 0.019590 0.030731
0 0.778949 0.284472 0.019600 0.030731
0 0.763554 0.301130 0.019600 0.030731
0 0.747873 0.316258 0.019590 0.030731
0 0.734159 0.332916 0.019590 0.030731
0 0.718483 0.351455 0.019590 0.030731
0 0.701687 0.367355 0.019590 0.030731
0 0.685450 0.385893 0.019590 0.030731
0 0.669214 0.403295 0.019590 0.030731
0 0.792948 0.297720 0.019590 0.030731
0 0.778949 0.315507 0.019600 0.030744
0 0.764670 0.330643 0.019590 0.030731
0 0.749555 0.348802 0.019590 0.030731
0 0.734159 0.365081 0.019590 0.030731
0 0.718764 0.381353 0.019590 0.030744
0 0.700846 0.398004 0.019590 0.030731
0 0.684049 0.419953 0.019590 0.030731
0 0.806662 0.315880 0.019590 0.030731
0 0.791822 0.332158 0.019600 0.030731
0 0.777823 0.346164 0.019590 0.030731
0 0.763829 0.364323 0.019590 0.030731
0 0.747873 0.379465 0.019590 0.030731
0 0.733599 0.398383 0.019590 0.030731
0 0.716802 0.415027 0.019590 0.030731
0 0.703083 0.431306 0.019600 0.030731
0 0.820375 0.329506 0.019590 0.030731
0 0.806381 0.343512 0.019590 0.030731
0 0.789865 0.360913 0.019590 0.030731
0 0.775586 0.377571 0.019600 0.030731
0 0.760746 0.395352 0.019590 0.030731
0 0.747032 0.412009 0.019590 0.030731
0 0.732758 0.430927 0.019590 0.030731
0 0.715961 0.446441 0.019590 0.030744
0 0.831572 0.344269 0.019600 0.030731
0 0.818694 0.360156 0.019590 0.030731
0 0.803018 0.374540 0.019590 0.030731
0 0.789585 0.391949 0.019590 0.030744
0 0.776421 0.407084 0.019590 0.030731
0 0.760746 0.425622 0.019590 0.030731
0 0.747032 0.443417 0.019590 0.030731
0 0.732197 0.461955 0.019590 0.030731
0 0.845290 0.356759 0.019590 0.030731
0 0.832693 0.374540 0.019600 0.030731
0 0.818974 0.389682 0.019590 0.030731
0 0.804700 0.405189 0.019590 0.030731
0 0.788463 0.424114 0.019590 0.030744
0 0.774745 0.441143 0.019600 0.030731
0 0.760746 0.457037 0.019590 0.030744
0 0.745350 0.477091 0.019590 0.030744
0 0.858734 0.369993 0.019590 0.030731
0 0.843333 0.385893 0.019600 0.030731
0 0.831296 0.401401 0.019590 0.030731
0 0.818979 0.417679 0.019600 0.030731
0 0.803303 0.433187 0.019600 0.030731
0 0.787908 0.453633 0.019600 0.030731
0 0.773068 0.470656 0.019590 0.030731
0 0.757673 0.486556 0.019590 0.030731
0 0.871326 0.384756 0.019590 0.030731
0 0.858734 0.399513 0.019590 0.030744
0 0.845010 0.415027 0.019590 0.030731
0 0.831016 0.432815 0.019590 0.030744
0 0.815060 0.447950 0.019590 0.030731
0 0.803303 0.465352 0.019600 0.030731
0 0.789024 0.483146 0.019590 0.030731
0 0.775871 0.502064 0.019590 0.030731
0 0.870205 0.413512 0.019590 0.030731
0 0.855931 0.429032 0.019590 0.030731
0 0.843889 0.443031 0.019590 0.030744
0 0.831016 0.460819 0.019590 0.030731
0 0.817863 0.476333 0.019590 0.030744
0 0.805260 0.493742 0.019590 0.030731
0 0.790986 0.510386 0.019590 0.030731
0 0.881687 0.423349 0.019590 0.030731
0 0.867127 0.440386 0.019600 0.030731
0 0.855090 0.456651 0.019590 0.030731
0 0.842773 0.473309 0.019600 0.030731
0 0.829054 0.491468 0.019590 0.030731
0 0.814780 0.508870 0.019590 0.030731
0 0.798544 0.527043 0.019590 0.030731
0 0.880005 0.453633 0.019590 0.030731
0 0.868243 0.470277 0.019590 0.030731
0 0.855931 0.486928 0.019590 0.030744
0 0.843333 0.502064 0.019600 0.030731
0 0.831016 0.520602 0.019590 0.030731
0 0.815901 0.538396 0.019590 0.030731
0 0.891762 0.466488 0.019600 0.030731
0 0.878884 0.483904 0.019590 0.030731
0 0.868524 0.500169 0.019590 0.030731
0 0.858453 0.514932 0.019590 0.030731
0 0.841657 0.532334 0.019590 0.030731
0 0.829615 0.552388 0.019590 0.030731
0 0.892037 0.496387 0.019590 0.030744
0 0.878323 0.510007 0.019590 0.030731
0 0.865450 0.528938 0.019590 0.030731
0 0.852292 0.544824 0.019600 0.030731
0 0.842217 0.563363 0.019590 0.030731
0 0.890360 0.525907 0.019600 0.030731
0 0.878043 0.541042 0.019590 0.030744
0 0.863769 0.557693 0.019590 0.030731
0 0.852568 0.575853 0.019590 0.030731
0 0.877482 0.565257 0.019590 0.030731
0 0.861527 0.583051 0.019590 0.030731
0 0.876642 0.595535 0.019590 0.030744
0 0.618278 0.423613 0.021441 0.032612
0 0.636246 0.439080 0.021441 0.032612
0 0.618989 0.458309 0.021441 0.032612
0 0.652813 0.453897 0.021441 0.032612
0 0.635315 0.470927 0.021441 0.032598
0 0.619920 0.492368 0.021441 0.032612
0 0.602422 0.513180 0.021441 0.032612
0 0.668909 0.469668 0.021441 0.032598
0 0.652112 0.487645 0.021441 0.032612
0 0.636016 0.506874 0.021441 0.032612
0 0.618749 0.526116 0.021441 0.032612
0 0.600791 0.546292 0.021441 0.032612
0 0.686401 0.481015 0.021431 0.032612
0 0.669840 0.499939 0.021441 0.032598
0 0.653744 0.519175 0.021441 0.032612
0 0.636246 0.538728 0.021441 0.032612
0 0.619449 0.560176 0.021441 0.032612
0 0.601491 0.579093 0.021441 0.032612
0 0.702032 0.493951 0.021441 0.032612
0 0.687337 0.515074 0.021441 0.032612
0 0.669840 0.532733 0.021441 0.032612
0 0.652813 0.553234 0.021441 0.032612
0 0.636246 0.574046 0.021441 0.032612
0 0.621321 0.590129 0.021441 0.032598
0 0.715325 0.508133 0.021441 0.032612
0 0.702733 0.528322 0.021441 0.032612
0 0.687798 0.543139 0.021441 0.032612
0 0.668669 0.565846 0.021441 0.032612
0 0.652342 0.586028 0.021441 0.032598
0 0.638579 0.603687 0.021441 0.032598
0 0.619219 0.623870 0.021441 0.032612
0 0.732357 0.519493 0.021431 0.032598
0 0.716261 0.540622 0.021431 0.032612
0 0.701562 0.557334 0.021441 0.032612
0 0.687337 0.577510 0.021441 0.032612
0 0.669840 0.598647 0.021441 0.032612
0 0.653273 0.617876 0.021441 0.032612
0 0.637417 0.633640 0.021441 0.032612
0 0.620385 0.658559 0.021431 0.032598
0 0.745886 0.534317 0.021441 0.032612
0 0.730490 0.554181 0.021441 0.032612
0 0.715561 0.572788 0.021431 0.032612
0 0.701331 0.592652 0.021441 0.032612
0 0.686637 0.609675 0.021441 0.032612
0 0.667037 0.628281 0.021441 0.032612
0 0.653273 0.649093 0.021441 0.032612
0 0.634845 0.670853 0.021441 0.032612
0 0.758949 0.546299 0.021441 0.032598
0 0.744955 0.565846 0.021441 0.032612
0 0.730490 0.584452 0.021441 0.032612
0 0.715561 0.604953 0.021431 0.032612
0 0.699930 0.622300 0.021441 0.032612
0 0.686166 0.641529 0.021441 0.032612
0 0.669840 0.661719 0.021441 0.032612
0 0.653273 0.682212 0.021441 0.032598
0 0.776211 0.558593 0.021431 0.032612
0 0.760350 0.576888 0.021441 0.032612
0 0.747057 0.595494 0.021441 0.032612
0 0.729790 0.614100 0.021441 0.032612
0 0.715095 0.635223 0.021441 0.032612
0 0.700631 0.654465 0.021441 0.032612
0 0.685701 0.672754 0.021431 0.032598
0 0.670541 0.692300 0.021441 0.032612
0 0.652342 0.713748 0.021441 0.032612
0 0.788579 0.571529 0.021441 0.032612
0 0.774580 0.588241 0.021431 0.032612
0 0.760350 0.606529 0.021441 0.032598
0 0.746356 0.624188 0.021441 0.032598
0 0.732593 0.642476 0.021441 0.032612
0 0.714394 0.665819 0.021441 0.032612
0 0.700631 0.686631 0.021441 0.032612
0 0.685235 0.705548 0.021441 0.032612
0 0.667973 0.722578 0.021431 0.032598
0 0.803043 0.580352 0.021441 0.032612
0 0.787177 0.602747 0.021441 0.032612
0 0.773644 0.619459 0.021441 0.032612
0 0.758949 0.638694 0.021441 0.032598
0 0.746356 0.656982 0.021441 0.032612
0 0.731892 0.673694 0.021441 0.032612
0 0.716727 0.694831 0.021441 0.032612
0 0.701101 0.712490 0.021441 0.032612
0 0.685240 0.732666 0.021431 0.032612
0 0.815641 0.592652 0.021431 0.032612
0 0.800711 0.611570 0.021441 0.032612
0 0.787177 0.631759 0.021441 0.032612
0 0.772482 0.650047 0.021441 0.032598
0 0.759655 0.667706 0.021431 0.032598
0 0.744725 0.686942 0.021441 0.032612
0 0.731426 0.703654 0.021431 0.032612
0 0.715796 0.724465 0.021441 0.032612
0 0.699940 0.743072 0.021441 0.032612
0 0.828238 0.604005 0.021441 0.032612
0 0.814705 0.623870 0.021441 0.032612
0 0.802112 0.643742 0.021441 0.032598
0 0.786016 0.658877 0.021441 0.032612
0 0.771782 0.679689 0.021441 0.032612
0 0.758258 0.697984 0.021441 0.032612
0 0.743323 0.712165 0.021441 0.032612
0 0.730961 0.734249 0.021441 0.032612
0 0.714164 0.755061 0.021441 0.032612
0 0.838969 0.616306 0.021441 0.032612
0 0.825205 0.634912 0.021441 0.032612
0 0.810275 0.651624 0.021431 0.032612
0 0.798378 0.672436 0.021441 0.032612
0 0.786016 0.691042 0.021441 0.032612
0 0.773654 0.707124 0.021441 0.032598
0 0.757558 0.726049 0.021441 0.032612
0 0.744024 0.747808 0.021441 0.032612
0 0.726066 0.767037 0.021441 0.032612
0 0.852733 0.624506 0.021441 0.032612
0 0.838033 0.642794 0.021431 0.032598
0 0.825666 0.661719 0.021441 0.032612
0 0.812843 0.680000 0.021441 0.032612
0 0.799540 0.698295 0.021441 0.032612
0 0.784845 0.719425 0.021441 0.032598
0 0.769920 0.737402 0.021441 0.032612
0 0.758954 0.758836 0.021431 0.032612
0 0.864164 0.638694 0.021441 0.032598
0 0.849930 0.657618 0.021441 0.032612
0 0.836867 0.674330 0.021441 0.032612
0 0.823804 0.691353 0.021441 0.032612
0 0.811907 0.709648 0.021431 0.032612
0 0.799540 0.728254 0.021441 0.032612
0 0.784845 0.746543 0.021441 0.032598
0 0.768984 0.765778 0.021431 0.032612
0 0.839429 0.703024 0.021441 0.032598
0 0.826136 0.721949 0.021441 0.032612
0 0.813303 0.739919 0.021441 0.032612
