0 0.522954 0.116822 0.07425 0.11998
0 0.12064 0.19952 0.062906 0.106
0 0.068656 0.27698 0.056782 0.107166
0 0.019696 0.357948 0.03939 0.09902
0 0.041578 0.510532 0.041062 0.094354
0 0.091368 0.443552 0.051546 0.09552
0 0.146414 0.377166 0.053296 0.1025
0 0.205376 0.298542 0.057656 0.108334
0 0.269594 0.207678 0.055032 0.110646
0 0.432532 0.22224 0.066406 0.114146
0 0.357398 0.31077 0.06639 0.107166
0 0.2875 0.396386 0.055906 0.096688
0 0.22329 0.468614 0.053296 0.094354
0 0.163008 0.535584 0.049796 0.090874
0 0.536492 0.332896 0.06989 0.1165
0 0.45393 0.41677 0.067266 0.111834
0 0.37618 0.496562 0.065516 0.101334
0 0.303226 0.565282 0.057672 0.096688
0 0.468344 0.604896 0.061156 0.103666
0 0.546976 0.53325 0.06814 0.1095
0 0.114524 0.60024 0.050672 0.087354
0 0.065602 0.655572 0.050672 0.09552
0 0.022352 0.710896 0.042796 0.080374
0 0.042882 0.84252 0.045422 0.075708
0 0.085258 0.79652 0.046296 0.081542
0 0.13418 0.744678 0.049796 0.08502
0 0.186164 0.691678 0.050672 0.086188
0 0.241196 0.63401 0.054172 0.09202
0 0.389718 0.671876 0.062906 0.104834
0 0.561828 0.717886 0.064656 0.10602
0 0.481016 0.776718 0.060282 0.097854
0 0.40807 0.837282 0.054172 0.093188
0 0.32114 0.728948 0.055032 0.093188
0 0.26086 0.787782 0.055032 0.094354
0 0.20582 0.840198 0.053296 0.08502
0 0.338618 0.886208 0.051546 0.0955
0 0.277898 0.929896 0.050672 0.082708
0 0.569258 0.889124 0.067266 0.092
0 0.492812 0.938636 0.062906 0.09552
0 0.153398 0.882718 0.046296 0.07223
0 0.10664 0.928166 0.045468 0.083834
0 0.039828 0.103416 0.058532 0.1095
0 0.177422 0.110406 0.075124 0.121146
0 0.339922 0.116812 0.068156 0.115334
