0 0.721994 0.04576599999999997 0.023562 0.038034
0 0.724162 0.127216 0.025426 0.038866
0 0.765718 0.09289999999999998 0.029138 0.043
0 0.809438 0.05651600000000001 0.02605 0.044666
0 0.905568 0.06685000000000008 0.027288 0.042166
0 0.955182 0.027158000000000015 0.029762 0.045484
0 0.722282 0.2097340000000001 0.024988 0.043066
0 0.766856 0.17499200000000004 0.026262 0.04135
0 0.811218 0.142258 0.027138 0.04365
0 0.85795 0.1057999999999999 0.028426 0.045366
0 0.953768 0.11756600000000006 0.027988 0.0425
0 0.722282 0.2921419999999999 0.025838 0.04135
0 0.765782 0.2579659999999999 0.027562 0.043066
0 0.810782 0.22581600000000002 0.029712 0.045366
0 0.856868 0.1916420000000001 0.027138 0.04365
0 0.905532 0.15490000000000004 0.027138 0.0402
0 0.954632 0.20714999999999995 0.030588 0.043634
0 0.905318 0.24447400000000008 0.030138 0.04365
0 0.856656 0.2763420000000001 0.027562 0.044216
0 0.811 0.310808 0.029274 0.044216
0 0.765562 0.3406659999999999 0.028 0.043066
0 0.725512 0.37339199999999995 0.026274 0.039616
0 0.810782 0.39234199999999997 0.027138 0.040784
0 0.856868 0.36334200000000005 0.028862 0.04595
0 0.903812 0.32946600000000004 0.028 0.045934
0 0.954632 0.2964420000000001 0.030588 0.048816
0 0.953124 0.386026 0.031 0.04765
0 0.72465 0.452634 0.02455 0.040766
0 0.767074 0.42479200000000006 0.024976 0.044784
0 0.811862 0.47934199999999993 0.028426 0.04365
0 0.856006 0.44804200000000005 0.029712 0.046516
0 0.903168 0.41847600000000007 0.029288 0.044784
0 0.9542 0.47417599999999993 0.027126 0.04365
0 0.7675 0.5040340000000001 0.02325 0.0402
0 0.725074 0.5324580000000001 0.02455 0.041916
0 0.724868 0.613434 0.025838 0.045366
0 0.76815 0.5864339999999999 0.026274 0.043066
0 0.811644 0.5583 0.027138 0.043066
0 0.857512 0.533892 0.0267 0.04365
0 0.905106 0.502308 0.027138 0.042484
0 0.954412 0.5611740000000001 0.0267 0.039616
0 0.905106 0.589016 0.027988 0.0402
0 0.857488 0.617442 0.028474 0.041916
0 0.810988 0.6416 0.027524 0.043134
0 0.767932 0.667116 0.027562 0.0425
0 0.725294 0.6920999999999999 0.025838 0.039634
0 0.727018 0.771916 0.025838 0.043066
0 0.767506 0.749234 0.025838 0.041334
0 0.812288 0.7262660000000001 0.0267 0.048234
0 0.857732 0.700142 0.028862 0.044216
0 0.904032 0.672566 0.027562 0.045366
0 0.954412 0.6487419999999999 0.028426 0.04365
0 0.7675 0.829626 0.0267 0.04365
0 0.811644 0.8086739999999999 0.027988 0.041916
0 0.856868 0.7842659999999999 0.026262 0.0425
0 0.905324 0.7601420000000001 0.028426 0.047084
0 0.953556 0.736024 0.027562 0.047084
0 0.952694 0.8212999999999999 0.025838 0.039634
0 0.903594 0.844276 0.025838 0.037316
0 0.857082 0.8660920000000001 0.027562 0.041916
0 0.9514 0.9074340000000001 0.0267 0.043066
0 0.639482 0.04417599999999999 0.020338 0.039084
0 0.561718 0.0354000000000001 0.019138 0.0343
0 0.5997 0.0788580000000001 0.023324 0.038284
0 0.2082 0.024634000000000045 0.01675 0.0303
0 0.184126 0.052942000000000045 0.01765 0.031916
0 0.210888 0.09003399999999995 0.01735 0.0311
0 0.187112 0.11715000000000009 0.01885 0.0343
0 0.236312 0.061315999999999926 0.01615 0.0319
0 0.263374 0.032008000000000036 0.01525 0.030716
0 0.322444 0.03878399999999993 0.019738 0.0347
0 0.294338 0.0685 0.01555 0.0319
0 0.265024 0.09980000000000011 0.01795 0.0347
0 0.2393 0.1263160000000001 0.01795 0.0303
0 0.296726 0.1398839999999999 0.01735 0.0327
0 0.325438 0.11056599999999994 0.01675 0.0323
0 0.3558 0.08005799999999996 0.01645 0.039084
0 0.3872 0.04855000000000009 0.01765 0.0335
0 0.41905 0.01705000000000001 0.01735 0.0319
0 0.454344 0.05793399999999993 0.019738 0.0323
0 0.487394 0.026615999999999973 0.020038 0.0327
0 0.525524 0.06949200000000011 0.01915 0.033884
0 0.562612 0.11235799999999996 0.01915 0.035884
0 0.490694 0.10040800000000005 0.018862 0.033516
0 0.42115 0.08883400000000008 0.01675 0.0311
0 0.38795 0.11973400000000001 0.01735 0.0331
0 0.640968 0.12392599999999998 0.019738 0.034284
0 0.601194 0.15543400000000007 0.021538 0.0343
0 0.641718 0.20328400000000002 0.022438 0.0367
0 0.564706 0.18932400000000005 0.021538 0.034284
0 0.525974 0.14386600000000005 0.01945 0.0319
0 0.527618 0.21923399999999993 0.019738 0.0335
0 0.601944 0.233792 0.021838 0.035484
0 0.642018 0.28084200000000004 0.021238 0.036284
0 0.602694 0.3123499999999999 0.020338 0.0339
0 0.564106 0.26569200000000004 0.020338 0.033884
0 0.492782 0.2501340000000001 0.020038 0.0315
0 0.491282 0.17596600000000007 0.018838 0.0323
0 0.455538 0.13129999999999997 0.01795 0.0331
0 0.421744 0.16379999999999995 0.019138 0.0327
0 0.390788 0.19331600000000004 0.01825 0.0311
0 0.457032 0.20528400000000002 0.019138 0.0327
0 0.422794 0.2347840000000001 0.021238 0.0351
0 0.457332 0.277458 0.018538 0.038284
0 0.357288 0.15084199999999992 0.01705 0.036284
0 0.326788 0.18215000000000003 0.01705 0.0335
0 0.267412 0.1681839999999999 0.01615 0.0319
0 0.188012 0.1835420000000001 0.01645 0.031516
0 0.215824 0.22162400000000004 0.01705 0.036684
0 0.18995 0.24914199999999997 0.01675 0.033484
0 0.24095 0.1967000000000001 0.01765 0.0347
0 0.270106 0.2367840000000001 0.017338 0.0327
0 0.297776 0.20727600000000002 0.01765 0.035884
0 0.243338 0.2630999999999999 0.01765 0.0343
0 0.218068 0.2864340000000001 0.017938 0.0339
0 0.192944 0.3123499999999999 0.017338 0.0339
0 0.219562 0.351626 0.01855 0.039084
0 0.194438 0.3727579999999999 0.01795 0.038284
0 0.246332 0.32610800000000006 0.017038 0.034284
0 0.27355 0.300384 0.01645 0.0299
0 0.300312 0.275258 0.01795 0.037884
0 0.329174 0.25053400000000003 0.01765 0.0331
0 0.359388 0.22222600000000003 0.01705 0.035484
0 0.390788 0.26429199999999997 0.01945 0.037484
0 0.360432 0.29221600000000003 0.019138 0.0327
0 0.330988 0.3195239999999999 0.018276 0.034684
0 0.302412 0.34365 0.01735 0.0303
0 0.275194 0.36897599999999997 0.017938 0.033084
0 0.248274 0.3920999999999999 0.01675 0.0323
0 0.22375 0.412442 0.01495 0.032316
0 0.196238 0.43099200000000004 0.01615 0.037484
0 0.201618 0.4945919999999999 0.014962 0.031516
0 0.226438 0.47724999999999995 0.01615 0.0335
0 0.249468 0.4529160000000001 0.019138 0.0335
0 0.276988 0.429192 0.01735 0.033884
0 0.303756 0.4090499999999999 0.017638 0.0351
0 0.333362 0.38551599999999997 0.01585 0.0327
0 0.362818 0.36139199999999994 0.019738 0.037084
0 0.393182 0.33567400000000003 0.020038 0.037484
0 0.425632 0.30716600000000005 0.019138 0.0347
0 0.336056 0.45351600000000003 0.017638 0.0363
0 0.364768 0.429592 0.018238 0.035484
0 0.396468 0.40267600000000003 0.018838 0.035084
0 0.397368 0.47325799999999996 0.018838 0.037484
0 0.429968 0.44872599999999996 0.019438 0.037084
0 0.427276 0.37954200000000005 0.01825 0.031916
0 0.459882 0.35262400000000005 0.019438 0.037884
0 0.462118 0.4242079999999999 0.019738 0.035084
0 0.494418 0.3257080000000001 0.020338 0.037484
0 0.495318 0.39669200000000004 0.023338 0.041484
0 0.528518 0.29499999999999993 0.020338 0.0359
0 0.529118 0.37077399999999994 0.021538 0.039884
0 0.564856 0.34325000000000006 0.022438 0.040666
0 0.643962 0.361 0.023326 0.038666
0 0.605088 0.38950799999999997 0.023924 0.040684
0 0.567694 0.41782600000000003 0.019138 0.036684
0 0.530162 0.4435420000000001 0.021226 0.036284
0 0.643662 0.43895799999999996 0.024526 0.035884
0 0.604632 0.465484 0.022438 0.0355
0 0.644412 0.514726 0.022424 0.038284
0 0.567694 0.4929920000000001 0.020338 0.035484
0 0.605532 0.5438419999999999 0.022438 0.038284
0 0.6468 0.592692 0.024224 0.040284
0 0.570238 0.5671740000000001 0.022424 0.037084
0 0.607326 0.6182080000000001 0.023026 0.039484
0 0.495468 0.470658 0.022438 0.037884
0 0.531662 0.518716 0.024826 0.039066
0 0.462412 0.4949920000000001 0.020926 0.038684
0 0.496662 0.542842 0.023026 0.038684
0 0.646206 0.668258 0.021838 0.039884
0 0.645306 0.7474160000000001 0.021838 0.039466
0 0.607176 0.7663580000000001 0.020926 0.034284
0 0.607474 0.6933739999999999 0.023924 0.037484
0 0.570538 0.715708 0.021226 0.037484
0 0.535994 0.7382839999999999 0.020338 0.038766
0 0.570394 0.6411420000000001 0.020938 0.036684
0 0.533006 0.5912919999999999 0.020938 0.037484
0 0.53375 0.664666 0.01945 0.0335
0 0.499506 0.6868000000000001 0.021538 0.0363
0 0.466306 0.7077420000000001 0.020338 0.035084
0 0.499506 0.614824 0.020938 0.037484
0 0.463918 0.567966 0.019738 0.0363
0 0.463612 0.6395500000000001 0.022726 0.0359
0 0.433856 0.659284 0.019438 0.0331
0 0.402906 0.679224 0.020938 0.036284
0 0.400056 0.611434 0.020038 0.0331
0 0.431462 0.5901000000000001 0.01945 0.0343
0 0.428624 0.5211159999999999 0.01795 0.0327
0 0.399012 0.5420419999999999 0.020926 0.035484
0 0.365818 0.4967839999999999 0.019138 0.0319
0 0.37 0.562184 0.01795 0.0327
0 0.371644 0.6347579999999999 0.018838 0.035884
0 0.342338 0.6521079999999999 0.01765 0.031516
0 0.340694 0.5885 0.017938 0.0359
0 0.311832 0.60745 0.020038 0.0339
0 0.33755 0.5189159999999999 0.01825 0.0331
0 0.307344 0.5422419999999999 0.018838 0.035084
0 0.3057 0.476842 0.01795 0.038284
0 0.279982 0.4967839999999999 0.019738 0.0335
0 0.252762 0.5195160000000001 0.01855 0.0319
0 0.226438 0.5384500000000001 0.01675 0.0339
0 0.257094 0.5861080000000001 0.021238 0.041484
0 0.231824 0.6012660000000001 0.01855 0.0319
0 0.285612 0.627516 0.0135 0.025834
