0 0.396138 0.151148 0.1601 0.19386
0 0.5734 0.147596 0.163924 0.18676
0 0.749706 0.149962 0.169638 0.200946
0 0.1312 0.342636 0.17155 0.184404
0 0.324662 0.343822 0.17345 0.200946
0 0.503832 0.335542 0.162012 0.203302
0 0.678232 0.346178 0.148662 0.191488
0 0.85645 0.341458 0.165824 0.18676
0 0.231268 0.536488 0.154388 0.193844
0 0.406618 0.541218 0.162012 0.193844
0 0.582932 0.541218 0.156288 0.21276
0 0.769724 0.551852 0.1906 0.21986
0 0.766856 0.897016 0.162012 0.200946
0 0.214494 0.150202 0.171538 0.19386
