0 0.482675 0.226959 0.081983 0.037956
0 0.402283 0.269503 0.078800 0.042669
0 0.608746 0.198050 0.066192 0.043738
0 0.752163 0.199772 0.075658 0.040081
0 0.676538 0.277778 0.059925 0.040069
0 0.321904 0.352837 0.063042 0.043850
0 0.456658 0.357625 0.061467 0.043738
0 0.601658 0.358747 0.061467 0.043856
0 0.537038 0.275413 0.061458 0.042675
0 0.822304 0.279550 0.074075 0.043850
0 0.236804 0.435578 0.063042 0.043856
0 0.375496 0.439659 0.063042 0.047281
0 0.518125 0.441550 0.064617 0.046100
0 0.671000 0.449706 0.064617 0.048462
0 0.145387 0.519503 0.063042 0.048344
0 0.288025 0.526597 0.064617 0.048581
0 0.436171 0.531972 0.067775 0.047281
0 0.588258 0.541312 0.069350 0.052013
0 0.856975 0.472163 0.067767 0.046100
0 0.747442 0.360519 0.072500 0.044800
0 0.935792 0.382922 0.067750 0.047281
0 0.052404 0.611172 0.063042 0.047281
0 0.198187 0.619919 0.070925 0.048463
0 0.344758 0.626537 0.070917 0.052012
0 0.501575 0.635934 0.066200 0.051894
0 0.779750 0.566253 0.064617 0.049644
0 0.945233 0.574466 0.080383 0.054256
0 0.098896 0.718675 0.074075 0.051888
0 0.252558 0.729375 0.072500 0.052012
0 0.414104 0.740484 0.077225 0.053194
0 0.702521 0.669019 0.074075 0.051912
0 0.865642 0.671988 0.078800 0.057800
0 0.149329 0.834456 0.074075 0.054375
0 0.314812 0.848759 0.074075 0.059106
0 0.615050 0.770094 0.072500 0.055438
0 0.783687 0.781325 0.078808 0.061588
0 0.957842 0.792553 0.080383 0.062769
0 0.045312 0.943913 0.074075 0.057925
0 0.213946 0.961525 0.080375 0.062650
0 0.522854 0.886006 0.077225 0.057888
0 0.695433 0.894741 0.075650 0.059106
0 0.874312 0.907269 0.077225 0.067375
