0 0.514602 0.135364 0.024370 0.034204
0 0.376295 0.292912 0.017813 0.028040
0 0.366647 0.318477 0.018308 0.027052
0 0.356750 0.343052 0.020782 0.024741
0 0.347596 0.369114 0.021771 0.026722
0 0.336956 0.394185 0.021278 0.030679
0 0.397201 0.290108 0.023009 0.027710
0 0.387306 0.315673 0.021523 0.030019
0 0.376667 0.339920 0.019051 0.028370
0 0.367759 0.366640 0.019051 0.029028
0 0.358605 0.392702 0.020039 0.030349
0 0.327964 0.422559 0.021021 0.029451
0 0.298394 0.449400 0.026009 0.028028
0 0.286102 0.475525 0.021375 0.029926
0 0.253681 0.504028 0.022801 0.031827
0 0.244061 0.529204 0.022090 0.030877
0 0.234441 0.556756 0.019951 0.030877
0 0.276839 0.499989 0.022090 0.027552
0 0.266685 0.527542 0.023157 0.028503
0 0.257601 0.553194 0.020664 0.032302
0 0.245308 0.579796 0.023157 0.033253
0 0.318878 0.446310 0.021377 0.028503
0 0.308013 0.472912 0.021021 0.028503
0 0.299285 0.499989 0.022801 0.029454
0 0.288596 0.525642 0.020664 0.028500
0 0.280402 0.551531 0.022090 0.029926
0 0.407841 0.313872 0.021970 0.026917
0 0.397895 0.338812 0.019891 0.025333
0 0.390918 0.364147 0.020187 0.028503
0 0.380229 0.391460 0.020782 0.026920
0 0.347126 0.419566 0.018706 0.026127
0 0.368650 0.417588 0.020190 0.028503
0 0.339406 0.446090 0.021674 0.026920
0 0.361228 0.442526 0.019595 0.026127
0 0.329459 0.471227 0.019595 0.028898
0 0.351134 0.468455 0.020782 0.028108
0 0.319366 0.498145 0.018407 0.031272
0 0.342821 0.496363 0.021970 0.029293
0 0.311498 0.524469 0.021079 0.027710
0 0.331538 0.522094 0.023752 0.031670
0 0.300513 0.550795 0.019891 0.028108
0 0.322186 0.548221 0.019299 0.031670
0 0.420667 0.336002 0.022565 0.029688
0 0.411463 0.362721 0.017815 0.028503
0 0.401517 0.388255 0.019891 0.028108
0 0.391274 0.413986 0.019002 0.026522
0 0.382664 0.440904 0.021972 0.029691
0 0.432691 0.359753 0.021081 0.030481
0 0.422745 0.385681 0.019000 0.028503
0 0.412650 0.412798 0.022565 0.028898
0 0.403744 0.438529 0.021970 0.028898
0 0.395431 0.461687 0.020782 0.029293
0 0.373163 0.466239 0.021970 0.028898
0 0.364553 0.490980 0.021375 0.026917
0 0.384891 0.490585 0.022269 0.029293
0 0.353272 0.518295 0.020188 0.028503
0 0.374796 0.516315 0.021079 0.031667
0 0.344068 0.544816 0.021377 0.028503
0 0.365147 0.544421 0.020188 0.032460
0 0.312300 0.574903 0.019595 0.032460
0 0.334567 0.572725 0.019000 0.031272
0 0.355943 0.570548 0.020188 0.030083
0 0.443976 0.383895 0.021678 0.029679
0 0.435512 0.409630 0.022565 0.030481
0 0.425714 0.437341 0.021377 0.028108
0 0.415323 0.461093 0.019595 0.027315
0 0.406861 0.487219 0.022861 0.028105
0 0.458966 0.406463 0.019595 0.027315
0 0.447833 0.432988 0.018704 0.030481
0 0.438035 0.458915 0.021079 0.028503
0 0.428831 0.485438 0.021079 0.029296
0 0.397212 0.512951 0.022563 0.029691
0 0.387562 0.541057 0.020486 0.029688
0 0.378360 0.567184 0.019891 0.028898
0 0.469803 0.431602 0.019894 0.030877
0 0.460005 0.456937 0.020486 0.029293
0 0.450950 0.482469 0.021377 0.032062
0 0.419924 0.511170 0.020486 0.030877
0 0.411463 0.536900 0.024347 0.030880
0 0.399141 0.563423 0.021079 0.026920
0 0.481678 0.453968 0.023454 0.031275
0 0.472030 0.478509 0.018407 0.030481
0 0.270141 0.579258 0.020782 0.028503
0 0.291221 0.577278 0.024345 0.031667
0 0.257078 0.604593 0.020785 0.026920
0 0.281126 0.602415 0.021970 0.028108
0 0.268953 0.628739 0.024345 0.029293
0 0.303839 0.599644 0.019299 0.022565
0 0.324770 0.595884 0.017813 0.026127
0 0.346147 0.594301 0.019595 0.026127
0 0.369007 0.592122 0.021972 0.028108
0 0.390384 0.587769 0.020782 0.029691
0 0.441301 0.508398 0.021079 0.027710
0 0.431652 0.537097 0.021377 0.028898
0 0.421706 0.561443 0.021079 0.029293
0 0.410126 0.584997 0.019299 0.025728
0 0.400924 0.612707 0.020486 0.027315
0 0.379398 0.615082 0.020190 0.026522
0 0.359953 0.617457 0.019299 0.028105
0 0.336646 0.621022 0.018407 0.027315
0 0.316010 0.622009 0.019299 0.030877
0 0.295528 0.626165 0.021676 0.028102
0 0.282907 0.653877 0.024940 0.030481
0 0.294189 0.677431 0.026720 0.031670
0 0.303839 0.650116 0.019299 0.030083
0 0.327293 0.647147 0.023456 0.028108
0 0.317050 0.672681 0.021970 0.025336
0 0.305175 0.701380 0.024938 0.026525
0 0.347185 0.644375 0.019894 0.025731
0 0.338723 0.669909 0.020188 0.026127
0 0.370281 0.639974 0.022262 0.026904
0 0.360516 0.665079 0.022269 0.026127
0 0.327561 0.695759 0.019299 0.028105
0 0.316873 0.724657 0.023454 0.031272
0 0.349976 0.694176 0.022563 0.029691
0 0.339734 0.720301 0.021079 0.028898
0 0.329638 0.747815 0.021674 0.031667
0 0.391838 0.639349 0.020782 0.029296
0 0.380853 0.665673 0.021377 0.030481
0 0.372392 0.692790 0.019891 0.026920
0 0.363189 0.717730 0.021674 0.028503
0 0.353687 0.745043 0.022861 0.031667
0 0.462648 0.506736 0.020486 0.029293
0 0.453444 0.534248 0.022861 0.028898
0 0.443052 0.556417 0.022266 0.030481
0 0.433552 0.584127 0.019299 0.031272
0 0.423606 0.610451 0.020782 0.030086
0 0.414105 0.636380 0.021377 0.028895
0 0.403714 0.662110 0.023752 0.028898
0 0.394956 0.688435 0.021079 0.029296
0 0.385307 0.715948 0.021377 0.029691
0 0.494119 0.476847 0.019299 0.031275
0 0.484766 0.504954 0.020782 0.033648
0 0.472446 0.531082 0.017516 0.032065
0 0.464281 0.555623 0.021377 0.030481
0 0.454336 0.583335 0.020486 0.031275
0 0.445725 0.608471 0.021079 0.029293
0 0.437412 0.635191 0.023454 0.031272
0 0.425833 0.661517 0.021079 0.029293
0 0.416926 0.686852 0.024644 0.026130
0 0.504956 0.498423 0.020782 0.030877
0 0.495307 0.527319 0.019891 0.031670
0 0.486250 0.553250 0.020782 0.030481
0 0.475860 0.578585 0.019002 0.029688
0 0.465171 0.603721 0.016625 0.025336
0 0.406683 0.712187 0.019000 0.026917
0 0.375212 0.741679 0.019595 0.030481
0 0.396737 0.737719 0.019891 0.030481
0 0.517128 0.525539 0.019595 0.032065
0 0.507331 0.550873 0.023157 0.031272
0 0.498275 0.577991 0.020486 0.030877
0 0.489072 0.601940 0.022269 0.030478
0 0.457304 0.630441 0.019299 0.029691
0 0.478235 0.627077 0.022563 0.031667
0 0.448545 0.660131 0.022563 0.029688
0 0.439639 0.684676 0.020782 0.027315
0 0.428802 0.711198 0.023456 0.028105
0 0.470812 0.655776 0.021375 0.025731
0 0.459971 0.679918 0.020475 0.025719
0 0.449882 0.708823 0.021079 0.028108
0 0.418707 0.735938 0.019299 0.028500
0 0.343742 0.773546 0.023752 0.030086
0 0.365414 0.766617 0.020782 0.031272
0 0.386050 0.765431 0.021674 0.032065
0 0.408464 0.763846 0.019002 0.033648
0 0.355322 0.796106 0.023755 0.030873
0 0.442162 0.732971 0.019296 0.025731
0 0.431919 0.761472 0.020190 0.028105
0 0.422715 0.787401 0.020782 0.030086
0 0.400002 0.788787 0.020486 0.030481
0 0.378775 0.794131 0.020190 0.029293
0 0.529003 0.549290 0.017812 0.030481
0 0.519206 0.574823 0.020782 0.026127
0 0.509260 0.604512 0.022266 0.030877
0 0.502135 0.628660 0.023456 0.030877
0 0.492041 0.653204 0.021081 0.026130
0 0.483431 0.678935 0.021671 0.030086
0 0.541771 0.574625 0.020782 0.031275
0 0.472891 0.704863 0.019000 0.028898
0 0.462796 0.731188 0.019597 0.030877
0 0.533161 0.597981 0.021970 0.030481
0 0.522770 0.624108 0.019595 0.034438
0 0.514159 0.649840 0.021970 0.029691
0 0.504659 0.678341 0.021377 0.029688
0 0.494267 0.703478 0.023160 0.027710
0 0.484172 0.729011 0.019002 0.026522
0 0.453890 0.759492 0.021377 0.028108
0 0.476306 0.755929 0.020486 0.029691
0 0.466211 0.782057 0.021079 0.026522
0 0.442756 0.785224 0.020484 0.025731
0 0.368235 0.817684 0.022266 0.029688
0 0.390650 0.814914 0.020190 0.030481
0 0.380407 0.842424 0.022861 0.031670
0 0.412770 0.813131 0.019891 0.030880
0 0.403120 0.838269 0.021972 0.030481
0 0.392284 0.866770 0.024641 0.032855
0 0.434591 0.810360 0.019595 0.028503
0 0.424794 0.835694 0.019000 0.030877
0 0.415145 0.865187 0.019299 0.028108
0 0.456561 0.807590 0.020785 0.023753
0 0.445873 0.835102 0.020782 0.031272
0 0.437560 0.861623 0.021375 0.028105
0 0.425981 0.888148 0.020190 0.027315
0 0.438896 0.913483 0.023454 0.032065
0 0.461758 0.910315 0.021674 0.030481
0 0.484321 0.909920 0.021674 0.031272
0 0.492486 0.932088 0.023157 0.034441
0 0.515793 0.928525 0.024049 0.031272
0 0.538207 0.926545 0.021970 0.035231
0 0.559139 0.924963 0.020486 0.033648
0 0.568045 0.897648 0.024641 0.033648
0 0.590314 0.894877 0.024049 0.033648
0 0.601891 0.917242 0.022861 0.035627
0 0.614065 0.891710 0.024644 0.036815
0 0.633362 0.890721 0.025831 0.034836
0 0.655184 0.888741 0.026127 0.036420
0 0.662904 0.861228 0.026127 0.034438
0 0.686061 0.862812 0.026127 0.034438
0 0.554091 0.596398 0.019891 0.030481
0 0.566561 0.619753 0.021081 0.024938
0 0.545481 0.621336 0.020486 0.030481
0 0.535536 0.649244 0.020188 0.027710
0 0.555728 0.644495 0.021965 0.030083
0 0.578436 0.643110 0.019891 0.028898
0 0.525738 0.674977 0.021375 0.028503
0 0.548451 0.672798 0.018111 0.028898
0 0.570569 0.671215 0.027315 0.026522
0 0.589868 0.667850 0.018407 0.025336
0 0.515792 0.701102 0.020486 0.030877
0 0.506588 0.726042 0.018111 0.025336
0 0.497682 0.752961 0.019891 0.029293
0 0.485806 0.780670 0.019894 0.033253
0 0.476899 0.805610 0.019299 0.030083
0 0.467992 0.831738 0.020484 0.030086
0 0.459233 0.859645 0.019595 0.028895
0 0.448843 0.888147 0.023157 0.032065
0 0.537911 0.697738 0.019002 0.029691
0 0.526933 0.724269 0.021968 0.027327
0 0.518762 0.750782 0.020486 0.026522
0 0.509558 0.776910 0.020486 0.028105
0 0.499611 0.804423 0.023750 0.031667
0 0.491299 0.829955 0.021375 0.029688
0 0.481204 0.856873 0.020782 0.030481
0 0.471109 0.886366 0.023157 0.035627
0 0.558693 0.696748 0.021970 0.033250
0 0.550229 0.722875 0.022866 0.028503
0 0.540880 0.748210 0.020190 0.027710
0 0.531528 0.775525 0.020486 0.027710
0 0.523214 0.801256 0.019891 0.030877
0 0.510002 0.828174 0.021375 0.030083
0 0.500354 0.853312 0.021079 0.030481
0 0.493376 0.882011 0.019595 0.032460
0 0.504659 0.906356 0.020188 0.035231
0 0.582564 0.695481 0.021377 0.031667
0 0.573375 0.720222 0.020755 0.031272
0 0.562538 0.745954 0.021109 0.029691
0 0.551419 0.773665 0.020190 0.028898
0 0.543537 0.799969 0.019861 0.025296
0 0.532241 0.825522 0.020486 0.029691
0 0.523630 0.852440 0.022861 0.029688
0 0.513980 0.881735 0.019595 0.027315
0 0.523215 0.904495 0.018407 0.031670
0 0.549609 0.901923 0.023157 0.032858
0 0.535817 0.876389 0.024079 0.030877
0 0.548139 0.851846 0.023782 0.034043
0 0.554211 0.825127 0.018111 0.029691
0 0.603659 0.693106 0.024910 0.033250
0 0.594737 0.717452 0.021970 0.032855
0 0.582713 0.743579 0.020486 0.032065
0 0.574413 0.771091 0.022831 0.030880
0 0.564913 0.796623 0.021049 0.027315
0 0.558513 0.875796 0.028507 0.033648
0 0.615385 0.716858 0.022891 0.034043
0 0.604400 0.741599 0.022833 0.030481
0 0.593104 0.767727 0.016329 0.032065
0 0.586587 0.794448 0.021701 0.030086
0 0.576493 0.819386 0.023426 0.030877
0 0.569084 0.849471 0.023456 0.032460
0 0.581688 0.873222 0.024315 0.037210
0 0.628731 0.741006 0.025236 0.034043
0 0.615520 0.763966 0.029095 0.036420
0 0.607948 0.792468 0.023456 0.030880
0 0.598907 0.819583 0.021347 0.030481
0 0.591323 0.848681 0.022266 0.034836
0 0.601119 0.869660 0.019299 0.028500
0 0.640032 0.764756 0.022287 0.034043
0 0.628449 0.788310 0.016954 0.026522
0 0.621324 0.818989 0.021704 0.026127
0 0.611660 0.844523 0.021375 0.028108
0 0.622214 0.868671 0.018674 0.036022
0 0.649098 0.789301 0.021970 0.031670
0 0.640904 0.816219 0.021674 0.030086
0 0.629934 0.841157 0.015706 0.027710
0 0.639434 0.865108 0.014576 0.036815
0 0.648624 0.842545 0.019299 0.035231
0 0.664209 0.812458 0.024345 0.028108
0 0.675076 0.835418 0.022861 0.036022
0 0.644358 0.117407 0.020521 0.026222
0 0.634951 0.145340 0.024796 0.033062
0 0.624690 0.170992 0.024796 0.030781
0 0.615071 0.194934 0.022660 0.030781
0 0.606093 0.222866 0.026079 0.028503
0 0.598828 0.246812 0.020956 0.027370
0 0.589847 0.271603 0.023514 0.030213
0 0.580655 0.297826 0.025653 0.030781
0 0.571463 0.322052 0.023514 0.031352
0 0.560775 0.348559 0.020949 0.029642
0 0.553294 0.375352 0.024796 0.029642
0 0.543887 0.401003 0.022231 0.029642
0 0.532985 0.424659 0.022660 0.027929
0 0.524008 0.450881 0.022660 0.029071
0 0.442564 0.112278 0.023086 0.029074
0 0.435509 0.138500 0.021806 0.031352
0 0.424394 0.164437 0.022657 0.027361
0 0.413919 0.191798 0.023088 0.031923
0 0.404513 0.216025 0.020521 0.029074
0 0.462657 0.111137 0.023088 0.030213
0 0.453892 0.137929 0.021803 0.030210
0 0.445557 0.167571 0.023942 0.034772
0 0.435723 0.191514 0.026507 0.029071
0 0.426103 0.214600 0.022660 0.031923
0 0.415628 0.239397 0.023086 0.034775
0 0.420118 0.113131 0.025222 0.035343
0 0.400451 0.115414 0.031208 0.034204
0 0.410926 0.140779 0.023940 0.033633
0 0.390191 0.143915 0.025225 0.036485
0 0.367745 0.143630 0.025653 0.034772
0 0.380144 0.164721 0.023088 0.025651
0 0.404086 0.167002 0.022231 0.032491
0 0.392543 0.190088 0.020521 0.035343
0 0.484675 0.109713 0.026933 0.036481
0 0.474627 0.135364 0.024796 0.029642
0 0.468428 0.160731 0.026079 0.031352
0 0.489687 0.255184 0.023514 0.036485
0 0.447265 0.211748 0.026507 0.030781
0 0.439998 0.239111 0.029926 0.029642
0 0.428882 0.262769 0.022231 0.027932
0 0.506265 0.108573 0.019664 0.034201
0 0.494722 0.133940 0.022231 0.025651
0 0.486812 0.160446 0.019241 0.030781
0 0.478904 0.187522 0.021377 0.031352
0 0.467147 0.213458 0.019238 0.027361
0 0.456671 0.235691 0.018810 0.033062
0 0.450686 0.260488 0.021377 0.032494
0 0.439785 0.289275 0.024370 0.035340
0 0.524863 0.109997 0.023514 0.042753
0 0.505838 0.161301 0.032491 0.033633
0 0.498784 0.183818 0.027789 0.030784
0 0.489591 0.207759 0.024799 0.030784
0 0.481897 0.233127 0.026507 0.032494
0 0.472918 0.258494 0.022234 0.033062
0 0.462872 0.287281 0.021803 0.031352
0 0.452611 0.310651 0.020949 0.029074
0 0.564409 0.099736 0.018812 0.030213
0 0.483050 0.280326 0.021803 0.030781
0 0.475355 0.306262 0.022660 0.032494
0 0.463598 0.332483 0.021377 0.030213
0 0.477282 0.354431 0.020528 0.031923
0 0.488181 0.379512 0.021806 0.030784
0 0.486256 0.331344 0.017956 0.033633
0 0.493953 0.305122 0.023086 0.029071
0 0.505067 0.277475 0.019667 0.030784
0 0.500584 0.404025 0.022669 0.029642
0 0.512123 0.427397 0.020093 0.035343
0 0.498441 0.353290 0.024368 0.033062
0 0.509985 0.377802 0.021803 0.033062
0 0.522383 0.400889 0.021803 0.038191
0 0.546752 0.105323 0.020949 0.031923
0 0.523024 0.127554 0.006840 0.027361
0 0.527727 0.155488 0.020523 0.029642
0 0.522383 0.182279 0.022660 0.031923
0 0.511053 0.203940 0.019667 0.025083
0 0.500579 0.228736 0.020093 0.029071
0 0.536492 0.127270 0.025225 0.032491
0 0.557013 0.129549 0.023516 0.035914
0 0.532644 0.153491 0.009833 0.024512
0 0.539484 0.179144 0.020949 0.026793
0 0.547394 0.156343 0.021375 0.027932
0 0.532644 0.204225 0.024370 0.027932
0 0.522596 0.229877 0.023086 0.029074
0 0.511481 0.254673 0.022231 0.028500
0 0.586940 0.097343 0.023514 0.039901
0 0.578603 0.126985 0.023942 0.034204
0 0.567916 0.156057 0.023942 0.028503
0 0.561288 0.177718 0.022660 0.028503
0 0.554448 0.201090 0.019238 0.027364
0 0.544187 0.225316 0.018384 0.030213
0 0.534567 0.252392 0.018810 0.029642
0 0.526659 0.278614 0.021803 0.034204
0 0.517679 0.302843 0.022660 0.031352
0 0.513191 0.329920 0.022234 0.029642
0 0.610027 0.096204 0.024368 0.033062
0 0.599979 0.122424 0.021375 0.033065
0 0.590788 0.152066 0.024368 0.033065
0 0.581169 0.174582 0.022231 0.025651
0 0.621569 0.120715 0.024370 0.037620
0 0.619219 0.152066 0.029072 0.038762
0 0.601690 0.175437 0.027361 0.035343
0 0.574115 0.198810 0.020095 0.031923
0 0.593780 0.195390 0.022657 0.031923
0 0.587582 0.224176 0.026507 0.030210
0 0.564922 0.226457 0.023086 0.034772
0 0.555303 0.253532 0.020949 0.028503
0 0.547394 0.278045 0.021375 0.027361
0 0.579244 0.248688 0.024368 0.035914
0 0.570266 0.274625 0.023514 0.031923
0 0.559792 0.299136 0.022231 0.030784
0 0.539270 0.302557 0.017956 0.031923
0 0.548847 0.324560 0.021806 0.035343
0 0.533242 0.327125 0.023942 0.034775
0 0.517424 0.352207 0.020523 0.030210
0 0.540082 0.352778 0.020521 0.031352
0 0.529608 0.376719 0.021803 0.029074
0 0.656797 0.145282 0.023942 0.035910
0 0.643544 0.171505 0.022231 0.035910
0 0.637346 0.194875 0.021803 0.033633
0 0.627940 0.218818 0.024370 0.030210
0 0.619176 0.243894 0.024796 0.026781
0 0.606137 0.266701 0.018384 0.024512
0 0.600579 0.296630 0.020949 0.029642
0 0.588822 0.321424 0.019667 0.029071
0 0.580912 0.348218 0.020093 0.029071
0 0.572789 0.373298 0.023514 0.026793
0 0.565093 0.400090 0.024370 0.027932
0 0.555473 0.423747 0.020521 0.027364
0 0.546497 0.448829 0.017956 0.028503
0 0.535807 0.472486 0.017956 0.030213
0 0.676892 0.139582 0.023942 0.033633
0 0.667059 0.167515 0.023942 0.031352
0 0.658294 0.190886 0.023514 0.027932
0 0.650171 0.216537 0.023514 0.027932
0 0.639697 0.242475 0.022231 0.029642
0 0.631574 0.266986 0.020523 0.027361
0 0.621954 0.294633 0.020949 0.030210
0 0.612334 0.320284 0.026507 0.027932
0 0.602502 0.344796 0.021375 0.031352
0 0.595875 0.370448 0.022657 0.031352
0 0.584973 0.394674 0.019664 0.031923
0 0.575568 0.418901 0.020521 0.030210
0 0.567446 0.445978 0.017956 0.033062
0 0.558466 0.471060 0.019664 0.028503
0 0.546497 0.504407 0.021377 0.032494
0 0.688265 0.166279 0.020308 0.033250
0 0.677753 0.190269 0.019951 0.027074
0 0.679358 0.237772 0.020308 0.032778
0 0.661010 0.241810 0.019951 0.029454
0 0.651568 0.268410 0.018882 0.030401
0 0.643005 0.289787 0.023204 0.031352
0 0.634628 0.317577 0.019988 0.028025
0 0.621630 0.343198 0.021000 0.025210
0 0.614693 0.368644 0.020664 0.029454
0 0.606499 0.393346 0.019951 0.029451
0 0.598483 0.419946 0.021021 0.025651
0 0.587795 0.443699 0.018882 0.028503
0 0.579244 0.471963 0.020308 0.028025
0 0.569986 0.495242 0.021741 0.028034
0 0.698242 0.186235 0.022451 0.031358
0 0.560718 0.521843 0.023157 0.031827
0 0.690753 0.212366 0.020299 0.029466
0 0.673836 0.263898 0.022801 0.028975
0 0.665106 0.289789 0.020306 0.028503
0 0.654240 0.316153 0.019951 0.025176
0 0.644977 0.339427 0.018528 0.027077
0 0.637672 0.364130 0.020308 0.029926
0 0.629123 0.390731 0.021019 0.029926
0 0.617725 0.415193 0.023162 0.031343
0 0.608638 0.442986 0.019951 0.030880
0 0.600443 0.468639 0.021377 0.032778
0 0.591892 0.493576 0.019951 0.026602
0 0.581917 0.519466 0.020662 0.029926
0 0.572475 0.544880 0.023157 0.031352
0 0.710354 0.209502 0.020310 0.032293
0 0.703406 0.235159 0.019951 0.028503
0 0.694322 0.260099 0.017458 0.029926
0 0.684167 0.287651 0.019241 0.031827
0 0.672765 0.311883 0.022799 0.031840
0 0.667066 0.336344 0.021377 0.027559
0 0.658337 0.363894 0.019595 0.029454
0 0.647985 0.388591 0.021762 0.028497
0 0.640524 0.414485 0.021021 0.030877
0 0.628944 0.439660 0.023514 0.028975
0 0.622709 0.466262 0.021021 0.028025
0 0.612913 0.491676 0.019238 0.030401
0 0.603471 0.518517 0.019595 0.026127
0 0.595455 0.541316 0.020664 0.026127
0 0.585836 0.568157 0.020662 0.028500
0 0.733868 0.208082 0.022444 0.034201
0 0.724782 0.235872 0.023514 0.028978
0 0.714628 0.260335 0.021021 0.025651
0 0.705899 0.286701 0.021377 0.032778
0 0.696815 0.310690 0.023157 0.029454
0 0.688443 0.337529 0.020664 0.028028
0 0.679179 0.360330 0.023516 0.030877
0 0.670451 0.385032 0.024583 0.025176
0 0.661899 0.411397 0.021021 0.027552
0 0.652281 0.437997 0.021021 0.031352
0 0.642483 0.464363 0.018525 0.029929
0 0.632152 0.487165 0.018525 0.026127
0 0.624492 0.514003 0.021734 0.029451
0 0.617366 0.538943 0.023870 0.026127
0 0.606856 0.566731 0.022801 0.030401
0 0.596435 0.591171 0.019676 0.029077
0 0.746707 0.230046 0.025225 0.029642
0 0.736661 0.257694 0.020521 0.030210
0 0.726828 0.283062 0.021377 0.029642
0 0.719987 0.309282 0.021377 0.028503
0 0.709941 0.333511 0.019238 0.030213
0 0.702031 0.361156 0.017956 0.027361
0 0.691984 0.385383 0.022657 0.031352
0 0.683006 0.411605 0.020947 0.029074
0 0.674455 0.436687 0.022660 0.029071
0 0.664836 0.462338 0.023088 0.026793
0 0.654789 0.485710 0.020949 0.027932
0 0.645810 0.511932 0.017528 0.027932
0 0.638120 0.535869 0.021815 0.029065
0 0.626145 0.562094 0.015817 0.025651
0 0.619519 0.588887 0.019667 0.030213
0 0.608616 0.614253 0.020949 0.026222
0 0.757819 0.253140 0.024361 0.026806
0 0.749487 0.279071 0.023942 0.030784
0 0.739868 0.306148 0.023514 0.031352
0 0.728964 0.330090 0.017956 0.027932
0 0.721697 0.356312 0.023088 0.032494
0 0.712933 0.382247 0.023514 0.026222
0 0.702672 0.407616 0.019238 0.030213
0 0.694550 0.432981 0.019238 0.027364
0 0.768725 0.280781 0.019667 0.031920
0 0.762316 0.302443 0.019674 0.030781
0 0.780910 0.302728 0.018384 0.031352
0 0.753762 0.327239 0.018810 0.031355
0 0.741789 0.352316 0.020519 0.030201
0 0.772573 0.327239 0.023086 0.031355
0 0.761243 0.352890 0.020949 0.029071
0 0.732385 0.378829 0.020521 0.030781
0 0.723407 0.405619 0.020523 0.028503
0 0.736020 0.431557 0.022660 0.026793
0 0.793303 0.326676 0.019227 0.027944
0 0.783047 0.350897 0.021803 0.031923
0 0.806562 0.348330 0.018384 0.031352
0 0.795875 0.373989 0.018389 0.027948
0 0.752906 0.378542 0.021377 0.033633
0 0.745212 0.404764 0.021377 0.032491
0 0.715498 0.431843 0.019241 0.029642
0 0.773000 0.376546 0.022231 0.029642
0 0.767229 0.400205 0.020949 0.025651
0 0.786896 0.396784 0.020093 0.030210
0 0.810624 0.396500 0.023942 0.029642
0 0.684289 0.460059 0.020949 0.030210
0 0.675310 0.485140 0.022657 0.025651
0 0.666545 0.508512 0.017956 0.024512
0 0.821740 0.420440 0.021377 0.027361
0 0.831786 0.446093 0.020947 0.033062
0 0.757609 0.426140 0.017102 0.030781
0 0.778345 0.425002 0.022657 0.027361
0 0.797797 0.424432 0.020521 0.026222
0 0.706093 0.456068 0.022657 0.027932
0 0.696900 0.482861 0.021375 0.027932
0 0.687709 0.509653 0.019238 0.025651
0 0.656712 0.534448 0.017956 0.026222
0 0.648590 0.561239 0.019667 0.027361
0 0.638756 0.586606 0.020521 0.029071
0 0.631488 0.613969 0.019667 0.032494
0 0.620373 0.639051 0.019667 0.026793
0 0.678091 0.532168 0.018817 0.026219
0 0.669111 0.559531 0.020523 0.029642
0 0.659706 0.586037 0.019667 0.027932
0 0.650300 0.612259 0.023086 0.029074
0 0.641322 0.637910 0.021375 0.026790
0 0.632985 0.662994 0.019238 0.027932
0 0.725972 0.454927 0.021375 0.030213
0 0.715926 0.480580 0.020949 0.026790
0 0.708016 0.505946 0.018810 0.025083
0 0.701604 0.533025 0.024796 0.027932
0 0.689633 0.556395 0.021377 0.027932
0 0.679800 0.582617 0.017956 0.029074
0 0.670822 0.607983 0.019667 0.027361
0 0.662270 0.634205 0.017956 0.026219
0 0.654148 0.661282 0.019667 0.026793
0 0.644528 0.687789 0.020093 0.027361
0 0.747350 0.452934 0.022231 0.028503
0 0.737729 0.479440 0.020949 0.032491
0 0.729179 0.504807 0.019238 0.027361
0 0.718918 0.531599 0.021803 0.028500
0 0.711223 0.557535 0.022660 0.023373
0 0.702458 0.580906 0.021375 0.026793
0 0.692198 0.607130 0.020521 0.027932
0 0.684502 0.633634 0.022231 0.027361
0 0.675524 0.659858 0.018812 0.029642
0 0.665905 0.686935 0.024370 0.027932
0 0.655858 0.712585 0.017100 0.029071
0 0.770008 0.450653 0.023086 0.029645
0 0.759748 0.475735 0.017102 0.028500
0 0.749487 0.501957 0.020521 0.030784
0 0.740935 0.529887 0.019667 0.023941
0 0.731103 0.554971 0.023086 0.028503
0 0.721911 0.580336 0.020095 0.025654
0 0.713360 0.605134 0.022660 0.027361
0 0.701604 0.632210 0.022231 0.029074
0 0.694334 0.657292 0.020521 0.025651
0 0.683219 0.684940 0.023942 0.027361
0 0.677234 0.712015 0.022231 0.029074
0 0.669111 0.739662 0.025653 0.030781
0 0.789889 0.448657 0.023514 0.030210
0 0.779627 0.475449 0.022657 0.029071
0 0.770222 0.501957 0.024370 0.028500
0 0.762525 0.527323 0.023514 0.029071
0 0.753762 0.552975 0.024796 0.027932
0 0.743714 0.577772 0.021803 0.028500
0 0.735377 0.604278 0.022231 0.031352
0 0.724904 0.630500 0.022660 0.027932
0 0.717850 0.655582 0.023940 0.030213
0 0.708016 0.683514 0.020523 0.025651
0 0.699252 0.708596 0.023514 0.027932
0 0.689205 0.733106 0.023942 0.030213
0 0.679586 0.762463 0.024370 0.026222
0 0.809126 0.449228 0.021803 0.031352
0 0.822381 0.468039 0.022660 0.034775
0 0.833924 0.495116 0.023514 0.031923
0 0.800362 0.472028 0.023086 0.027932
0 0.790957 0.498821 0.023942 0.029074
0 0.782620 0.523903 0.020949 0.029071
0 0.773428 0.550125 0.022231 0.030213
0 0.763381 0.576062 0.020095 0.029642
0 0.755044 0.602284 0.024796 0.026222
0 0.745852 0.629361 0.023514 0.031352
0 0.739226 0.655012 0.020521 0.026790
0 0.728110 0.678383 0.023086 0.027932
0 0.718918 0.704035 0.020095 0.030213
0 0.711650 0.731397 0.026079 0.032491
0 0.701390 0.759900 0.021803 0.030213
0 0.691984 0.782986 0.022657 0.028503
0 0.813830 0.497111 0.022660 0.030210
0 0.803782 0.521907 0.025653 0.028500
0 0.794591 0.548701 0.025225 0.029642
0 0.785612 0.575207 0.024368 0.031352
0 0.777062 0.598579 0.022657 0.026793
0 0.766588 0.625656 0.024796 0.027361
0 0.757396 0.651877 0.021806 0.027364
0 0.750343 0.676958 0.022231 0.028503
0 0.740722 0.703181 0.026079 0.027361
0 0.731316 0.732537 0.024368 0.029074
0 0.722125 0.757049 0.022231 0.026790
0 0.713147 0.781846 0.023086 0.031920
0 0.703955 0.806356 0.024368 0.028503
0 0.824517 0.519914 0.025225 0.027932
0 0.815541 0.544139 0.022660 0.031920
0 0.807630 0.573211 0.024796 0.030781
0 0.797583 0.599718 0.023514 0.026793
0 0.788605 0.625085 0.022660 0.027361
0 0.777490 0.647596 0.026933 0.031364
0 0.773001 0.675247 0.023942 0.033062
0 0.762954 0.702324 0.025222 0.035914
0 0.752479 0.727122 0.020523 0.028503
0 0.745853 0.754483 0.024368 0.035343
0 0.735806 0.779850 0.025653 0.031355
0 0.725972 0.806927 0.027361 0.027361
0 0.715071 0.833434 0.027789 0.033633
0 0.837772 0.541860 0.022660 0.030781
0 0.829648 0.571785 0.026935 0.025651
0 0.819816 0.596869 0.027789 0.030213
0 0.810196 0.620239 0.026507 0.030213
0 0.798010 0.648171 0.022660 0.030213
0 0.793095 0.673823 0.022231 0.032491
0 0.783476 0.698049 0.021803 0.030784
0 0.771719 0.724556 0.023086 0.031352
0 0.765733 0.752489 0.024799 0.029071
0 0.756113 0.778424 0.026935 0.027361
0 0.748204 0.805502 0.028218 0.029071
0 0.831786 0.618815 0.024368 0.037623
0 0.821953 0.647031 0.027789 0.034772
0 0.810196 0.673253 0.029072 0.031352
0 0.805493 0.698620 0.025653 0.030784
0 0.786682 0.750494 0.025650 0.030784
0 0.452194 0.085218 0.026935 0.033633
0 0.492382 0.081796 0.023514 0.035914
0 0.512904 0.079517 0.021803 0.032491
0 0.534708 0.080941 0.021806 0.041043
0 0.558649 0.078091 0.024368 0.038762
0 0.262157 0.248818 0.022231 0.032494
0 0.246339 0.301832 0.020521 0.030213
0 0.235223 0.326628 0.023086 0.035343
0 0.226032 0.355415 0.026079 0.040472
0 0.214274 0.379073 0.026507 0.036485
0 0.305766 0.195235 0.023940 0.034772
0 0.295078 0.219461 0.023942 0.031923
0 0.286742 0.248818 0.025225 0.035914
0 0.277122 0.275326 0.024799 0.036485
0 0.269072 0.301640 0.022861 0.032855
0 0.256603 0.328162 0.024049 0.032855
0 0.246657 0.352111 0.020782 0.033253
0 0.299720 0.271889 0.019069 0.036426
0 0.290700 0.299380 0.022678 0.034593
0 0.279876 0.325724 0.020961 0.030929
0 0.307538 0.249552 0.020618 0.032074
0 0.318792 0.224011 0.019417 0.031843
0 0.329273 0.248063 0.021477 0.030929
0 0.320939 0.272804 0.021993 0.029552
0 0.310373 0.298003 0.018727 0.028636
0 0.301524 0.325380 0.021650 0.027951
0 0.291433 0.351796 0.020782 0.034309
0 0.268795 0.354105 0.020039 0.034969
0 0.260877 0.377691 0.020537 0.032660
0 0.238487 0.379835 0.019794 0.031670
0 0.227353 0.403258 0.024248 0.032330
0 0.214117 0.430472 0.026475 0.037938
0 0.340545 0.221656 0.020535 0.029361
0 0.362687 0.218688 0.022269 0.024741
0 0.349575 0.245079 0.018803 0.029361
0 0.343019 0.270478 0.020537 0.026722
0 0.332503 0.296869 0.022762 0.028701
0 0.323350 0.322435 0.020287 0.032327
0 0.312958 0.348167 0.021278 0.029691
0 0.304794 0.374392 0.021278 0.026062
0 0.282155 0.375381 0.022019 0.028701
0 0.271887 0.402103 0.020782 0.028040
0 0.248998 0.405730 0.020542 0.028040
0 0.241580 0.429483 0.025484 0.030022
0 0.207684 0.458019 0.023998 0.034969
0 0.294525 0.398145 0.021523 0.031340
0 0.285248 0.425525 0.021278 0.031340
0 0.264094 0.427998 0.022021 0.027713
0 0.231931 0.456699 0.022514 0.030349
0 0.252465 0.453730 0.022514 0.031009
0 0.273990 0.450761 0.021525 0.032330
0 0.265701 0.477316 0.021278 0.030022
0 0.243188 0.478142 0.022269 0.027710
0 0.218941 0.480614 0.022762 0.031340
0 0.232302 0.505522 0.022762 0.029691
0 0.219931 0.532242 0.025731 0.034966
0 0.337453 0.168710 0.027711 0.034969
0 0.327060 0.194772 0.023750 0.039586
0 0.350565 0.193452 0.022269 0.036287
0 0.374564 0.243264 0.021275 0.031009
0 0.364049 0.269324 0.018556 0.029691
0 0.355389 0.294562 0.022514 0.025401
0 0.345122 0.320292 0.022266 0.031336
0 0.335472 0.346517 0.021278 0.029688
0 0.325576 0.370764 0.021773 0.028040
0 0.314937 0.396330 0.020287 0.029031
0 0.306154 0.424866 0.020535 0.028701
0 0.386069 0.266355 0.023009 0.027049
