0 0.4106399999999999 0.533546 0.03918 0.061462
0 0.375486 0.57165 0.03918 0.061462
0 0.33776800000000007 0.610542 0.03918 0.061462
0 0.47229199999999993 0.536956 0.0392 0.061462
0 0.4408000000000001 0.568484 0.0392 0.061462
0 0.4081379999999999 0.60161 0.03918 0.061462
0 0.37586600000000003 0.63682 0.03918 0.061462
0 0.34243200000000007 0.669918 0.03918 0.061462
0 0.306276 0.706726 0.03918 0.061462
0 0.272062 0.746672 0.03918 0.061462
0 0.532562 0.539066 0.03918 0.061462
0 0.5007900000000001 0.568186 0.03918 0.061462
0 0.4677579999999999 0.59544 0.03918 0.061462
0 0.4386479999999999 0.633288 0.03918 0.061488
0 0.4050560000000001 0.668106 0.03918 0.061462
0 0.3731439999999999 0.701394 0.03918 0.061462
0 0.33898800000000007 0.739242 0.03918 0.061488
0 0.305396 0.776332 0.03918 0.061462
0 0.557898 0.568944 0.0392 0.061462
0 0.5271079999999999 0.60226 0.0392 0.061462
0 0.495746 0.632516 0.03918 0.061462
0 0.468318 0.665832 0.03918 0.061462
0 0.43696599999999997 0.70291 0.03918 0.061462
0 0.4033739999999999 0.73471 0.03918 0.061462
0 0.3709 0.771786 0.03918 0.061462
0 0.33842799999999995 0.80659 0.03918 0.061462
0 0.585896 0.59544 0.03918 0.061462
0 0.557898 0.631014 0.0392 0.061488
0 0.5293399999999999 0.661286 0.03918 0.061462
0 0.49910999999999994 0.697604 0.03918 0.061462
0 0.468318 0.730162 0.03918 0.061462
0 0.4375279999999999 0.762706 0.03918 0.061488
0 0.40169199999999994 0.796008 0.03918 0.061462
0 0.36809800000000004 0.839906 0.03918 0.061462
0 0.613324 0.63176 0.03918 0.061462
0 0.583644 0.664316 0.0392 0.061462
0 0.5556460000000001 0.692328 0.03918 0.061462
0 0.527658 0.728646 0.03918 0.061462
0 0.495746 0.75893 0.03918 0.061462
0 0.467198 0.796766 0.03918 0.061462
0 0.4336040000000001 0.830054 0.03918 0.061462
0 0.406166 0.862612 0.0392 0.061462
0 0.6407499999999999 0.659012 0.03918 0.061462
0 0.612762 0.687024 0.03918 0.061462
0 0.5797300000000001 0.721826 0.03918 0.061462
0 0.551172 0.755142 0.0392 0.061462
0 0.5214920000000001 0.790704 0.03918 0.061462
0 0.49406400000000006 0.824018 0.03918 0.061462
0 0.46551600000000004 0.861854 0.03918 0.061462
0 0.4319219999999999 0.892882 0.03918 0.061488
0 0.663144 0.688538 0.0392 0.061462
0 0.6373880000000001 0.720312 0.03918 0.061462
0 0.606036 0.74908 0.03918 0.061462
0 0.57917 0.783898 0.03918 0.061488
0 0.5528420000000001 0.814168 0.03918 0.061462
0 0.5214920000000001 0.851244 0.03918 0.061462
0 0.49406400000000006 0.886834 0.03918 0.061462
0 0.464394 0.92391 0.03918 0.061462
0 0.69058 0.713518 0.03918 0.061462
0 0.665386 0.74908 0.0392 0.061462
0 0.637948 0.779364 0.03918 0.061462
0 0.6093999999999999 0.810378 0.03918 0.061462
0 0.576926 0.848228 0.03918 0.061488
0 0.54949 0.882286 0.0392 0.061462
0 0.5214920000000001 0.914074 0.03918 0.061488
0 0.4906999999999999 0.954182 0.03918 0.061488
0 0.717468 0.739986 0.03918 0.061462
0 0.686666 0.771786 0.0392 0.061462
0 0.6625920000000001 0.802802 0.03918 0.061462
0 0.637958 0.835358 0.0392 0.061462
0 0.606606 0.866374 0.0392 0.061462
0 0.5758160000000001 0.907266 0.0392 0.061462
0 0.546136 0.941312 0.03918 0.061462
0 0.7426520000000001 0.769512 0.03918 0.061462
0 0.717468 0.799026 0.03918 0.061488
0 0.6900200000000001 0.830054 0.03918 0.061462
0 0.662032 0.86563 0.03918 0.061488
0 0.63012 0.8959 0.03918 0.061462
0 0.606606 0.930704 0.0392 0.061462
0 0.5780479999999999 0.966292 0.03918 0.061462
0 0.74041 0.827024 0.03918 0.061462
0 0.711862 0.858064 0.03918 0.061462
0 0.687778 0.886062 0.03918 0.061488
0 0.662032 0.921638 0.03918 0.061462
0 0.635726 0.952666 0.03918 0.061488
0 0.763374 0.846698 0.03918 0.061462
0 0.734254 0.880772 0.0392 0.061462
0 0.71018 0.913302 0.03918 0.061462
0 0.685546 0.946618 0.0392 0.061462
0 0.7600100000000001 0.907266 0.03918 0.061462
0 0.736486 0.940554 0.03918 0.061462
0 0.7835240000000001 0.932976 0.0392 0.061462
0 0.757768 0.967808 0.03918 0.061462
0 0.236556 0.847226 0.042882 0.065224
0 0.27249199999999996 0.87816 0.042882 0.065224
0 0.23797800000000002 0.916618 0.042882 0.065224
0 0.30562599999999995 0.907794 0.042882 0.065224
0 0.2706299999999999 0.941854 0.042882 0.065196
0 0.33781799999999995 0.939336 0.042882 0.065196
0 0.3728020000000001 0.96203 0.042862 0.065224
