0 0.51955 0.0312920000000001 0.0397 0.05045
0 0.0599940000000001 0.03666600000000009 0.028538 0.043
0 0.17628200000000005 0.05113400000000001 0.030388 0.047134
0 0.30465600000000004 0.062716 0.034738 0.047134
0 0.4423379999999999 0.08008400000000004 0.0366 0.0488
0 0.515212 0.14334200000000008 0.042176 0.052916
0 0.371324 0.1251420000000001 0.0397 0.049616
0 0.4410940000000001 0.18882599999999994 0.040312 0.052916
0 0.512732 0.24960000000000004 0.037212 0.057066
0 0.43613199999999996 0.291358 0.036588 0.049616
0 0.36791799999999997 0.22932599999999992 0.036588 0.047984
0 0.302176 0.168566 0.0366 0.047134
0 0.2379880000000001 0.10695800000000011 0.03845 0.049616
0 0.11798200000000003 0.09331599999999995 0.031638 0.042166
0 0.06154400000000004 0.13135000000000008 0.030388 0.047134
0 0.05950600000000006 0.22781600000000002 0.031012 0.052834
0 0.11634999999999995 0.186766 0.031876 0.047666
0 0.17385000000000006 0.14800799999999992 0.03575 0.051684
0 0.2360819999999999 0.20714999999999995 0.034462 0.051666
0 0.2998259999999999 0.2680260000000001 0.0379 0.053984
0 0.36485600000000007 0.331758 0.043062 0.055116
0 0.2345759999999999 0.308508 0.0323 0.046516
0 0.17514399999999997 0.2439 0.033162 0.045934
0 0.1163559999999999 0.28438399999999997 0.032738 0.047666
0 0.05863799999999997 0.31998400000000005 0.036174 0.0534
0 0.05756199999999989 0.41186600000000007 0.0323 0.049966
0 0.113124 0.3799920000000001 0.0323 0.049384
0 0.17234400000000005 0.3429580000000001 0.033588 0.048816
0 0.2330620000000001 0.4055500000000001 0.0379 0.0511
0 0.29702399999999995 0.36966600000000005 0.037474 0.052834
0 0.5093559999999999 0.3610500000000001 0.042638 0.057434
0 0.5052559999999999 0.4690080000000001 0.042212 0.056284
0 0.4339820000000001 0.3980919999999999 0.040912 0.05455
0 0.36226800000000003 0.4357 0.038762 0.052834
0 0.4316120000000001 0.5037419999999999 0.040476 0.05915
0 0.5037499999999999 0.577542 0.045224 0.059716
0 0.42924399999999996 0.606824 0.041788 0.053984
0 0.36119999999999997 0.5359 0.04005 0.0511
0 0.29508200000000007 0.4707239999999999 0.037038 0.053984
0 0.17126200000000003 0.439716 0.03575 0.050534
0 0.231576 0.5028999999999999 0.03835 0.052866
0 0.29401199999999994 0.5697840000000001 0.037476 0.0534
0 0.35840000000000005 0.6369739999999999 0.04135 0.05915
0 0.426874 0.708466 0.040476 0.058566
0 0.501388 0.6809000000000001 0.042224 0.056266
0 0.49685599999999996 0.783976 0.040912 0.05685
0 0.423424 0.809534 0.036176 0.050534
0 0.4932000000000001 0.8858999999999999 0.039626 0.055134
0 0.421918 0.910884 0.040912 0.052266
0 0.491476 0.9794160000000001 0.043076 0.041166
0 0.352368 0.935292 0.037038 0.053984
0 0.355812 0.838816 0.0379 0.053966
0 0.357318 0.7386079999999999 0.038338 0.051116
0 0.2873319999999999 0.9622740000000001 0.035312 0.051684
0 0.22510000000000008 0.9771160000000001 0.0366 0.045766
0 0.22724999999999995 0.8882000000000001 0.04005 0.057434
0 0.290562 0.8594919999999999 0.038324 0.058584
0 0.2922880000000001 0.7630159999999999 0.0392 0.056266
0 0.2918559999999999 0.668266 0.038338 0.060866
0 0.2311319999999999 0.6002160000000001 0.037462 0.0557
0 0.22833199999999998 0.6966920000000001 0.035312 0.053416
0 0.227468 0.790576 0.037038 0.053984
0 0.11463200000000007 0.46929200000000004 0.031012 0.046516
0 0.17126200000000003 0.536476 0.034026 0.05455
0 0.11355000000000004 0.5640419999999999 0.030576 0.04765
0 0.16997400000000007 0.629216 0.034026 0.052834
0 0.16975600000000002 0.7231080000000001 0.032738 0.04995
0 0.05950000000000011 0.5025919999999999 0.028426 0.046516
0 0.057782 0.593334 0.031012 0.047666
0 0.11183199999999993 0.6544840000000001 0.029712 0.0448
0 0.056494000000000044 0.6832 0.029288 0.045934
0 0.11139999999999994 0.747226 0.029724 0.04535
0 0.056062000000000056 0.772208 0.03015 0.04365
0 0.05476799999999993 0.8649420000000001 0.027562 0.044216
0 0.11053800000000003 0.839674 0.0323 0.04995
0 0.16782399999999997 0.8161339999999999 0.0306 0.049966
0 0.16609399999999996 0.9111659999999999 0.031438 0.048234
0 0.10903200000000002 0.9315580000000001 0.032738 0.048816
0 0.054982000000000086 0.953384 0.029712 0.047666
