0 0.10215599999999991 0.9234199999999999 0.090432 0.130214
0 0.22342400000000007 0.9301759999999999 0.090904 0.129712
0 0.11210399999999998 0.7942640000000001 0.0941 0.128694
0 0.2329239999999999 0.8042819999999999 0.089992 0.128712
0 0.320854 0.809536 0.089518 0.12721
0 0.41129400000000005 0.817294 0.09136 0.132716
0 0.06433599999999995 0.28097400000000006 0.089416 0.130064
0 0.15427799999999992 0.290362 0.088504 0.13075
0 0.2767200000000001 0.3054859999999999 0.08913 0.130418
0 0.3641080000000001 0.3148740000000001 0.085646 0.128322
0 0.44911199999999996 0.3242719999999999 0.084362 0.126246
0 0.5331699999999999 0.333836 0.085646 0.125208
0 0.6184959999999999 0.34357799999999994 0.084362 0.12241
0 0.07433599999999996 0.15446800000000005 0.092104 0.13229
0 0.16721000000000008 0.1645319999999999 0.0906 0.126544
0 0.28558799999999995 0.17972199999999994 0.0906 0.128526
0 0.3742780000000001 0.19203799999999993 0.08678 0.127284
0 0.461066 0.20079800000000003 0.085274 0.123114
0 0.544616 0.21164000000000005 0.081826 0.124782
0 0.628512 0.22332799999999997 0.086104 0.12228
0 0.38577400000000006 0.06667200000000006 0.08563 0.129786
0 0.4710319999999999 0.07918399999999992 0.084886 0.128118
0 0.5549459999999999 0.09088000000000007 0.080642 0.12645
0 0.638892 0.1021399999999999 0.084886 0.128138
0 0.12286599999999992 0.668666 0.0883 0.12936
0 0.24391399999999996 0.67784 0.0883 0.12936
0 0.3324100000000001 0.6857740000000001 0.08869 0.126876
0 0.4201440000000001 0.6903619999999999 0.086036 0.121854
0 0.507878 0.7026779999999999 0.090212 0.128952
0 0.13191799999999998 0.542316 0.091732 0.12975
0 0.2546839999999999 0.5535859999999999 0.092866 0.128082
0 0.344514 0.561094 0.086018 0.126488
0 0.429206 0.569258 0.083364 0.125208
0 0.5154179999999999 0.5767659999999999 0.08754 0.12354
0 0.05268000000000006 0.4061539999999999 0.091192 0.128674
0 0.14361000000000002 0.4160060000000001 0.091716 0.132734
0 0.26586599999999994 0.42789600000000005 0.088284 0.129824
0 0.353888 0.4370259999999999 0.08617 0.126062
0 0.4395260000000001 0.44658 0.084598 0.127228
0 0.524378 0.45543 0.085646 0.123466
0 0.60989 0.46658 0.084328 0.13012
