0 0.79377 0.939916 0.090208 0.120166
0 0.874562 0.8833059999999999 0.096042 0.126388
0 0.682084 0.8376939999999999 0.080584 0.103834
0 0.832146 0.7215560000000001 0.095208 0.137
0 0.75373 0.7846660000000001 0.093042 0.123334
0 0.576312 0.7468060000000001 0.081124 0.119722
0 0.63852 0.684444 0.084376 0.120444
0 0.711 0.621694 0.094084 0.134834
0 0.47302 0.650916 0.075708 0.116834
0 0.534146 0.587806 0.078958 0.124722
0 0.59852 0.5210840000000001 0.087626 0.132722
0 0.787 0.548862 0.093584 0.1305
0 0.910916 0.651084 0.10375 0.129612
0 0.668396 0.445862 0.099042 0.1445
0 0.871688 0.46827799999999997 0.105624 0.139556
0 0.74598 0.366112 0.104708 0.147
0 0.621688 0.26330600000000004 0.093458 0.148278
0 0.506708 0.1718059999999999 0.095334 0.149722
0 0.549708 0.3517779999999999 0.091584 0.143334
0 0.490834 0.42344399999999993 0.08225 0.127112
0 0.431938 0.4938340000000001 0.080376 0.130888
0 0.446438 0.261444 0.085042 0.144556
0 0.386146 0.3355840000000001 0.084124 0.135834
0 0.330542 0.4128339999999999 0.090666 0.140778
0 0.290834 0.2514719999999999 0.08225 0.137056
0 0.3385 0.16861199999999998 0.087834 0.138334
0 0.397376 0.0838620000000001 0.086 0.148278
0 0.19502 0.167972 0.075708 0.137056
0 0.241292 0.0807500000000001 0.0785 0.134612
0 0.826812 0.2738879999999999 0.109376 0.154556
0 0.69925 0.1766939999999999 0.100916 0.1595
0 0.578688 0.08013800000000004 0.099042 0.148278
0 0.919812 0.17419399999999996 0.115876 0.1695
