0 0.040192000000000005 0.23553800000000003 0.049316 0.047074
0 0.13135800000000009 0.23049399999999998 0.052316 0.050438
0 0.23222600000000004 0.22376200000000002 0.056784 0.054926
0 0.03197399999999995 0.31398799999999993 0.050816 0.047076
0 0.12165000000000004 0.310068 0.062766 0.050438
0 0.22400799999999998 0.30614399999999997 0.058284 0.049312
0 0.03137600000000007 0.38460000000000005 0.047816 0.047076
0 0.028391999999999973 0.45465599999999995 0.044816 0.043712
0 0.02540000000000009 0.5219 0.044834 0.041474
0 0.07994999999999997 0.7735179999999999 0.043334 0.038112
0 0.088916 0.7163619999999999 0.046334 0.044824
0 0.09339999999999993 0.656962 0.0523 0.047076
0 0.15765800000000008 0.789212 0.046316 0.0426
0 0.17110800000000004 0.72925 0.046316 0.0437
0 0.17484199999999994 0.6681619999999999 0.047816 0.047074
0 0.09639200000000003 0.59195 0.049316 0.047076
0 0.18380799999999997 0.603156 0.056784 0.049312
0 0.103858 0.528062 0.046316 0.044826
0 0.1942759999999999 0.533668 0.050816 0.047062
0 0.10983399999999999 0.45913800000000005 0.0523 0.0482
0 0.205484 0.4630559999999999 0.0553 0.049312
0 0.11880000000000002 0.385162 0.046334 0.04595
0 0.20921600000000007 0.38347599999999993 0.0568 0.047074
0 0.32501599999999997 0.891526 0.046334 0.044976
0 0.42178399999999994 0.9129940000000001 0.0627 0.044988
0 0.5322 0.9354819999999999 0.0518 0.044988
0 0.647376 0.960526 0.05315 0.046
0 0.4074739999999999 0.9666619999999999 0.047716 0.039874
0 0.048891999999999936 0.06948200000000004 0.059784 0.047638
0 0.1485160000000001 0.054543999999999926 0.059766 0.055112
0 0.250634 0.04053200000000001 0.064766 0.062588
0 0.243166 0.135332 0.064766 0.056038
0 0.14042599999999994 0.145138 0.061016 0.051376
0 0.04515000000000002 0.15401200000000004 0.0548 0.048576
0 0.48418399999999995 0.1156060000000001 0.071734 0.062762
0 0.632134 0.10495600000000005 0.0807 0.068362
0 0.793534 0.0836619999999999 0.089666 0.07285
0 0.46550800000000003 0.21928199999999998 0.061284 0.052688
0 0.605234 0.21031200000000005 0.0807 0.066126
0 0.759908 0.19854400000000005 0.079216 0.065012
0 0.9399839999999999 0.1890179999999999 0.0807 0.068362
0 0.44700800000000007 0.3118939999999999 0.069516 0.059288
0 0.576492 0.3083119999999999 0.07225 0.058276
0 0.7298340000000001 0.3067820000000001 0.089966 0.069512
0 0.8954420000000001 0.30218199999999995 0.08315 0.068488
0 0.4272419999999999 0.40031799999999995 0.073616 0.062362
0 0.551958 0.40185000000000004 0.080416 0.05725
0 0.6930339999999999 0.40645599999999993 0.0736 0.058262
0 0.8586419999999999 0.407988 0.085884 0.065424
0 0.40816600000000003 0.48261200000000004 0.0627 0.05315
0 0.529474 0.48772400000000005 0.070884 0.0552
0 0.6698580000000001 0.49846199999999996 0.084516 0.0644
0 0.81775 0.5040819999999999 0.072234 0.063388
0 0.9438340000000001 0.6068180000000001 0.087234 0.068488
0 0.7864 0.5945499999999999 0.074966 0.0644
0 0.643284 0.5807500000000001 0.074966 0.05725
0 0.5131079999999999 0.5720620000000001 0.070884 0.054174
0 0.395208 0.5623499999999999 0.058616 0.05315
0 0.3809 0.636468 0.059966 0.054188
0 0.49675800000000003 0.6466879999999999 0.065416 0.054174
0 0.6160159999999999 0.6625319999999999 0.064066 0.053162
0 0.7557339999999999 0.675826 0.0736 0.0593
0 0.90635 0.695756 0.072234 0.060312
0 0.3686339999999999 0.701382 0.054534 0.049062
0 0.4729080000000001 0.718756 0.055884 0.051112
0 0.593534 0.7381819999999999 0.057234 0.053162
0 0.7243839999999999 0.753512 0.0736 0.0552
0 0.8715919999999999 0.7775380000000001 0.062684 0.0644
0 0.34955 0.769876 0.059966 0.0552
0 0.45314199999999993 0.7867379999999999 0.05725 0.04805
0 0.5703659999999999 0.8077000000000001 0.0627 0.049074
0 0.6971259999999999 0.8301879999999999 0.06815 0.05315
0 0.8429660000000001 0.858806 0.076334 0.061338
0 0.8061659999999999 0.9257740000000001 0.076334 0.056224
0 0.6739580000000001 0.897662 0.05725 0.047026
0 0.543784 0.871076 0.061334 0.047026
0 0.43474199999999996 0.850632 0.058616 0.051112
0 0.3372839999999999 0.829674 0.059966 0.0501
