0 0.6156 0.04754400000000003 0.0322 0.062072
0 0.59005 0.095356 0.027766 0.063136
0 0.661966 0.05352000000000001 0.0294 0.06219
0 0.636984 0.09831400000000001 0.029434 0.063136
0 0.613384 0.15006000000000008 0.029966 0.060118
0 0.587834 0.19789999999999996 0.035534 0.072958
0 0.710584 0.05790000000000006 0.027766 0.057218
0 0.686134 0.10372800000000004 0.026666 0.054202
0 0.661434 0.152042 0.0272 0.058166
0 0.638416 0.20280999999999993 0.032166 0.067042
0 0.612566 0.4681059999999999 0.0296 0.068166
0 0.660366 0.46668599999999993 0.0308 0.062486
0 0.635566 0.5174559999999999 0.0308 0.060356
0 0.611566 0.5703560000000001 0.0364 0.073846
0 0.799966 0.36514800000000003 0.0284 0.062486
0 0.755366 0.36301800000000006 0.0296 0.059644
0 0.708966 0.36621400000000004 0.0312 0.060356
0 0.731334 0.31227800000000006 0.032666 0.068934
0 0.777366 0.315798 0.0344 0.068876
0 0.822166 0.318284 0.0296 0.066746
0 0.777966 0.512486 0.0324 0.058934
0 0.798566 0.463136 0.0288 0.061066
0 0.821566 0.413786 0.0276 0.063196
0 0.843966 0.364082 0.026 0.060356
0 0.865366 0.317218 0.0304 0.066036
0 0.756116 0.061833999999999945 0.027766 0.05716
0 0.732516 0.10866799999999999 0.0261 0.056154
0 0.708916 0.1560060000000001 0.029966 0.058166
0 0.68585 0.20479200000000009 0.029434 0.071006
0 0.79995 0.06423000000000001 0.027766 0.058166
0 0.77745 0.11254399999999998 0.0283 0.056094
0 0.7544 0.1598520000000001 0.026666 0.064082
0 0.732184 0.2056500000000001 0.029966 0.067042
0 0.843266 0.06914200000000004 0.026666 0.060178
0 0.8216 0.11349199999999993 0.026666 0.060118
0 0.800166 0.1612420000000001 0.027 0.060946
0 0.778016 0.20914199999999994 0.032766 0.064082
0 0.906166 0.02958599999999989 0.028334 0.052072
0 0.885834 0.07168599999999992 0.025 0.055444
0 0.864634 0.11946799999999991 0.025 0.058224
0 0.8441 0.16432000000000002 0.0272 0.057042
0 0.822716 0.21209999999999996 0.027766 0.064082
0 0.947134 0.03511799999999998 0.0256 0.059112
0 0.927966 0.07751400000000008 0.0272 0.059172
0 0.907134 0.12239599999999995 0.026666 0.058166
0 0.88575 0.16822399999999993 0.0261 0.05716
0 0.864634 0.21405399999999997 0.0272 0.060178
0 0.98655 0.038283999999999985 0.022766 0.053254
0 0.96655 0.08213000000000004 0.0239 0.056214
0 0.94645 0.12396399999999996 0.026234 0.05503
0 0.926284 0.1703840000000001 0.024434 0.053196
0 0.906816 0.2172179999999999 0.0277 0.056214
0 0.9865 0.12849200000000005 0.025 0.052248
0 0.966834 0.17138999999999993 0.024466 0.055208
0 0.948484 0.21772199999999997 0.0277 0.061124
0 0.986816 0.21869800000000006 0.024434 0.059172
0 0.906334 0.31594600000000006 0.028666 0.060414
0 0.886584 0.36511800000000005 0.0261 0.058166
0 0.864366 0.41242599999999996 0.0272 0.056214
0 0.843234 0.461716 0.027266 0.056214
0 0.822134 0.507574 0.0284 0.05716
0 0.800216 0.556864 0.029966 0.059172
0 0.77745 0.6091120000000001 0.0289 0.05716
0 0.754616 0.660858 0.0289 0.060178
0 0.731634 0.710178 0.028334 0.06213
0 0.707434 0.7649699999999999 0.03 0.06213
0 0.729884 0.812012 0.030434 0.06864
0 0.948266 0.318816 0.029 0.064498
0 0.927934 0.3652660000000001 0.025666 0.057988
0 0.906766 0.41408200000000006 0.027334 0.05858
0 0.88505 0.45994 0.027434 0.054438
0 0.864884 0.5065980000000001 0.023566 0.055444
0 0.8436 0.5563899999999999 0.026334 0.059172
0 0.820766 0.60639 0.024 0.057396
0 0.7986 0.658166 0.026334 0.057988
0 0.775766 0.7081660000000001 0.029334 0.06213
0 0.754266 0.758758 0.028334 0.061538
0 0.7761 0.8072779999999999 0.028666 0.060356
0 0.7981 0.754616 0.025334 0.059172
0 0.821766 0.704912 0.025334 0.060356
0 0.843434 0.6531359999999999 0.027334 0.057396
0 0.864434 0.603432 0.027334 0.05858
0 0.884766 0.55284 0.024666 0.057988
0 0.907266 0.506094 0.025666 0.055622
0 0.927766 0.46141999999999994 0.027334 0.056214
0 0.821266 0.80077 0.027 0.056804
0 0.8015 0.8633139999999999 0.033334 0.076924
0 0.842834 0.75 0.027334 0.06213
0 0.864666 0.6997040000000001 0.027 0.06568
0 0.885834 0.6482239999999999 0.026666 0.060946
0 0.906 0.5982240000000001 0.027 0.056804
0 0.927666 0.550888 0.027 0.061538
0 0.948166 0.5041420000000001 0.026 0.057988
0 0.947334 0.4121300000000001 0.026666 0.060946
0 0.905866 0.7918339999999999 0.0276 0.056094
0 0.926866 0.741066 0.028 0.058224
0 0.947666 0.68852 0.0272 0.058224
0 0.967266 0.6391720000000001 0.024 0.060356
0 0.968466 0.7332540000000001 0.028 0.058224
0 0.949266 0.785088 0.0264 0.056804
0 0.929466 0.833372 0.0276 0.058224
0 0.585366 0.30976399999999993 0.0416 0.079526
0 0.637166 0.31204199999999993 0.035 0.067042
0 0.612166 0.364792 0.0296 0.061776
0 0.587166 0.418048 0.0348 0.066036
0 0.686 0.31360999999999994 0.034666 0.067456
0 0.661166 0.36443800000000004 0.0308 0.061066
0 0.636966 0.415562 0.0304 0.061066
0 0.968466 0.3654440000000001 0.028 0.061066
0 0.967666 0.45775199999999994 0.0264 0.055384
0 0.986666 0.49929 0.0244 0.054674
0 0.968266 0.548284 0.0268 0.061776
0 0.947266 0.597278 0.0256 0.057514
0 0.927866 0.646982 0.026 0.060356
0 0.906866 0.694202 0.0296 0.053964
0 0.885266 0.7449699999999999 0.028 0.057514
0 0.864866 0.7953840000000001 0.0312 0.058934
0 0.844066 0.849704 0.0328 0.059644
0 0.886666 0.8433139999999999 0.0316 0.061066
0 0.685566 0.415208 0.034 0.058934
0 0.777966 0.413076 0.0292 0.061776
0 0.732366 0.414142 0.0292 0.062486
0 0.708166 0.46633199999999997 0.0296 0.063196
0 0.754566 0.463492 0.0304 0.066036
0 0.731566 0.513196 0.03 0.060356
0 0.756166 0.5636099999999999 0.0312 0.066036
0 0.683966 0.5167459999999999 0.0316 0.061776
0 0.660566 0.5678700000000001 0.032 0.064616
0 0.707566 0.5650299999999999 0.0324 0.061776
0 0.730766 0.6118939999999999 0.0292 0.064616
0 0.684766 0.6147339999999999 0.0348 0.067456
0 0.707366 0.6669240000000001 0.0312 0.063906
0 0.635566 0.6175740000000001 0.0324 0.070296
0 0.658366 0.667988 0.0316 0.067456
0 0.682966 0.718758 0.0304 0.068166
