0 0.790518 0.31285 0.031012 0.0448
0 0.6804380000000001 0.311816 0.033076 0.046866
0 0.7316 0.356258 0.03205 0.044784
0 0.7817320000000001 0.401058 0.031012 0.043416
0 0.721524 0.443434 0.028426 0.046866
0 0.7716559999999999 0.48685 0.029462 0.0441
0 0.620744 0.3566 0.030488 0.048234
0 0.569062 0.309058 0.034624 0.04825
0 0.6721440000000001 0.398384 0.027562 0.0425
0 0.665476 0.48395 0.030574 0.0448
0 0.563188 0.398384 0.03015 0.0425
0 0.6146560000000001 0.441742 0.029712 0.044216
0 0.5121500000000001 0.354166 0.03145 0.0425
0 0.45917600000000003 0.309666 0.034026 0.0465
0 0.453144 0.39925 0.029712 0.043066
0 0.505476 0.442316 0.031 0.0465
0 0.556082 0.483666 0.031438 0.045366
0 0.40038799999999997 0.354458 0.03445 0.04765
0 0.3469819999999999 0.310242 0.032738 0.046516
0 0.23759400000000008 0.312534 0.032738 0.047666
0 0.290994 0.356174 0.033588 0.046516
0 0.343318 0.4004 0.031438 0.045366
0 0.39480000000000004 0.442316 0.03185 0.043066
0 0.01966800000000002 0.31225 0.031012 0.0448
0 0.1269 0.312534 0.028426 0.043066
0 0.07328800000000002 0.357324 0.029724 0.039616
0 0.019231999999999916 0.398674 0.031012 0.043084
0 0.12561200000000006 0.4004 0.03015 0.043066
0 0.181168 0.357616 0.029288 0.0425
0 0.23371199999999992 0.399824 0.0267 0.040784
0 0.285612 0.444326 0.026274 0.04135
0 0.17858799999999997 0.444042 0.029276 0.041916
0 0.07134400000000007 0.44175 0.027562 0.043066
0 0.020312000000000108 0.484234 0.027126 0.040766
0 0.0704880000000001 0.52645 0.024976 0.0356
0 0.01901799999999998 0.569224 0.027138 0.038484
0 0.123888 0.484808 0.028426 0.044216
0 0.23026799999999992 0.4851 0.025838 0.0425
0 0.17535600000000007 0.527592 0.028862 0.042484
0 0.2838879999999999 0.5296 0.0323 0.043066
0 0.337294 0.486534 0.030588 0.0465
0 0.3891880000000001 0.527874 0.03015 0.046516
0 0.4460440000000001 0.484524 0.031012 0.047084
0 0.4987999999999999 0.529316 0.034026 0.0471
0 0.549188 0.57095 0.0323 0.043066
0 0.6069 0.527874 0.0323 0.041916
0 0.6572880000000001 0.570376 0.0323 0.044216
0 0.716294 0.5296 0.034012 0.049966
0 0.763882 0.571516 0.034462 0.047666
0 0.755268 0.6522 0.030138 0.043634
0 0.7061740000000001 0.612866 0.032726 0.045366
0 0.650612 0.651908 0.03445 0.044216
0 0.5995820000000001 0.610566 0.033162 0.043066
0 0.69885 0.692976 0.031876 0.044784
0 0.7477320000000001 0.734326 0.033162 0.04135
0 0.690018 0.774234 0.033162 0.043066
0 0.641788 0.731734 0.0323 0.040766
0 0.591826 0.69355 0.034026 0.043634
0 0.5425120000000001 0.651626 0.0336 0.04365
0 0.4919119999999999 0.610858 0.0323 0.04135
0 0.7384759999999999 0.81385 0.031 0.043066
0 0.682488 0.851176 0.031876 0.038484
0 0.632744 0.81155 0.031438 0.043066
0 0.5847180000000001 0.771358 0.033588 0.039616
0 0.5345439999999999 0.7326 0.031438 0.0448
0 0.4843679999999999 0.69355 0.034462 0.043634
0 0.434844 0.651634 0.031862 0.0425
0 0.384026 0.611434 0.032724 0.045934
0 0.33298800000000006 0.570084 0.030574 0.043634
0 0.2281120000000001 0.570376 0.031876 0.040784
0 0.12281199999999992 0.569508 0.030576 0.04135
0 0.06984400000000002 0.61 0.027138 0.040766
0 0.01923800000000009 0.651058 0.03015 0.04365
0 0.017724000000000073 0.729158 0.02885 0.03905
0 0.0689820000000001 0.689816 0.027138 0.039634
0 0.11893799999999999 0.649616 0.027126 0.040766
0 0.17234400000000005 0.610284 0.026262 0.0425
0 0.017511999999999972 0.808108 0.0267 0.039616
0 0.06725599999999998 0.769066 0.026262 0.040766
0 0.1187180000000001 0.72915 0.027562 0.0425
0 0.17104999999999992 0.692116 0.029724 0.040766
0 0.16997400000000007 0.769916 0.028426 0.0379
0 0.11764400000000008 0.807816 0.029712 0.0379
0 0.22359400000000007 0.649334 0.027138 0.0379
0 0.22122599999999992 0.73145 0.0267 0.0379
0 0.21821200000000007 0.810116 0.03015 0.0402
0 0.278718 0.609708 0.029712 0.040184
0 0.275706 0.692108 0.029712 0.041916
0 0.27118200000000003 0.771074 0.027562 0.03905
0 0.32889999999999997 0.650474 0.0267 0.03905
0 0.3256619999999999 0.731734 0.028 0.040766
0 0.322006 0.809258 0.029288 0.037316
0 0.37949999999999995 0.691258 0.027126 0.03675
0 0.42924399999999996 0.730584 0.027562 0.038466
0 0.42472599999999994 0.810984 0.02885 0.039634
0 0.37023800000000007 0.847734 0.0267 0.037334
0 0.478124 0.771358 0.02885 0.038484
0 0.47274400000000005 0.850034 0.026712 0.035034
0 0.5283059999999999 0.8107 0.027562 0.0379
0 0.7279260000000001 0.889658 0.02885 0.041916
0 0.7210319999999999 0.964016 0.028862 0.0356
0 0.674518 0.924684 0.030588 0.032734
0 0.624768 0.888216 0.029288 0.0356
0 0.575674 0.849166 0.0267 0.032166
0 0.618744 0.963442 0.029288 0.03675
0 0.570074 0.923826 0.03015 0.03675
0 0.5220560000000001 0.886784 0.029712 0.038466
0 0.41891199999999995 0.887066 0.028426 0.0379
0 0.466712 0.924108 0.0267 0.036184
0 0.3663320000000001 0.923808 0.030088 0.036716
0 0.413524 0.960576 0.028 0.03675
0 0.31748200000000004 0.885634 0.027138 0.037334
0 0.26859999999999995 0.846008 0.028426 0.036184
0 0.16609999999999991 0.84515 0.028426 0.034466
0 0.06617600000000001 0.844 0.0267 0.036766
0 0.016224000000000016 0.882184 0.0267 0.038466
0 0.1148499999999999 0.882476 0.024976 0.03445
0 0.21605600000000003 0.885058 0.029288 0.035016
0 0.26536800000000005 0.922958 0.027988 0.038484
0 0.21347399999999994 0.958274 0.028426 0.035616
0 0.16437400000000002 0.920374 0.029276 0.035616
0 0.06509999999999994 0.918366 0.02455 0.032734
0 0.016432000000000002 0.954542 0.025412 0.035016
0 0.113124 0.956266 0.028426 0.036166
