0 0.108416 0.07864000000000004 0.05525 0.041468
0 0.102896 0.1665700000000001 0.066292 0.043422
0 0.06699 0.2877179999999999 0.07177 0.049688
0 0.058718 0.3953819999999999 0.082812 0.053828
0 0.049052 0.511328 0.07452 0.057968
0 0.18 0.675586 0.089584 0.063516
0 0.185938 0.549626 0.084376 0.064188
0 0.185698 0.42954000000000003 0.082812 0.068328
0 0.19674 0.3167040000000001 0.077312 0.049688
0 0.332 0.347758 0.077292 0.053828
0 0.32925 0.468882 0.088334 0.060046
0 0.327864 0.5868899999999999 0.080062 0.055906
0 0.32924 0.7229760000000001 0.093854 0.062828
0 0.487302 0.768024 0.088188 0.067578
0 0.646406 0.8147500000000001 0.095854 0.071874
0 0.792104 0.7163280000000001 0.088166 0.072656
0 0.927208 0.6192420000000001 0.097666 0.066204
0 0.771968 0.5753600000000001 0.09777 0.067562
0 0.631072 0.670258 0.099688 0.067578
0 0.480594 0.6292739999999999 0.090104 0.06039
0 0.47101 0.50204 0.082438 0.064704
0 0.62149 0.5386960000000001 0.084354 0.06614
0 0.468136 0.3819760000000001 0.076688 0.05464
0 0.605198 0.415046 0.078604 0.0575
0 0.757594 0.45099200000000006 0.084354 0.063266
0 0.901386 0.4876560000000001 0.08052 0.061876
0 0.891792 0.3395699999999999 0.084334 0.061828
0 0.824938 0.05703199999999997 0.070208 0.045312
0 0.951708 0.08140600000000009 0.075 0.045626
0 0.867854 0.2370779999999999 0.080624 0.056874
0 0.751396 0.31067200000000006 0.084376 0.05625
0 0.611812 0.27786 0.075208 0.056562
0 0.733792 0.21075 0.079584 0.057968
0 0.601708 0.183562 0.069584 0.054218
0 0.715666 0.1192660000000001 0.0725 0.044062
0 0.84202 0.14512400000000003 0.073958 0.051094
0 0.701292 0.032234000000000096 0.0725 0.045626
0 0.588166 0.09129600000000004 0.073334 0.052188
0 0.481916 0.24616400000000005 0.078542 0.058922
0 0.474594 0.15780400000000006 0.06923 0.053922
0 0.353438 0.21771000000000007 0.079876 0.051922
0 0.224968 0.1932419999999999 0.070562 0.050922
0 0.230302 0.10088999999999992 0.078562 0.045938
0 0.352114 0.12884399999999996 0.074562 0.043938
0 0.354104 0.046467999999999954 0.075876 0.040938
0 0.466438 0.06804600000000005 0.055834 0.036406
0 0.229874 0.021640000000000104 0.066458 0.038594
