0 0.851818 0.29692399999999997 0.024438 0.033916
0 0.901306 0.29463400000000006 0.024438 0.0339
0 0.952844 0.2973840000000001 0.024438 0.0339
0 0.975868 0.23140800000000006 0.024438 0.033916
0 0.924326 0.23232399999999997 0.02445 0.033916
0 0.875188 0.23460799999999993 0.02445 0.033916
0 0.826738 0.23460799999999993 0.02445 0.033916
0 0.778282 0.23507600000000006 0.024438 0.033916
0 0.730518 0.23644200000000004 0.024438 0.033916
0 0.948382 0.1672579999999999 0.024438 0.033916
0 0.897526 0.16817400000000005 0.02445 0.033916
0 0.849068 0.17047600000000007 0.024438 0.033916
0 0.800276 0.174134 0.02445 0.0339
0 0.7532 0.17504999999999993 0.02445 0.0339
0 0.707494 0.17825800000000003 0.024438 0.033916
0 0.872782 0.10632599999999992 0.024438 0.033916
0 0.822956 0.10952399999999995 0.024438 0.033916
0 0.775194 0.11044199999999993 0.024438 0.033916
0 0.729144 0.11365800000000004 0.024438 0.033916
0 0.972432 0.09899199999999997 0.024438 0.033916
0 0.921232 0.103124 0.024438 0.033916
0 0.827768 0.38077399999999995 0.024438 0.033916
0 0.956968 0.45224200000000003 0.024438 0.033916
0 0.904744 0.45087600000000005 0.024438 0.033916
0 0.855256 0.448126 0.024438 0.033916
0 0.832918 0.5108919999999999 0.024438 0.033916
0 0.881718 0.514092 0.024438 0.033916
0 0.932232 0.5177579999999999 0.024438 0.033916
0 0.984118 0.518224 0.024438 0.033916
0 0.958344 0.5846579999999999 0.024438 0.033916
0 0.907832 0.580992 0.024438 0.033916
0 0.858694 0.5782419999999999 0.024438 0.033916
0 0.808518 0.5754919999999999 0.024438 0.033916
0 0.783438 0.5095080000000001 0.02445 0.033916
0 0.738082 0.509058 0.024438 0.033916
0 0.712994 0.44399199999999994 0.024438 0.033916
0 0.757668 0.44537399999999994 0.024438 0.033916
0 0.80715 0.4462919999999999 0.02445 0.033916
0 0.733612 0.381224 0.02445 0.033916
0 0.778968 0.3816919999999999 0.024438 0.033916
0 0.803712 0.29967600000000005 0.02445 0.033916
0 0.75595 0.29784199999999994 0.02445 0.033916
0 0.708532 0.2992079999999999 0.024438 0.033916
0 0.878968 0.382142 0.024438 0.033916
0 0.92845 0.38397400000000004 0.02445 0.033916
0 0.981024 0.38397400000000004 0.02445 0.033916
0 0.920206 0.018358000000000096 0.024438 0.033916
0 0.869694 0.021107999999999905 0.024438 0.033916
0 0.821582 0.025692000000000048 0.024438 0.033916
0 0.774156 0.028891999999999918 0.024438 0.033916
0 0.727768 0.032108000000000025 0.024438 0.033916
