0 0.019438 0.930644 0.022825 0.019850
0 0.379858 0.333231 0.037983 0.032688
0 0.730733 0.294328 0.044833 0.033156
0 0.514671 0.266775 0.043592 0.032225
0 0.586587 0.298766 0.039225 0.033619
0 0.657258 0.330056 0.039850 0.030825
0 0.515292 0.331222 0.037367 0.031294
0 0.445550 0.301566 0.039850 0.031756
0 0.726379 0.359478 0.041092 0.031756
0 0.585342 0.361578 0.039233 0.031294
0 0.797050 0.388431 0.042967 0.032687
0 0.724513 0.418316 0.037358 0.031756
0 0.655396 0.390297 0.042342 0.031756
0 0.586279 0.419019 0.038608 0.032225
0 0.517783 0.390766 0.038600 0.031756
0 0.789887 0.447272 0.037358 0.028019
0 0.719529 0.473894 0.038608 0.029887
0 0.855271 0.475294 0.042342 0.034562
0 0.926879 0.503081 0.038608 0.031288
0 0.917850 0.555853 0.037983 0.033156
0 0.851538 0.528297 0.042342 0.029419
0 0.785221 0.500044 0.040475 0.029888
0 0.844683 0.578966 0.036117 0.028019
0 0.910375 0.604884 0.041717 0.030356
0 0.779929 0.554216 0.038608 0.028019
0 0.714858 0.527366 0.036733 0.026619
0 0.900725 0.654156 0.034867 0.029887
0 0.837838 0.627534 0.038608 0.028956
0 0.773700 0.602316 0.037367 0.025219
0 0.711433 0.626838 0.037367 0.025688
0 0.648233 0.601850 0.034250 0.026150
0 0.712992 0.578500 0.033000 0.028950
0 0.651033 0.551181 0.037367 0.030350
0 0.649162 0.502378 0.033625 0.030819
0 0.585342 0.622400 0.034250 0.024288
0 0.585342 0.575234 0.034250 0.025219
0 0.588146 0.526897 0.033625 0.027556
0 0.586900 0.473659 0.034867 0.029419
0 0.653212 0.446572 0.036742 0.030356
0 0.587208 0.668166 0.033000 0.024281
0 0.648233 0.646684 0.033000 0.026156
0 0.707696 0.671200 0.032375 0.029425
0 0.772146 0.650653 0.036742 0.028481
0 0.833475 0.674003 0.034867 0.029419
0 0.893254 0.698988 0.037358 0.026150
0 0.768408 0.694319 0.034250 0.024287
0 0.538329 0.946734 0.029892 0.019144
0 0.488517 0.960044 0.028650 0.017750
0 0.392937 0.952806 0.021792 0.014475
0 0.439017 0.942300 0.025533 0.016813
0 0.341567 0.936225 0.022417 0.019613
0 0.296421 0.946500 0.023042 0.015875
0 0.245675 0.930387 0.024900 0.017275
0 0.204892 0.942763 0.024283 0.015875
0 0.197108 0.912641 0.022417 0.016344
0 0.237892 0.899100 0.023033 0.017275
0 0.291750 0.917547 0.022417 0.015881
0 0.335962 0.904469 0.023658 0.017750
0 0.387954 0.922450 0.025525 0.017275
0 0.437146 0.909141 0.028025 0.020544
0 0.486650 0.928053 0.022417 0.016344
0 0.536462 0.914975 0.026158 0.018212
0 0.535529 0.880888 0.025525 0.018213
0 0.187146 0.879953 0.024908 0.017281
0 0.179050 0.845628 0.023667 0.015881
0 0.231354 0.866409 0.026158 0.017281
0 0.285525 0.885091 0.024900 0.017281
0 0.331292 0.872481 0.025533 0.019150
0 0.383288 0.890228 0.023658 0.016344
0 0.431233 0.875750 0.027400 0.019150
0 0.486338 0.896066 0.025525 0.018681
0 0.482921 0.861272 0.028658 0.016344
0 0.533971 0.845863 0.023658 0.018213
0 0.481979 0.824613 0.029258 0.018675
0 0.427183 0.840256 0.021800 0.015413
0 0.380483 0.857537 0.025533 0.018213
0 0.325692 0.839087 0.024283 0.019613
0 0.236646 0.616797 0.030508 0.021481
0 0.242250 0.658594 0.025533 0.021012
0 0.302650 0.682178 0.025533 0.021481
0 0.294867 0.638044 0.026150 0.021950
0 0.289883 0.594612 0.029883 0.024750
0 0.345612 0.571728 0.030508 0.022881
0 0.351837 0.618662 0.031758 0.023350
0 0.357133 0.662794 0.026150 0.021950
0 0.405392 0.594847 0.029267 0.022419
0 0.410058 0.640613 0.034867 0.021488
0 0.413796 0.685444 0.029892 0.022413
0 0.469525 0.664897 0.029267 0.022419
0 0.526500 0.643647 0.031133 0.023819
0 0.467033 0.619363 0.034250 0.025688
0 0.524321 0.597650 0.031758 0.023350
0 0.466412 0.573362 0.033008 0.026150
0 0.096233 0.522459 0.034867 0.026156
0 0.164108 0.546978 0.031133 0.022881
0 0.217654 0.522459 0.028642 0.024281
0 0.152588 0.497006 0.031758 0.024750
0 0.084404 0.471559 0.033625 0.025219
0 0.281167 0.546275 0.031133 0.023350
0 0.273696 0.498644 0.028642 0.023350
0 0.337204 0.523394 0.033625 0.026150
0 0.403525 0.548847 0.033000 0.025681
0 0.459875 0.525028 0.029883 0.025681
0 0.524321 0.549547 0.033008 0.024281
0 0.519962 0.500512 0.036742 0.027088
0 0.519650 0.446806 0.029883 0.026150
0 0.458937 0.473425 0.031758 0.024288
0 0.455204 0.419953 0.039225 0.026619
0 0.449600 0.360875 0.033000 0.029887
0 0.397917 0.499109 0.034250 0.026156
0 0.390758 0.445403 0.032383 0.028956
0 0.330979 0.472956 0.032375 0.026150
0 0.264042 0.446575 0.033000 0.028487
0 0.207067 0.472025 0.031133 0.024288
0 0.140754 0.444938 0.033008 0.026150
0 0.071017 0.419719 0.033000 0.028025
0 0.196796 0.418553 0.031758 0.027556
0 0.127054 0.391234 0.030508 0.025219
0 0.185583 0.363912 0.037983 0.030350
0 0.256263 0.391466 0.033625 0.028481
0 0.145787 0.894256 0.027508 0.023350
0 0.050571 0.885309 0.030092 0.024906
0 0.154092 0.926363 0.026467 0.020625
0 0.063542 0.917803 0.030100 0.021406
0 0.054204 0.069934 0.040475 0.039231
0 0.135463 0.105894 0.037358 0.036425
0 0.201154 0.064331 0.040475 0.040163
0 0.074129 0.142319 0.040475 0.036425
0 0.279612 0.099122 0.045458 0.037831
0 0.353396 0.059191 0.046075 0.042031
0 0.359000 0.133212 0.044833 0.037825
0 0.289263 0.170806 0.037358 0.039225
0 0.213608 0.137650 0.037983 0.037362
0 0.149163 0.173844 0.042342 0.035025
0 0.367096 0.202563 0.036108 0.037363
0 0.431229 0.092119 0.042342 0.041562
0 0.506575 0.050319 0.043583 0.040162
0 0.509687 0.125741 0.044825 0.041569
0 0.436833 0.164969 0.043583 0.038762
0 0.440571 0.235253 0.039858 0.032694
0 0.512492 0.201397 0.042967 0.036894
0 0.586900 0.086278 0.049817 0.039231
0 0.667846 0.046584 0.048575 0.041094
0 0.833167 0.039809 0.045450 0.047169
0 0.747233 0.081141 0.046700 0.041094
0 0.665975 0.123403 0.044833 0.043431
0 0.585033 0.160531 0.044833 0.039225
0 0.661308 0.195791 0.045450 0.038756
0 0.743192 0.157262 0.049817 0.040162
0 0.823204 0.118269 0.044208 0.038763
0 0.819779 0.192756 0.046075 0.041100
0 0.912246 0.071800 0.049192 0.049500
0 0.902283 0.152825 0.046700 0.042500
0 0.978246 0.186919 0.040475 0.040625
0 0.893254 0.223578 0.041092 0.038294
0 0.965175 0.257437 0.046700 0.038763
0 0.958325 0.325850 0.046700 0.033625
0 0.885783 0.292459 0.044833 0.033156
0 0.875504 0.356209 0.049192 0.038294
0 0.813554 0.261403 0.047325 0.035494
0 0.948050 0.387263 0.057283 0.036887
0 0.866787 0.417619 0.044208 0.034088
0 0.938087 0.447741 0.049808 0.035494
0 0.804521 0.327481 0.044208 0.035963
0 0.738208 0.229184 0.048567 0.038294
0 0.586587 0.232919 0.044208 0.037363
0 0.659129 0.263975 0.041092 0.035963
0 0.705521 0.715800 0.035492 0.024288
0 0.647296 0.691516 0.033625 0.025219
0 0.587208 0.710897 0.033000 0.021019
0 0.587213 0.751994 0.030508 0.021950
0 0.645121 0.733547 0.031758 0.021481
0 0.703963 0.756897 0.033625 0.024281
0 0.764046 0.738684 0.035492 0.025219
0 0.884846 0.742419 0.035492 0.024287
0 0.822271 0.762734 0.038608 0.025681
0 0.879242 0.784684 0.036733 0.023819
0 0.644808 0.774641 0.032383 0.021481
0 0.760000 0.780012 0.031133 0.025687
0 0.816975 0.803363 0.033000 0.024750
0 0.873017 0.824613 0.034250 0.024287
0 0.755642 0.819009 0.032383 0.024281
0 0.643250 0.814806 0.030517 0.023350
0 0.588767 0.792622 0.032383 0.021019
0 0.588142 0.829516 0.026150 0.021944
0 0.642629 0.850762 0.026775 0.019613
0 0.701779 0.796591 0.030508 0.024281
0 0.699292 0.835584 0.030517 0.020081
0 0.811063 0.838856 0.028642 0.021013
0 0.751596 0.854966 0.028025 0.021481
0 0.865233 0.861503 0.034867 0.021481
0 0.804521 0.873650 0.031758 0.023350
0 0.749667 0.891169 0.029333 0.019163
0 0.698358 0.871078 0.031133 0.022881
0 0.641383 0.885791 0.030517 0.021481
0 0.589388 0.865941 0.028642 0.019144
0 0.586900 0.900034 0.029883 0.020081
0 0.859008 0.895828 0.029883 0.022881
0 0.802967 0.909841 0.032383 0.021944
0 0.854025 0.931325 0.028650 0.021950
0 0.797363 0.944166 0.029892 0.021481
0 0.746929 0.924784 0.028642 0.019144
0 0.792692 0.976156 0.029267 0.019150
0 0.743812 0.957941 0.029892 0.019144
0 0.692754 0.906103 0.029892 0.021019
0 0.640450 0.920116 0.026150 0.017281
0 0.639517 0.951403 0.024283 0.016344
0 0.689017 0.970319 0.029883 0.020550
0 0.587521 0.934825 0.033625 0.016813
0 0.589079 0.964947 0.026775 0.018219
0 0.277429 0.851697 0.023658 0.017744
0 0.224192 0.833250 0.021800 0.018212
0 0.170954 0.813403 0.027392 0.020544
0 0.161612 0.776744 0.023658 0.021012
0 0.216721 0.796825 0.023042 0.019150
0 0.207379 0.760400 0.026775 0.021013
0 0.258129 0.742184 0.027392 0.020081
0 0.266225 0.780712 0.026150 0.020550
0 0.273071 0.819009 0.024908 0.022419
0 0.320396 0.801028 0.024908 0.018219
0 0.375812 0.821578 0.026158 0.020081
0 0.314171 0.762500 0.024908 0.019613
0 0.370521 0.783750 0.025525 0.017275
0 0.425317 0.803831 0.025533 0.021013
0 0.477933 0.787719 0.027400 0.021487
0 0.532725 0.809669 0.026150 0.020550
0 0.531479 0.769972 0.029892 0.020544
0 0.422513 0.765303 0.028642 0.019619
0 0.366163 0.745222 0.028025 0.020544
0 0.474196 0.747556 0.029892 0.020550
0 0.151654 0.740550 0.028642 0.020550
0 0.531171 0.729812 0.030508 0.023350
0 0.529300 0.686612 0.028017 0.022888
0 0.473258 0.706459 0.029267 0.021481
0 0.417842 0.725841 0.028017 0.020081
0 0.362738 0.700156 0.027392 0.021012
0 0.309812 0.723038 0.024908 0.019150
0 0.251279 0.701556 0.028642 0.019150
0 0.200533 0.720003 0.028017 0.022419
0 0.143558 0.698988 0.027400 0.019612
0 0.191812 0.681009 0.028025 0.021019
0 0.133283 0.658356 0.030517 0.023350
0 0.181850 0.637809 0.029267 0.021481
0 0.123321 0.614459 0.028025 0.022419
0 0.110246 0.570328 0.030508 0.024756
0 0.175004 0.592512 0.031758 0.023350
0 0.225750 0.570563 0.027400 0.022413
0 0.323821 0.418084 0.033008 0.025681
0 0.385467 0.392166 0.033000 0.030819
0 0.316038 0.362978 0.037358 0.029419
0 0.058875 0.363912 0.036117 0.027550
0 0.042683 0.304372 0.031133 0.031756
0 0.114292 0.334959 0.034867 0.027556
0 0.027738 0.243425 0.038608 0.029425
0 0.099658 0.273316 0.037983 0.033156
0 0.174067 0.302969 0.032383 0.028950
0 0.245363 0.332856 0.036742 0.030825
0 0.309188 0.302503 0.036108 0.031756
0 0.372075 0.269578 0.036117 0.031294
0 0.301092 0.237353 0.037367 0.033156
0 0.235713 0.271678 0.038608 0.031756
0 0.162238 0.241091 0.037358 0.031294
0 0.225129 0.206766 0.038608 0.032694
0 0.086271 0.210269 0.034875 0.032225
0 0.018087 0.447506 0.030508 0.027550
0 0.033033 0.497478 0.029267 0.026619
0 0.046729 0.545809 0.031758 0.025219
0 0.059129 0.592263 0.032692 0.026462
0 0.071067 0.636822 0.031650 0.023744
0 0.083262 0.677688 0.033208 0.026075
0 0.093121 0.719325 0.030092 0.023738
0 0.105313 0.757659 0.029575 0.022569
0 0.017362 0.785288 0.029058 0.020238
0 0.114396 0.793269 0.029058 0.022187
0 0.028000 0.818953 0.028533 0.020631
0 0.126850 0.828681 0.026983 0.022963
0 0.135667 0.860597 0.031133 0.021406
0 0.039417 0.853200 0.026467 0.021400
