0 0.03045600000000004 0.413384 0.036422 0.055434
0 0.05314400000000008 0.3785339999999999 0.037488 0.057
0 0.07610000000000006 0.342916 0.035888 0.055434
0 0.0988 0.30610000000000004 0.034844 0.0578
0 0.12228799999999995 0.266516 0.035378 0.062566
0 0.029133999999999993 0.33698399999999995 0.038 0.053034
0 0.05049999999999999 0.29896600000000007 0.036422 0.0562
0 0.07321200000000005 0.2574160000000001 0.036422 0.060166
0 0.028612000000000082 0.2558339999999999 0.035888 0.0586
0 0.30755599999999994 0.24 0.037466 0.063334
0 0.25028800000000007 0.23366599999999993 0.039066 0.063334
0 0.19592199999999993 0.2308840000000001 0.039044 0.0657
0 0.14633399999999996 0.22249999999999992 0.035778 0.053666
0 0.09722199999999992 0.2205999999999999 0.036934 0.0562
0 0.04892199999999991 0.21544999999999992 0.036422 0.060166
0 0.023900000000000032 0.17348399999999997 0.035888 0.059366
0 0.07352200000000009 0.178234 0.035888 0.0562
0 0.12207799999999991 0.18141600000000002 0.040112 0.060966
0 0.17168800000000006 0.1826000000000001 0.038 0.0586
0 0.22421200000000008 0.1905159999999999 0.039578 0.061766
0 0.278578 0.19446600000000003 0.038534 0.064934
0 0.32634399999999997 0.19486599999999998 0.0306 0.060934
0 0.30655600000000005 0.15053399999999995 0.041688 0.062534
0 0.2500659999999999 0.1461840000000001 0.042756 0.061766
0 0.275412 0.10421600000000009 0.035356 0.0649
0 0.22104400000000002 0.103016 0.0364 0.060966
0 0.19623400000000002 0.14379999999999993 0.039578 0.064934
0 0.14477800000000007 0.1422159999999999 0.036934 0.061766
0 0.09515600000000002 0.13864999999999994 0.038 0.060966
0 0.04607800000000006 0.1370659999999999 0.032734 0.0562
0 0.022588000000000052 0.08956600000000003 0.036422 0.064134
0 0.07035600000000009 0.09351599999999993 0.038 0.059366
0 0.12023399999999995 0.0974839999999999 0.034288 0.057766
0 0.17037799999999992 0.09945000000000004 0.037466 0.060166
0 0.047665999999999986 0.051166000000000045 0.038 0.061734
0 0.0954219999999999 0.05196599999999996 0.034312 0.063334
0 0.14451199999999997 0.05553399999999997 0.0364 0.064134
0 0.19597799999999999 0.0555159999999999 0.039066 0.0657
0 0.249544 0.05868399999999996 0.039578 0.0657
0 0.33103400000000005 0.10735000000000006 0.034956 0.0633
0 0.30469999999999997 0.062249999999999917 0.040112 0.0665
0 0.20173400000000008 0.48225000000000007 0.038 0.060166
0 0.22864400000000007 0.4434659999999999 0.041156 0.057
0 0.25397800000000004 0.40466599999999997 0.039066 0.064934
0 0.2808999999999999 0.367866 0.039044 0.064134
0 0.10381200000000002 0.547166 0.036422 0.050666
0 0.1281000000000001 0.510766 0.037488 0.063334
0 0.1523779999999999 0.475916 0.042756 0.060166
0 0.176134 0.4371339999999999 0.038534 0.0586
0 0.20173400000000008 0.399934 0.039066 0.057
0 0.226534 0.359534 0.040134 0.0586
0 0.25318799999999997 0.3207500000000001 0.041712 0.061766
0 0.27878800000000004 0.278 0.041178 0.063334
0 0.05788799999999994 0.5368839999999999 0.034312 0.058566
0 0.08164400000000005 0.504434 0.034312 0.0586
0 0.10328800000000005 0.466434 0.0364 0.0586
0 0.12519999999999998 0.4284159999999999 0.039066 0.058566
0 0.1494660000000001 0.3919999999999999 0.038 0.0586
0 0.17481199999999997 0.3540000000000001 0.036956 0.0586
0 0.19908799999999993 0.313234 0.036934 0.065734
0 0.2267999999999999 0.27601600000000004 0.037466 0.057766
0 0.033088000000000006 0.4953160000000001 0.035378 0.054634
0 0.05367799999999989 0.4584999999999999 0.031134 0.0586
0 0.07689999999999997 0.42288400000000004 0.038512 0.058566
0 0.09985599999999994 0.386066 0.036956 0.053066
0 0.12413399999999997 0.3456840000000001 0.039066 0.059366
0 0.14762199999999992 0.30965 0.037466 0.060166
0 0.1740219999999999 0.27086600000000005 0.037466 0.0586
