0 0.856972 0.20592199999999994 0.048624 0.046602
0 0.806514 0.21466000000000007 0.048624 0.046602
0 0.751468 0.2253400000000001 0.048624 0.046602
0 0.899174 0.14281600000000005 0.048624 0.046602
0 0.84688 0.14961200000000008 0.048624 0.046602
0 0.794588 0.1593199999999999 0.048624 0.046602
0 0.743212 0.16999999999999993 0.048624 0.046602
0 0.891834 0.085534 0.048624 0.046602
0 0.840458 0.09718399999999994 0.048624 0.046602
0 0.78633 0.10689400000000004 0.048624 0.046602
0 0.737706 0.11757200000000001 0.048624 0.046602
0 0.766146 0.65835 0.048624 0.046602
0 0.705596 0.618544 0.048624 0.046602
0 0.756972 0.607864 0.048624 0.046602
0 0.74688 0.555436 0.048624 0.046602
0 0.692752 0.567088 0.048624 0.046602
0 0.640458 0.575826 0.048624 0.046602
0 0.744128 0.505922 0.048624 0.046602
0 0.689082 0.512718 0.048624 0.046602
0 0.638624 0.5224279999999999 0.048624 0.046602
0 0.58266 0.5331060000000001 0.048624 0.046602
0 0.734954 0.4496119999999999 0.048624 0.046602
0 0.67899 0.45931999999999995 0.048624 0.046602
0 0.627614 0.47 0.048624 0.046602
0 0.574404 0.48068 0.048624 0.046602
0 0.723944 0.397184 0.048624 0.046602
0 0.672568 0.404952 0.048624 0.046602
0 0.621192 0.415632 0.048624 0.046602
0 0.5689 0.42728199999999994 0.048624 0.046602
0 0.71844 0.3437859999999999 0.048624 0.046602
0 0.663394 0.35252400000000006 0.048624 0.046602
0 0.6111 0.36126199999999997 0.048624 0.046602
0 0.556056 0.3700000000000001 0.048624 0.046602
0 0.705596 0.2865040000000001 0.048624 0.046602
0 0.656056 0.300098 0.048624 0.046602
0 0.604678 0.3078639999999999 0.048624 0.046602
0 0.549634 0.31660200000000005 0.048624 0.046602
0 0.70101 0.2360199999999999 0.048624 0.046602
0 0.647798 0.24475800000000003 0.048624 0.046602
0 0.59367 0.2544660000000001 0.048624 0.046602
0 0.541376 0.2612620000000001 0.048624 0.046602
0 0.485412 0.27096999999999993 0.048624 0.046602
0 0.69 0.1777660000000001 0.048624 0.046602
0 0.640458 0.18747599999999998 0.048624 0.046602
0 0.683578 0.12534 0.048624 0.046602
0 0.630366 0.13504800000000006 0.048624 0.046602
0 0.421192 0.2253400000000001 0.048624 0.046602
0 0.479908 0.21660199999999996 0.048624 0.046602
0 0.532202 0.20786400000000005 0.048624 0.046602
0 0.588166 0.2000980000000001 0.048624 0.046602
0 0.574404 0.14572800000000008 0.048624 0.046602
0 0.520276 0.1554359999999999 0.048624 0.046602
0 0.467064 0.162234 0.048624 0.046602
0 0.413854 0.17097000000000007 0.048624 0.046602
0 0.727614 0.06029200000000001 0.048624 0.046602
0 0.673486 0.07194199999999995 0.048624 0.046602
0 0.621192 0.07970799999999989 0.048624 0.046602
0 0.5689 0.08747600000000011 0.048624 0.046602
0 0.513854 0.09718399999999994 0.048624 0.046602
0 0.460642 0.10592200000000007 0.048624 0.046602
0 0.404678 0.11563199999999996 0.048624 0.046602
0 0.560642 0.03213599999999994 0.048624 0.046602
0 0.505596 0.04184399999999999 0.048624 0.046602
0 0.452386 0.05349599999999999 0.048624 0.046602
0 0.785412 0.046699999999999964 0.048624 0.046602
0 0.836788 0.039902000000000104 0.048624 0.046602
0 0.887248 0.030194000000000054 0.048624 0.046602
0 0.940458 0.02339800000000003 0.048624 0.046602
0 0.905596 0.19718400000000003 0.048624 0.046602
0 0.755138 0.28068000000000004 0.048624 0.046602
0 0.8111 0.267088 0.048624 0.046602
0 0.86156 0.2583500000000001 0.048624 0.046602
0 0.916606 0.24961199999999995 0.048624 0.046602
0 0.769816 0.3340780000000001 0.048624 0.046602
0 0.819358 0.32533999999999996 0.048624 0.046602
0 0.872568 0.31465999999999994 0.048624 0.046602
0 0.92211 0.30203800000000003 0.048624 0.046602
0 0.773486 0.38747599999999993 0.048624 0.046602
0 0.827614 0.37970799999999993 0.048624 0.046602
0 0.878074 0.3700000000000001 0.048624 0.046602
0 0.92945 0.357378 0.048624 0.046602
0 0.784496 0.439902 0.048624 0.046602
0 0.836788 0.43116599999999994 0.048624 0.046602
0 0.884496 0.42145600000000005 0.048624 0.046602
0 0.938624 0.4098059999999999 0.048624 0.046602
0 0.791834 0.49038800000000005 0.048624 0.046602
0 0.840458 0.4816499999999999 0.048624 0.046602
0 0.89367 0.4719420000000001 0.048624 0.046602
0 0.943212 0.46126200000000006 0.048624 0.046602
0 0.799174 0.545728 0.048624 0.046602
0 0.85055 0.5331060000000001 0.048624 0.046602
0 0.901926 0.524368 0.048624 0.046602
0 0.949634 0.516602 0.048624 0.046602
0 0.807432 0.5971839999999999 0.048624 0.046602
0 0.85789 0.5865039999999999 0.048624 0.046602
0 0.9111 0.574854 0.048624 0.046602
0 0.960642 0.568058 0.048624 0.046602
0 0.819358 0.650582 0.048624 0.046602
0 0.864312 0.6350480000000001 0.048624 0.046602
0 0.912936 0.628252 0.048624 0.046602
0 0.966146 0.615632 0.048624 0.046602
0 0.823028 0.698156 0.048624 0.046602
0 0.872568 0.6884459999999999 0.048624 0.046602
0 0.923944 0.6787380000000001 0.048624 0.046602
0 0.975322 0.66903 0.048624 0.046602
0 0.879908 0.737962 0.048624 0.046602
0 0.931284 0.730194 0.048624 0.046602
0 0.975322 0.7136899999999999 0.048624 0.046602
0 0.947798 0.077766 0.048624 0.046602
0 0.947798 0.13602000000000003 0.048624 0.046602
0 0.959724 0.1884459999999999 0.048624 0.046602
0 0.967064 0.24184399999999995 0.048624 0.046602
0 0.975322 0.296214 0.048624 0.046602
