0 0.736916 0.142118 0.063334 0.039588
0 0.660208 0.214426 0.06615 0.037474
0 0.8175 0.202812 0.064034 0.04275
0 0.505392 0.221812 0.06615 0.0322
0 0.419542 0.301512 0.06615 0.04065
0 0.579776 0.289738 0.06755 0.037474
0 0.741984 0.277862 0.068266 0.03695
0 0.495674 0.369968 0.072484 0.041688
0 0.661408 0.356768 0.070384 0.043812
0 0.834526 0.346744 0.078816 0.046962
0 0.903142 0.265732 0.06685 0.040112
0 0.816934 0.828882 0.084434 0.063338
0 0.908066 0.715938 0.080934 0.057
0 0.750426 0.43805 0.06685 0.0438
0 0.890476 0.53015 0.071084 0.043276
0 0.665634 0.529894 0.070366 0.044862
0 0.577666 0.445444 0.071766 0.043812
0 0.805966 0.626774 0.071734 0.049324
0 0.71555 0.731006 0.0792 0.056038
0 0.6214 0.839724 0.0822 0.06725
0 0.373334 0.837488 0.088166 0.062776
0 0.483166 0.727644 0.089666 0.065012
0 0.578058 0.625094 0.076216 0.050438
0 0.330742 0.384118 0.06575 0.043712
0 0.403958 0.454168 0.06875 0.044838
0 0.234342 0.467056 0.076216 0.048188
0 0.310558 0.548318 0.076216 0.051562
0 0.483166 0.535988 0.0777 0.047076
0 0.131234 0.559526 0.073234 0.049326
0 0.2052 0.645824 0.071734 0.047076
0 0.096858 0.751182 0.082184 0.051562
0 0.283666 0.737176 0.0792 0.0594
0 0.389766 0.636862 0.0792 0.05605
0 0.178576 0.849588 0.09145 0.059176
0 0.264476 0.956218 0.09755 0.067712
0 0.518724 0.959724 0.091316 0.07005
0 0.7268 0.946882 0.0882 0.067712
0 0.923984 0.936376 0.092366 0.062274
