0 0.80755 0.76591 0.096666 0.082592
0 0.716666 0.732268 0.1 0.088664
0 0.62451 0.693928 0.1 0.08583
0 0.885196 0.704778 0.096274 0.082592
0 0.794412 0.67417 0.1 0.088744
0 0.703726 0.633118 0.096274 0.085992
0 0.948138 0.467732 0.096274 0.09174
0 0.877746 0.614534 0.096274 0.085588
0 0.787058 0.583968 0.1 0.085668
0 0.867058 0.527368 0.10196 0.09506
0 0.9 0.798056 0.096274 0.079514
0 0.629608 0.78579 0.09647 0.09174
0 0.724314 0.827086 0.100392 0.08251
0 0.814804 0.857652 0.111176 0.082592
0 0.907352 0.888178 0.097058 0.076276
0 0.546324 0.843928 0.107352 0.09174
0 0.64451 0.877732 0.096274 0.08583
0 0.735196 0.917288 0.10745 0.085588
0 0.824068 0.94494 0.099902 0.079352
0 0.559314 0.935628 0.096274 0.079514
