0 0.425858 0.019882 0.065016 0.039762
0 0.510724 0.0164 0.062484 0.0328
0 0.590934 0.013194 0.064134 0.024112
0 0.674134 0.010632 0.065034 0.020262
0 0.397142 0.076818 0.065016 0.052562
0 0.478634 0.069538 0.0608 0.050676
0 0.559284 0.059718 0.061634 0.050038
0 0.640784 0.05465 0.0608 0.050024
0 0.447816 0.129706 0.058266 0.046862
0 0.528884 0.122418 0.058266 0.050038
0 0.608684 0.115776 0.065866 0.0494
0 0.417834 0.189868 0.0625 0.048138
0 0.498908 0.182588 0.062484 0.0475
0 0.580816 0.175618 0.0608 0.048762
0 0.466816 0.241176 0.055734 0.044324
0 0.547042 0.233576 0.057416 0.0494
0 0.437258 0.300074 0.059116 0.050674
0 0.518792 0.290894 0.063416 0.044962
0 0.48835 0.347576 0.056566 0.0456
0 0.460058 0.407112 0.059116 0.0456
0 0.934234 0.083468 0.059966 0.044338
0 0.90045 0.141106 0.059966 0.048138
0 0.946892 0.193994 0.06165 0.050038
0 0.866666 0.200638 0.063334 0.050674
0 0.834166 0.262706 0.0608 0.051938
0 0.916074 0.257326 0.059116 0.0475
0 0.80165 0.322244 0.059966 0.049412
0 0.883134 0.314644 0.055734 0.045612
0 0.963792 0.306412 0.054884 0.0456
0 0.771674 0.378612 0.059116 0.046876
0 0.852742 0.372282 0.057416 0.044338
0 0.929584 0.366262 0.0625 0.0475
0 0.897916 0.424532 0.058266 0.046238
0 0.82065 0.429282 0.055734 0.046862
0 0.74085 0.437832 0.063334 0.046238
0 0.712134 0.4942 0.059966 0.044976
0 0.79025 0.490718 0.057434 0.048138
0 0.867516 0.4828 0.059966 0.0475
0 0.945208 0.475832 0.056584 0.046238
0 0.914392 0.531882 0.05405 0.044338
0 0.837958 0.5379 0.049816 0.042424
0 0.760692 0.54645 0.057416 0.0456
0 0.681734 0.55025 0.059966 0.044324
0 0.653442 0.606306 0.062484 0.042438
0 0.729024 0.601556 0.05995 0.043062
0 0.80545 0.593968 0.052366 0.040562
0 0.883134 0.588568 0.0608 0.046238
0 0.961274 0.580968 0.05655 0.044962
0 0.93085 0.637656 0.059966 0.043062
0 0.852734 0.642724 0.055734 0.0456
0 0.7742 0.649688 0.055734 0.048126
0 0.701158 0.6557 0.05995 0.0437
0 0.622616 0.6614 0.058266 0.0399
0 0.592642 0.714926 0.05575 0.043074
0 0.566458 0.770024 0.05405 0.0494
0 0.535216 0.822912 0.055734 0.044976
0 0.671176 0.710176 0.05405 0.0437
0 0.639508 0.762744 0.06165 0.044962
0 0.61375 0.817844 0.057434 0.041162
0 0.744642 0.702888 0.059116 0.0418
0 0.715508 0.755462 0.054884 0.0418
0 0.68595 0.812462 0.058266 0.046876
0 0.820234 0.698774 0.0532 0.0437
0 0.7932 0.751024 0.0532 0.043074
0 0.762384 0.806124 0.057434 0.043076
0 0.898342 0.690856 0.05405 0.043062
0 0.867942 0.746276 0.05405 0.0437
0 0.83585 0.798844 0.050666 0.042438
0 0.975192 0.685794 0.047284 0.040538
0 0.943942 0.738362 0.048984 0.0418
0 0.916074 0.792826 0.057416 0.0418
0 0.961674 0.83875 0.057416 0.0399
0 0.884408 0.844762 0.054884 0.040524
0 0.810516 0.849832 0.054034 0.040538
0 0.733666 0.856794 0.057434 0.039262
0 0.661042 0.860912 0.057416 0.0399
0 0.585042 0.866932 0.05575 0.036738
0 0.555908 0.918862 0.054884 0.038
0 0.631066 0.913162 0.0532 0.039274
0 0.703266 0.908412 0.055734 0.0399
0 0.781374 0.902082 0.051516 0.037362
0 0.851892 0.899232 0.05235 0.039262
0 0.928742 0.89385 0.05405 0.0437
0 0.900024 0.943882 0.05405 0.041162
0 0.821916 0.948944 0.0532 0.042438
0 0.749716 0.954962 0.055734 0.0418
0 0.67455 0.960038 0.050666 0.038
0 0.600242 0.965412 0.05575 0.0399
