0 0.527788 0.775200 0.041508 0.028200
0 0.558308 0.720641 0.037117 0.028219
0 0.584921 0.674116 0.037608 0.028931
0 0.605675 0.631631 0.040050 0.026737
0 0.627650 0.593725 0.035167 0.021975
0 0.646450 0.559478 0.037600 0.018681
0 0.083404 0.514613 0.032725 0.016850
0 0.122958 0.487878 0.028817 0.015381
0 0.157875 0.464253 0.028317 0.015019
0 0.192550 0.443744 0.029300 0.013550
0 0.222337 0.423784 0.028325 0.012456
0 0.300958 0.400344 0.024417 0.009525
0 0.273362 0.418656 0.026858 0.011725
0 0.245288 0.438800 0.027342 0.013188
0 0.215012 0.459128 0.028325 0.014281
0 0.181558 0.483116 0.028817 0.013919
0 0.146396 0.507656 0.031742 0.016112
0 0.105133 0.535672 0.032233 0.018681
0 0.062404 0.565888 0.034675 0.018313
0 0.016012 0.598484 0.031742 0.019781
0 0.034571 0.627419 0.034675 0.021238
0 0.084871 0.591159 0.034675 0.019781
0 0.128333 0.558378 0.032717 0.016481
0 0.168621 0.529081 0.030275 0.015750
0 0.206462 0.501612 0.031742 0.016475
0 0.240158 0.477819 0.028817 0.014262
0 0.269700 0.455281 0.027350 0.013912
0 0.298513 0.433672 0.025392 0.012456
0 0.326104 0.414628 0.025875 0.011719
0 0.348812 0.396866 0.023442 0.014281
0 0.397404 0.391188 0.021975 0.013188
0 0.375913 0.410231 0.023925 0.013187
0 0.352717 0.429459 0.026367 0.014281
0 0.325617 0.450703 0.027833 0.015019
0 0.296804 0.472678 0.028808 0.015744
0 0.267512 0.497584 0.029808 0.016481
0 0.234542 0.523772 0.033200 0.017581
0 0.195713 0.552522 0.031758 0.017944
0 0.156167 0.584019 0.039550 0.021613
0 0.110504 0.620094 0.035158 0.020512
0 0.200358 0.615331 0.034183 0.020513
0 0.241867 0.580353 0.032233 0.020144
0 0.277517 0.549041 0.032233 0.016844
0 0.310233 0.519741 0.029300 0.017581
0 0.340025 0.494103 0.029300 0.013919
0 0.370054 0.470481 0.028808 0.012088
0 0.393250 0.447775 0.027350 0.013550
0 0.400088 0.488063 0.028325 0.015750
0 0.372742 0.513331 0.029300 0.017213
0 0.342463 0.541900 0.032225 0.017950
0 0.309988 0.572666 0.033692 0.020144
0 0.272875 0.608375 0.033700 0.019775
0 0.231121 0.646281 0.035158 0.023075
0 0.156167 0.655628 0.037600 0.021994
0 0.059229 0.658734 0.040042 0.022344
0 0.186442 0.689131 0.038583 0.026737
0 0.267263 0.679059 0.040042 0.024906
0 0.305837 0.637675 0.036142 0.021975
0 0.343458 0.600500 0.037083 0.020875
0 0.376158 0.566988 0.033200 0.017575
0 0.405458 0.536216 0.033200 0.019056
0 0.432804 0.508753 0.031258 0.015381
0 0.456488 0.483300 0.028808 0.014288
0 0.478475 0.460044 0.026883 0.013188
0 0.498975 0.437884 0.024900 0.012819
0 0.518996 0.418106 0.024908 0.012088
0 0.423529 0.464622 0.028325 0.015019
0 0.416204 0.427262 0.025392 0.012087
0 0.439154 0.407669 0.025392 0.012450
0 0.459175 0.389906 0.024417 0.011350
0 0.446238 0.443012 0.026858 0.012088
0 0.468696 0.423050 0.026858 0.013187
0 0.486767 0.402906 0.024900 0.013188
0 0.569537 0.414262 0.026375 0.013188
0 0.552687 0.432938 0.026858 0.014650
0 0.533892 0.454731 0.029300 0.015013
0 0.513383 0.479087 0.029300 0.014650
0 0.493358 0.503259 0.032233 0.016844
0 0.469187 0.529447 0.029792 0.018681
0 0.442325 0.560028 0.030767 0.022706
0 0.412296 0.593175 0.036142 0.021613
0 0.381288 0.630166 0.034675 0.023069
0 0.346129 0.671184 0.036625 0.025269
0 0.305350 0.718066 0.042000 0.026731
0 0.389587 0.739856 0.044442 0.029300
0 0.424992 0.689681 0.041017 0.026375
0 0.457708 0.646278 0.036133 0.023806
0 0.487008 0.607091 0.034183 0.022344
0 0.512892 0.572666 0.031250 0.020144
0 0.537062 0.540619 0.033692 0.018312
0 0.557817 0.513700 0.031250 0.015750
0 0.577596 0.487147 0.027842 0.015381
0 0.595663 0.462422 0.028808 0.014281
0 0.611292 0.440447 0.029783 0.015019
0 0.627408 0.420122 0.027833 0.012456
0 0.678925 0.415544 0.027350 0.013550
0 0.665496 0.435322 0.028808 0.014281
0 0.649625 0.458028 0.028317 0.014281
0 0.634725 0.482019 0.030783 0.016850
0 0.617396 0.508022 0.032225 0.017581
0 0.600792 0.535306 0.032233 0.018675
0 0.580771 0.566072 0.033208 0.019406
0 0.557329 0.601416 0.033208 0.019044
0 0.532425 0.638406 0.036133 0.023438
0 0.506787 0.681622 0.034675 0.024906
0 0.473825 0.730153 0.041017 0.027469
0 0.663787 0.529631 0.031258 0.016112
0 0.678925 0.501247 0.032233 0.016481
0 0.693575 0.476522 0.031250 0.017581
0 0.707250 0.452353 0.029300 0.013919
0 0.719700 0.431291 0.028817 0.014281
0 0.771946 0.425616 0.029775 0.016844
0 0.762433 0.447406 0.029300 0.015012
0 0.750954 0.470847 0.029792 0.015744
0 0.738012 0.496484 0.030275 0.017944
0 0.725804 0.522850 0.032225 0.018675
0 0.710908 0.552706 0.033683 0.021975
0 0.696017 0.587681 0.034183 0.020875
0 0.678433 0.623587 0.036133 0.023050
0 0.659146 0.664225 0.044442 0.024537
0 0.639613 0.711656 0.039558 0.025637
0 0.615442 0.764581 0.044933 0.031863
0 0.707500 0.819331 0.053167 0.036625
0 0.726538 0.760369 0.043458 0.030763
0 0.743133 0.706894 0.045400 0.031500
0 0.758038 0.660747 0.042975 0.027106
0 0.772442 0.620278 0.039550 0.023806
0 0.785871 0.582919 0.037108 0.024537
0 0.795625 0.550131 0.037083 0.020487
0 0.805154 0.519375 0.031742 0.019050
0 0.816392 0.492272 0.032717 0.016844
0 0.824692 0.466819 0.033700 0.017212
0 0.830308 0.444478 0.032233 0.016481
0 0.887929 0.439169 0.031258 0.018313
0 0.883029 0.463156 0.034225 0.018675
0 0.877433 0.486962 0.035650 0.019412
0 0.869617 0.514066 0.034667 0.018681
0 0.862292 0.543369 0.035650 0.020888
0 0.853738 0.577059 0.040025 0.020881
0 0.844954 0.611672 0.039075 0.024906
0 0.835679 0.653056 0.040042 0.026375
0 0.824446 0.698656 0.042975 0.028200
0 0.812725 0.751209 0.046883 0.032231
0 0.800029 0.809625 0.046875 0.034063
0 0.782942 0.874634 0.053717 0.039556
0 0.870596 0.940378 0.061042 0.047244
0 0.879142 0.863466 0.051767 0.036994
0 0.889150 0.797541 0.054200 0.033331
0 0.897454 0.740956 0.044442 0.030763
0 0.906000 0.691331 0.042000 0.026737
0 0.910392 0.645731 0.043950 0.027838
0 0.916983 0.605444 0.040533 0.022713
0 0.922846 0.569553 0.036625 0.021244
0 0.926996 0.537138 0.036142 0.020875
0 0.932125 0.507656 0.034667 0.016850
0 0.937738 0.481469 0.038092 0.017950
0 0.939696 0.455647 0.033208 0.019044
