0 0.201922 0.02966000000000002 0.033766 0.029024
0 0.242442 0.026032000000000055 0.033766 0.029024
0 0.278806 0.022858000000000045 0.033766 0.029024
0 0.318286 0.01923000000000008 0.033766 0.029024
0 0.357246 0.015600000000000058 0.033766 0.029024
0 0.85735 0.030475999999999948 0.034702 0.03102
0 0.634078 0.140498 0.027532 0.025396
0 0.599428 0.14353799999999994 0.027532 0.025396
0 0.560416 0.14884399999999998 0.027532 0.025396
0 0.525714 0.15188200000000007 0.027532 0.025396
0 0.488468 0.15491999999999995 0.027532 0.025396
0 0.506338 0.12376399999999999 0.027532 0.025396
0 0.54187 0.12167799999999995 0.027532 0.025396
0 0.580364 0.1174599999999999 0.027532 0.025396
0 0.613506 0.1143320000000001 0.027532 0.025396
0 0.650234 0.10907 0.027532 0.025396
0 0.686962 0.10589599999999999 0.027532 0.025396
0 0.721246 0.10172399999999993 0.027532 0.025396
0 0.75678 0.09696199999999999 0.027532 0.025396
0 0.78987 0.09487599999999996 0.027532 0.025396
0 0.825402 0.09169999999999989 0.027532 0.025396
0 0.856728 0.08644000000000007 0.027532 0.025396
0 0.436728 0.25356 0.033766 0.029024
0 0.472208 0.24829999999999997 0.033766 0.029024
0 0.50774 0.2440819999999999 0.033766 0.029024
0 0.546286 0.23886600000000002 0.033766 0.029024
0 0.583012 0.235692 0.033766 0.029024
0 0.614286 0.23147399999999996 0.033766 0.029024
0 0.65522 0.2273019999999999 0.033766 0.029024
0 0.686546 0.22308400000000006 0.033766 0.029024
0 0.723896 0.21782400000000002 0.033766 0.029024
0 0.76 0.21727800000000008 0.033766 0.029024
0 0.79309 0.21097600000000005 0.033766 0.029024
0 0.82561 0.20625800000000005 0.033766 0.029024
0 0.859324 0.20258599999999993 0.033766 0.029024
0 0.892416 0.19732400000000005 0.033766 0.029024
0 0.926754 0.19469399999999992 0.033766 0.029024
0 0.957454 0.1894340000000001 0.033766 0.029024
0 0.974338 0.158458 0.033766 0.029024
0 0.909298 0.1668480000000001 0.033766 0.029024
0 0.877974 0.17052200000000006 0.033766 0.029024
0 0.842494 0.175238 0.033766 0.029024
0 0.777454 0.18158800000000008 0.033766 0.029024
0 0.73891 0.187346 0.033766 0.029024
0 0.707012 0.1926079999999999 0.033766 0.029024
0 0.634806 0.19786799999999993 0.033766 0.029024
0 0.599844 0.20362799999999992 0.033766 0.029024
0 0.56374 0.20839000000000008 0.033766 0.029024
0 0.52639 0.2104760000000001 0.033766 0.029024
0 0.492104 0.21677999999999997 0.033766 0.029024
0 0.451168 0.22045399999999993 0.033766 0.029024
0 0.468624 0.1868019999999999 0.033766 0.029024
0 0.506546 0.18525999999999998 0.033766 0.029024
0 0.544468 0.17945600000000006 0.033766 0.029024
0 0.580572 0.1747399999999999 0.033766 0.029024
0 0.618494 0.17106599999999994 0.033766 0.029024
0 0.654026 0.167346 0.033766 0.029024
0 0.688364 0.167346 0.033766 0.029024
0 0.723272 0.16158800000000006 0.033766 0.029024
0 0.756364 0.15737 0.033766 0.029024
0 0.791324 0.15265400000000007 0.033766 0.029024
0 0.82322 0.1489799999999999 0.033766 0.029024
0 0.86052 0.14530599999999994 0.033766 0.029024
0 0.892416 0.1400459999999999 0.033766 0.029024
0 0.924364 0.13687000000000005 0.033766 0.029024
0 0.95626 0.13374200000000003 0.033766 0.029024
0 0.973714 0.10326600000000008 0.033766 0.029024
0 0.941818 0.10693799999999998 0.033766 0.029024
0 0.90748 0.10798200000000002 0.033766 0.029024
0 0.873194 0.1153280000000001 0.033766 0.029024
0 0.843688 0.11796000000000006 0.033766 0.029024
0 0.806962 0.12217600000000006 0.033766 0.029024
0 0.771428 0.12426399999999993 0.033766 0.029024
0 0.633974 0.0820860000000001 0.033766 0.029024
0 0.59735 0.08584999999999998 0.033766 0.029024
0 0.564 0.08956999999999993 0.033766 0.029024
0 0.528416 0.09333400000000003 0.033766 0.029024
0 0.615688 0.05385400000000007 0.033766 0.02898
0 0.582286 0.058548000000000044 0.033766 0.029024
0 0.545662 0.059501999999999944 0.033766 0.029024
0 0.309766 0.4243539999999999 0.033766 0.029024
0 0.290442 0.45845800000000003 0.033766 0.029024
0 0.323688 0.390976 0.033766 0.029024
0 0.34535 0.3575520000000001 0.033766 0.029024
0 0.364832 0.324762 0.033766 0.029024
0 0.382182 0.2919719999999999 0.033766 0.029024
0 0.396624 0.2598180000000001 0.033766 0.029024
0 0.416156 0.22449000000000008 0.033766 0.029024
0 0.435636 0.19546400000000008 0.033766 0.029024
0 0.453714 0.16077000000000008 0.033766 0.029024
0 0.468884 0.12734599999999996 0.033766 0.029024
0 0.488416 0.0970979999999999 0.033766 0.029024
0 0.507792 0.06312999999999991 0.033766 0.029024
0 0.322702 0.20575999999999994 0.033766 0.029024
0 0.305454 0.23678 0.033766 0.029024
0 0.286078 0.27251800000000004 0.033766 0.029024
0 0.26452 0.30262999999999995 0.033766 0.029024
0 0.246182 0.33650800000000003 0.033766 0.029024
0 0.226806 0.30825400000000003 0.033766 0.029024
0 0.246182 0.27442199999999994 0.033766 0.029024
0 0.26561 0.24149599999999993 0.033766 0.029024
0 0.281766 0.20766400000000007 0.033766 0.029024
0 0.304364 0.173786 0.033766 0.029024
0 0.318494 0.14222200000000007 0.033766 0.029024
0 0.338702 0.11088399999999998 0.033766 0.029024
0 0.208156 0.278594 0.033766 0.029024
0 0.22478 0.24503399999999997 0.033766 0.029024
0 0.24348 0.21555600000000008 0.033766 0.029024
0 0.26426 0.18199600000000005 0.033766 0.029024
0 0.280884 0.14662200000000003 0.033766 0.029024
0 0.299064 0.11351399999999989 0.033766 0.029024
0 0.260624 0.11804999999999999 0.033766 0.029024
0 0.241402 0.15025 0.033766 0.029024
0 0.222182 0.18335600000000007 0.033766 0.029024
0 0.205558 0.219638 0.033766 0.029024
0 0.186338 0.18653000000000008 0.033766 0.029024
0 0.201922 0.15478400000000003 0.033766 0.029024
0 0.22322 0.12213199999999991 0.033766 0.029024
0 0.356728 0.07768799999999998 0.027532 0.025396
0 0.320364 0.08222200000000002 0.027532 0.025396
0 0.278806 0.08494399999999991 0.027532 0.025396
0 0.241402 0.0899319999999999 0.027532 0.025396
0 0.201402 0.0917460000000001 0.027532 0.025396
0 0.27226 0.43101999999999996 0.033766 0.029024
0 0.287844 0.397278 0.033766 0.029024
0 0.305922 0.3635379999999999 0.033766 0.029024
0 0.324624 0.329796 0.033766 0.029024
0 0.343324 0.29442199999999996 0.033766 0.029024
0 0.361402 0.26285800000000004 0.033766 0.029024
0 0.380728 0.2280279999999999 0.033766 0.029024
0 0.396312 0.19755199999999995 0.033766 0.029024
0 0.415636 0.164898 0.033766 0.029024
0 0.431844 0.13115600000000005 0.033766 0.029024
0 0.451792 0.10176800000000008 0.033766 0.029024
0 0.469246 0.06857200000000008 0.033766 0.029024
0 0.26852 0.3678920000000001 0.033766 0.029024
0 0.284728 0.33414999999999995 0.033766 0.029024
0 0.304676 0.3009520000000001 0.033766 0.029024
0 0.322754 0.26666600000000007 0.033766 0.029024
0 0.340832 0.23510199999999992 0.033766 0.029024
0 0.358286 0.20135999999999998 0.033766 0.029024
0 0.37761 0.16979600000000006 0.033766 0.029024
0 0.396936 0.1371420000000001 0.033766 0.029024
0 0.41065 0.10503400000000007 0.033766 0.029024
0 0.43309 0.07238000000000011 0.033766 0.029024
0 0.340208 0.17415000000000003 0.033766 0.029024
0 0.358286 0.14203999999999994 0.033766 0.029024
0 0.37761 0.10721000000000003 0.033766 0.029024
0 0.393818 0.075102 0.033766 0.029024
0 0.672312 0.1932419999999999 0.027532 0.025396
0 0.807896 0.17601 0.027532 0.025396
0 0.94348 0.16059 0.027532 0.025396
0 0.838546 0.06172399999999989 0.027532 0.025396
0 0.807376 0.0635380000000001 0.027532 0.025396
0 0.77252 0.0667120000000001 0.027532 0.025396
0 0.739272 0.07124799999999998 0.027532 0.025396
0 0.668624 0.077596 0.027532 0.025396
0 0.70291 0.07351400000000008 0.027532 0.025396
0 0.650442 0.049023999999999957 0.027532 0.025396
0 0.891532 0.0834919999999999 0.027532 0.025396
0 0.957454 0.07532800000000006 0.027532 0.025396
0 0.92426 0.07850399999999991 0.027532 0.025396
0 0.872832 0.05628199999999994 0.027532 0.025396
0 0.983324 0.4454419999999999 0.02961 0.027664
0 0.949714 0.45197200000000004 0.02961 0.027664
0 0.919844 0.45521600000000007 0.02961 0.02762
0 0.884364 0.45927399999999996 0.02961 0.027664
0 0.847948 0.46417200000000003 0.02961 0.027664
0 0.817142 0.4690700000000001 0.02961 0.027664
0 0.784468 0.473152 0.02961 0.027664
0 0.748104 0.47882 0.02961 0.027664
0 0.714494 0.48616799999999993 0.02961 0.027664
0 0.679948 0.49188199999999993 0.02961 0.027664
0 0.643532 0.4984120000000001 0.02961 0.027664
0 0.609038 0.5033099999999999 0.02961 0.027664
0 0.572624 0.50898 0.02961 0.027664
0 0.538078 0.5130619999999999 0.02961 0.027664
0 0.500728 0.519592 0.02961 0.027664
0 0.462494 0.526122 0.02961 0.027664
0 0.424208 0.529342 0.02961 0.027664
0 0.385038 0.535056 0.02961 0.027664
0 0.349558 0.54322 0.02961 0.027664
0 0.969298 0.417732 0.02961 0.027664
0 0.931948 0.42018200000000006 0.02961 0.027664
0 0.900208 0.429138 0.02961 0.02762
0 0.86478 0.4307479999999999 0.02961 0.027664
0 0.833038 0.4397279999999999 0.02961 0.027664
0 0.794754 0.44462599999999997 0.02961 0.027664
0 0.763948 0.44625800000000004 0.02961 0.027664
0 0.730338 0.45033999999999996 0.02961 0.027664
0 0.695844 0.4576420000000001 0.02961 0.027664
0 0.661298 0.46498799999999996 0.02961 0.027664
0 0.626754 0.4690700000000001 0.02961 0.027664
0 0.588468 0.47396799999999994 0.02961 0.027664
0 0.553038 0.479638 0.02961 0.027664
0 0.516624 0.4845360000000001 0.02961 0.027664
0 0.481142 0.491066 0.02961 0.027664
0 0.441038 0.49678 0.02961 0.027664
0 0.406494 0.502494 0.02961 0.027664
0 0.366338 0.5081640000000001 0.02961 0.027664
0 0.328104 0.5122439999999999 0.02961 0.027664
0 0.852364 0.404898 0.02961 0.027664
0 0.884104 0.40081600000000006 0.02961 0.027664
0 0.917662 0.3967799999999999 0.02961 0.027664
0 0.948468 0.3910659999999999 0.02961 0.027664
0 0.982078 0.38616800000000007 0.02961 0.027664
0 0.815012 0.410612 0.02961 0.027664
0 0.782338 0.416326 0.02961 0.027664
0 0.745922 0.4204079999999999 0.02961 0.027664
0 0.713298 0.42771000000000003 0.02961 0.027664
0 0.681558 0.430976 0.02961 0.027664
0 0.643272 0.4383220000000001 0.02961 0.027664
0 0.610598 0.44321999999999995 0.02961 0.027664
0 0.574234 0.4497500000000001 0.02961 0.027664
0 0.536884 0.4562360000000001 0.02961 0.027664
0 0.499532 0.4586840000000001 0.02961 0.027664
0 0.463116 0.4652160000000001 0.02961 0.027664
0 0.425818 0.4701139999999999 0.02961 0.027664
0 0.387532 0.47415000000000007 0.02961 0.027664
0 0.352052 0.48068 0.02961 0.027664
0 0.309142 0.4847619999999999 0.02961 0.027664
0 0.328728 0.45215399999999994 0.02961 0.027664
0 0.367012 0.448118 0.02961 0.027664
0 0.403428 0.44321999999999995 0.02961 0.027664
0 0.552728 0.4204079999999999 0.02961 0.027664
0 0.440728 0.4350560000000001 0.02961 0.027664
0 0.479948 0.42852599999999996 0.02961 0.027664
0 0.514494 0.42444400000000004 0.02961 0.027664
0 0.589142 0.41224400000000005 0.02961 0.027664
0 0.624624 0.407346 0.02961 0.027664
0 0.659168 0.40408200000000005 0.02961 0.027664
0 0.694598 0.39923 0.02961 0.027664
0 0.729142 0.392698 0.02961 0.027664
0 0.761818 0.3886160000000001 0.02961 0.027664
0 0.795428 0.3820859999999999 0.02961 0.027664
0 0.832728 0.3820859999999999 0.02961 0.027664
0 0.863532 0.37637199999999993 0.02961 0.027664
0 0.899012 0.36907 0.02961 0.027664
0 0.927948 0.363356 0.02961 0.027664
0 0.963428 0.360908 0.02961 0.027664
0 0.98109 0.3303400000000001 0.02961 0.027664
0 0.948884 0.33396800000000004 0.02961 0.027664
0 0.914078 0.33941 0.02961 0.027664
0 0.88291 0.34576000000000007 0.02961 0.027664
0 0.848624 0.349842 0.02961 0.027664
0 0.813298 0.35392200000000007 0.02961 0.027664
0 0.780052 0.3607260000000001 0.02961 0.027664
0 0.749402 0.3638999999999999 0.02961 0.027664
0 0.708884 0.366622 0.02961 0.027664
0 0.676156 0.37297 0.02961 0.027664
0 0.64135 0.37841199999999997 0.02961 0.027664
0 0.608104 0.38476200000000005 0.02961 0.027664
0 0.569662 0.38703 0.02961 0.027664
0 0.534338 0.39383199999999996 0.02961 0.027664
0 0.496936 0.39836800000000006 0.02961 0.027664
0 0.455896 0.40381 0.02961 0.027664
0 0.423688 0.410158 0.02961 0.027664
0 0.386806 0.4160539999999999 0.02961 0.027664
0 0.347324 0.42013600000000006 0.02961 0.027664
0 0.36239 0.3856679999999999 0.02961 0.027664
0 0.399792 0.3811340000000001 0.02961 0.027664
0 0.439792 0.3756919999999999 0.02961 0.027664
0 0.474078 0.37115600000000004 0.02961 0.027664
0 0.51252 0.36616800000000005 0.02961 0.027664
0 0.550442 0.36118000000000006 0.02961 0.027664
0 0.584728 0.3570979999999999 0.02961 0.027664
0 0.620052 0.3502940000000001 0.02961 0.027664
0 0.654338 0.346214 0.02961 0.027664
0 0.693298 0.34122399999999997 0.02961 0.027664
0 0.727064 0.337596 0.02961 0.027664
0 0.76291 0.332608 0.02961 0.027664
0 0.796156 0.32762 0.02961 0.027664
0 0.830442 0.32126999999999994 0.02961 0.027664
0 0.863688 0.317642 0.02961 0.027664
0 0.895896 0.31356000000000006 0.02961 0.027664
0 0.929662 0.3094779999999999 0.02961 0.027664
0 0.96239 0.30584999999999996 0.02961 0.027664
0 0.976416 0.27183599999999997 0.02961 0.027664
0 0.945766 0.27954600000000007 0.02961 0.027664
0 0.914078 0.28317400000000004 0.02961 0.027664
0 0.880832 0.288616 0.02961 0.027664
0 0.846546 0.29179200000000005 0.02961 0.027664
0 0.813818 0.29496600000000006 0.02961 0.027664
0 0.780572 0.299048 0.02961 0.027664
0 0.746806 0.30584999999999996 0.02961 0.027664
0 0.709922 0.3094779999999999 0.02961 0.027664
0 0.673558 0.312654 0.02961 0.027664
0 0.638234 0.32036200000000004 0.02961 0.027664
0 0.603428 0.325804 0.02961 0.027664
0 0.566026 0.3280719999999999 0.02961 0.027664
0 0.53122 0.3317000000000001 0.02961 0.027664
0 0.497974 0.33714200000000005 0.02961 0.027664
0 0.458494 0.3421320000000001 0.02961 0.027664
0 0.42161 0.3471200000000001 0.02961 0.027664
0 0.383688 0.35165599999999997 0.02961 0.027664
0 0.398754 0.31809599999999993 0.02961 0.027664
0 0.439272 0.314014 0.02961 0.027664
0 0.475636 0.30902399999999997 0.02961 0.027664
0 0.51252 0.305396 0.02961 0.027664
0 0.548364 0.298594 0.02961 0.027664
0 0.58161 0.297234 0.02961 0.027664
0 0.618494 0.29042999999999997 0.02961 0.027664
0 0.658494 0.288616 0.02961 0.027664
0 0.689142 0.283628 0.02961 0.027664
0 0.727584 0.2777320000000001 0.02961 0.027664
0 0.758754 0.2745580000000001 0.02961 0.027664
0 0.795116 0.26866199999999996 0.02961 0.027664
0 0.828364 0.26458000000000004 0.02961 0.027664
0 0.863168 0.2604979999999999 0.02961 0.027664
0 0.897454 0.2555099999999999 0.02961 0.027664
0 0.927064 0.251428 0.02961 0.027664
0 0.960312 0.24689399999999995 0.02961 0.027664
0 0.417766 0.28662199999999993 0.033766 0.029024
0 0.455116 0.282948 0.033766 0.029024
0 0.491844 0.27560000000000007 0.033766 0.029024
0 0.530338 0.27505599999999997 0.033766 0.029024
0 0.56587 0.267166 0.033766 0.029024
0 0.601402 0.262448 0.033766 0.029024
0 0.638702 0.2598180000000001 0.033766 0.029024
0 0.673662 0.25401399999999996 0.033766 0.029024
0 0.708572 0.25247200000000003 0.033766 0.029024
0 0.742858 0.24616799999999994 0.033766 0.029024
0 0.776 0.2398180000000001 0.033766 0.029024
0 0.807896 0.23718799999999995 0.033766 0.029024
0 0.843428 0.23455800000000004 0.033766 0.029024
0 0.877142 0.22879800000000006 0.033766 0.029024
0 0.910858 0.2251240000000001 0.033766 0.029024
0 0.944572 0.22145199999999998 0.033766 0.029024
0 0.976468 0.21723399999999993 0.033766 0.029024
0 0.739012 0.12915999999999994 0.027532 0.025396
0 0.70691 0.13297000000000003 0.027532 0.025396
0 0.671376 0.13523799999999997 0.027532 0.025396
0 0.956988 0.7938780000000001 0.02961 0.027664
0 0.923896 0.8028120000000001 0.02961 0.027664
0 0.841974 0.7891600000000001 0.02961 0.027664
0 0.804676 0.7949200000000001 0.02961 0.027664
0 0.754078 0.7733779999999999 0.02961 0.027664
0 0.70052 0.7534240000000001 0.02961 0.027664
0 0.648156 0.733968 0.02961 0.027664
0 0.59278 0.7150559999999999 0.02961 0.027664
0 0.574078 0.68771 0.02961 0.027664
0 0.52052 0.6661680000000001 0.02961 0.027664
0 0.553038 0.6604080000000001 0.02961 0.027664
0 0.59278 0.6551480000000001 0.02961 0.027664
0 0.631896 0.6503859999999999 0.02961 0.027664
0 0.664988 0.643038 0.02961 0.027664
0 0.699324 0.6346480000000001 0.02961 0.027664
0 0.734234 0.6293880000000001 0.02961 0.027664
0 0.769142 0.624126 0.02961 0.027664
0 0.80348 0.617278 0.02961 0.027664
0 0.840208 0.613062 0.02961 0.027664
0 0.87091 0.606258 0.02961 0.027664
0 0.904624 0.5988659999999999 0.02961 0.027664
0 0.935896 0.5946940000000001 0.02961 0.027664
0 0.966598 0.58839 0.02961 0.027664
0 0.953402 0.5620860000000001 0.02961 0.027664
0 0.919064 0.5673459999999999 0.02961 0.027664
0 0.885922 0.5741959999999999 0.02961 0.027664
0 0.854026 0.579456 0.02961 0.027664
0 0.820936 0.584716 0.02961 0.027664
0 0.787792 0.5899779999999999 0.02961 0.027664
0 0.538598 0.633062 0.02961 0.027664
0 0.57652 0.6267579999999999 0.02961 0.027664
0 0.610806 0.61991 0.02961 0.027664
0 0.645714 0.6146480000000001 0.02961 0.027664
0 0.682468 0.6115200000000001 0.029558 0.027664
0 0.713766 0.603628 0.02961 0.027664
0 0.751688 0.598368 0.02961 0.027664
0 0.50065 0.6414519999999999 0.029558 0.027664
0 0.77278 0.800182 0.02961 0.027664
0 0.718598 0.7812699999999999 0.02961 0.027664
0 0.667428 0.761814 0.02961 0.027664
0 0.612 0.738186 0.02961 0.027664
0 0.463948 0.6435820000000001 0.02961 0.027664
0 0.482598 0.670884 0.02961 0.027664
0 0.504884 0.700318 0.02961 0.027664
0 0.540364 0.6956 0.02961 0.027664
0 0.557246 0.72136 0.02961 0.027664
0 0.577714 0.746032 0.02961 0.027664
0 0.634286 0.768662 0.02961 0.027664
0 0.684884 0.78966 0.02961 0.027664
0 0.741454 0.809116 0.02961 0.027664
0 0.785402 0.827528 0.02961 0.027664
0 0.82452 0.820182 0.02961 0.027664
0 0.858858 0.8138780000000001 0.02961 0.027664
0 0.891376 0.807528 0.02961 0.027664
0 0.908208 0.8317000000000001 0.02961 0.027664
0 0.940728 0.824354 0.02961 0.027664
0 0.975064 0.816462 0.02961 0.027664
0 0.85709 0.7545580000000001 0.02961 0.027664
0 0.972468 0.762268 0.02961 0.027664
0 0.94078 0.7677099999999999 0.02961 0.027664
0 0.90852 0.774966 0.02961 0.027664
0 0.876364 0.7813159999999999 0.02961 0.027664
0 0.821818 0.7590920000000001 0.02961 0.027664
0 0.890858 0.7486619999999999 0.02961 0.027664
0 0.922026 0.740952 0.02961 0.027664
0 0.953766 0.7350559999999999 0.02961 0.027664
0 0.971376 0.702858 0.02961 0.027664
0 0.939168 0.70966 0.02961 0.027664
0 0.907012 0.7169160000000001 0.02961 0.027664
0 0.871636 0.722812 0.02961 0.027664
0 0.83839 0.729614 0.02961 0.027664
0 0.803116 0.7355100000000001 0.02961 0.027664
0 0.788312 0.766802 0.02961 0.027664
0 0.765974 0.74186 0.02961 0.027664
0 0.732728 0.748208 0.02961 0.027664
0 0.953402 0.678232 0.02961 0.027664
0 0.923012 0.6832659999999999 0.02961 0.027664
0 0.890546 0.6889799999999999 0.02961 0.027664
0 0.853662 0.695284 0.02961 0.027664
0 0.823324 0.700318 0.02961 0.027664
0 0.787948 0.7097500000000001 0.02961 0.027664
0 0.754702 0.7148300000000001 0.02961 0.027664
0 0.72078 0.7211339999999999 0.02961 0.027664
0 0.682468 0.726802 0.029558 0.027664
0 0.968572 0.647346 0.02961 0.027664
0 0.93678 0.6536500000000001 0.02961 0.027664
0 0.904988 0.6593199999999999 0.02961 0.027664
0 0.873922 0.663084 0.02961 0.027664
0 0.840676 0.668164 0.02961 0.027664
0 0.803844 0.6769620000000001 0.02961 0.027664
0 0.76987 0.68204 0.02961 0.027664
0 0.732312 0.68957 0.02961 0.027664
0 0.699792 0.6946479999999999 0.02961 0.027664
0 0.662962 0.7015880000000001 0.02961 0.027664
0 0.628988 0.70916 0.02961 0.027664
0 0.952676 0.6220859999999999 0.02961 0.027664
0 0.922286 0.6252599999999999 0.02961 0.027664
0 0.88909 0.6296600000000001 0.02961 0.027664
0 0.856572 0.6372340000000001 0.02961 0.027664
0 0.81974 0.6422680000000001 0.02961 0.027664
0 0.785038 0.649842 0.02961 0.027664
0 0.753246 0.6574139999999999 0.02961 0.027664
0 0.717142 0.6624479999999999 0.02961 0.027664
0 0.681766 0.6693880000000001 0.02961 0.027664
0 0.646338 0.6769620000000001 0.02961 0.027664
0 0.610962 0.6839 0.02961 0.027664
0 0.983168 0.500272 0.02961 0.027664
0 0.970598 0.5316559999999999 0.02961 0.027664
0 0.95174 0.5065759999999999 0.02961 0.027664
0 0.934702 0.5386839999999999 0.02961 0.027664
0 0.919428 0.5112479999999999 0.02961 0.027664
0 0.904208 0.5434019999999999 0.02961 0.027664
0 0.884416 0.5151920000000001 0.02961 0.027664
0 0.870078 0.547302 0.02961 0.027664
0 0.849454 0.521452 0.02961 0.027664
0 0.646546 0.555148 0.02961 0.027664
0 0.679792 0.55043 0.02961 0.027664
0 0.714754 0.5449440000000001 0.02961 0.027664
0 0.749766 0.5386839999999999 0.02961 0.027664
0 0.78213 0.5331980000000001 0.02961 0.027664
0 0.815324 0.529298 0.02961 0.027664
0 0.834182 0.5527899999999999 0.02961 0.027664
0 0.799168 0.5575060000000001 0.02961 0.027664
0 0.768624 0.5637639999999999 0.02961 0.027664
0 0.731844 0.57084 0.02961 0.027664
0 0.698598 0.57474 0.02961 0.027664
0 0.663636 0.582586 0.02961 0.027664
0 0.626806 0.587302 0.02961 0.027664
0 0.59091 0.5935600000000001 0.02961 0.027664
0 0.555896 0.599048 0.02961 0.027664
0 0.519064 0.604536 0.02961 0.027664
0 0.479584 0.6131519999999999 0.02961 0.027664
0 0.443688 0.61941 0.02961 0.027664
0 0.61065 0.5614060000000001 0.02961 0.027664
0 0.572052 0.567664 0.02961 0.027664
0 0.536156 0.5731520000000001 0.02961 0.027664
0 0.501142 0.57864 0.02961 0.027664
0 0.464312 0.5849439999999999 0.02961 0.027664
0 0.429298 0.591202 0.02961 0.027664
0 0.388936 0.5966899999999999 0.02961 0.027664
