0 0.2212400000000001 0.30735200000000007 0.078062 0.058328
0 0.4050720000000001 0.3813200000000001 0.08652 0.064234
0 0.7512399999999999 0.3873120000000001 0.097104 0.072562
0 0.95427 0.3128280000000001 0.088958 0.066532
0 0.56427 0.31195400000000006 0.086042 0.062968
0 0.7130099999999999 0.24503999999999992 0.078062 0.058328
0 0.9115519999999999 0.17860199999999993 0.078062 0.058328
0 0.86574 0.05306199999999994 0.078062 0.058312
0 0.6739059999999999 0.10987400000000003 0.078062 0.058312
0 0.530354 0.17630400000000002 0.078042 0.058328
0 0.5089680000000001 0.051225999999999994 0.078062 0.058328
0 0.3794679999999999 0.24045399999999995 0.078062 0.058312
0 0.3654059999999999 0.11216399999999993 0.078062 0.058328
0 0.20901999999999998 0.17355399999999999 0.078042 0.056422
0 0.19863600000000003 0.05031199999999991 0.078062 0.056406
