0 0.920912 0.9373 0.061826 0.0826
0 0.930038 0.842516 0.061924 0.082566
0 0.861276 0.874584 0.07105 0.091834
0 0.79025 0.903666 0.0665 0.088666
0 0.716738 0.946334 0.066526 0.088666
0 0.875 0.7768 0.0665 0.085734
0 0.8015 0.805816 0.0665 0.0887
0 0.72935 0.8471 0.0688 0.091734
0 0.653662 0.8853 0.068826 0.094734
0 0.588274 0.818016 0.06655 0.088634
0 0.945 0.737 0.064 0.0856
0 0.663988 0.781334 0.066524 0.088666
0 0.741974 0.7477 0.0665 0.088666
0 0.676624 0.674334 0.06425 0.088666
0 0.886474 0.674334 0.06655 0.088666
0 0.815362 0.707966 0.066526 0.088734
0 0.753476 0.643734 0.06645 0.088666
0 0.826826 0.603966 0.0711 0.0948
0 0.95525 0.637666 0.062 0.082666
0 0.898 0.575 0.062 0.079334
0 0.575688 0.914384 0.064224 0.085634
