0 0.92375 0.782234 0.075 0.101928
0 0.841836 0.654974 0.07336 0.098782
0 0.674062 0.645532 0.074218 0.106498
0 0.756446 0.770456 0.080234 0.09868
0 0.513632 0.650558 0.07586 0.100914
0 0.599882 0.777208 0.077578 0.098578
0 0.425664 0.777208 0.084454 0.10528
0 0.351914 0.640964 0.078516 0.122336
0 0.425664 0.509898 0.068984 0.110964
0 0.264804 0.512132 0.080234 0.115432
0 0.090156 0.508224 0.082812 0.116548
0 0.176406 0.653908 0.077656 0.103148
0 0.091016 0.77269 0.082812 0.103148
0 0.260078 0.780558 0.077656 0.107512
0 0.17164 0.10132 0.075 0.103148
0 0.337266 0.09802 0.069844 0.091878
0 0.094454 0.236954 0.074218 0.112082
0 0.25875 0.23863 0.073282 0.099796
0 0.499844 0.114264 0.070782 0.104264
0 0.422226 0.240304 0.070704 0.109848
0 0.59168 0.248122 0.075078 0.109644
0 0.17293 0.373148 0.068984 0.104264
0 0.339844 0.384366 0.068124 0.097462
0 0.508476 0.382588 0.07586 0.105482
0 0.674062 0.108122 0.081094 0.112082
0 0.835782 0.108072 0.078438 0.11665
0 0.759024 0.243148 0.07164 0.101928
0 0.670626 0.383248 0.0725 0.090762
0 0.594296 0.510456 0.069844 0.10538
0 0.92418 0.243654 0.072422 0.10538
0 0.845704 0.379238 0.077656 0.094314
0 0.758164 0.509898 0.07164 0.106498
0 0.92461 0.51604 0.073282 0.107614
