0 0.43269 0.210048 0.04047 0.026794
0 0.047852000000000006 0.030621999999999927 0.04047 0.026794
0 0.094422 0.032775999999999916 0.04047 0.026794
0 0.140992 0.034210000000000074 0.04047 0.026794
0 0.1872020000000001 0.035646000000000067 0.04047 0.026794
0 0.23593799999999998 0.037800000000000056 0.04047 0.026794
0 0.2803420000000001 0.03899600000000003 0.04047 0.026794
0 0.32763600000000004 0.04114799999999996 0.04047 0.026794
0 0.3734839999999999 0.04377999999999993 0.04047 0.026794
0 0.03954799999999992 0.061484000000000094 0.04047 0.026794
0 0.088646 0.064114 0.04047 0.026794
0 0.13557799999999998 0.064832 0.04047 0.026794
0 0.18178800000000006 0.06602799999999998 0.04047 0.026794
0 0.2279960000000001 0.06770399999999999 0.04047 0.026794
0 0.27564999999999995 0.06842199999999998 0.04047 0.026794
0 0.022582000000000102 0.1657900000000001 0.04047 0.026794
0 0.06987399999999999 0.16770400000000008 0.04047 0.026794
0 0.11824999999999997 0.17009600000000002 0.04047 0.026794
0 0.16481999999999997 0.17176999999999998 0.04047 0.026794
0 0.211028 0.17344399999999993 0.04047 0.026794
0 0.25832199999999994 0.17487999999999992 0.04047 0.026794
0 0.3023640000000001 0.17583799999999994 0.04047 0.026794
0 0.0659019999999999 0.19808599999999998 0.04047 0.026794
0 0.11066799999999999 0.19999999999999996 0.04047 0.026794
0 0.1565160000000001 0.19999999999999996 0.04047 0.026794
0 0.202364 0.20191399999999993 0.04047 0.026794
0 0.2482120000000001 0.2028700000000001 0.04047 0.026794
0 0.29297799999999996 0.2045459999999999 0.04047 0.026794
0 0.0601259999999999 0.22775199999999995 0.04047 0.026794
0 0.1041700000000001 0.22775199999999995 0.04047 0.026794
0 0.15326799999999996 0.22966599999999993 0.04047 0.026794
0 0.19694999999999996 0.2308619999999999 0.04047 0.026794
0 0.24207599999999996 0.2313400000000001 0.04047 0.026794
0 0.29081200000000007 0.234688 0.04047 0.026794
0 0.35290599999999994 0.14856399999999992 0.04047 0.026794
0 0.39875400000000005 0.14904399999999995 0.04047 0.026794
0 0.445686 0.1507179999999999 0.04047 0.026794
0 0.4915339999999999 0.1533500000000001 0.04047 0.026794
0 0.5381039999999999 0.15478400000000003 0.04047 0.026794
0 0.5850359999999999 0.15574200000000005 0.04047 0.026794
0 0.3474900000000001 0.1782300000000001 0.04047 0.026794
0 0.39081199999999994 0.17846800000000007 0.04047 0.026794
0 0.4377439999999999 0.18014400000000008 0.04047 0.026794
0 0.5298020000000001 0.183492 0.04047 0.026794
0 0.5749280000000001 0.18636399999999997 0.04047 0.026794
0 0.33882600000000007 0.20717800000000008 0.04047 0.026794
0 0.38575800000000005 0.20861200000000002 0.04047 0.026794
0 0.48034200000000005 0.21243999999999996 0.04047 0.026794
0 0.26409799999999994 0.36555000000000004 0.04047 0.026794
0 0.35976600000000003 0.34091000000000005 0.04047 0.026794
0 0.31427800000000006 0.33851600000000004 0.04047 0.026794
0 0.2702340000000001 0.33732000000000006 0.04047 0.026794
0 0.41175000000000006 0.31220000000000003 0.04047 0.026794
0 0.36590199999999995 0.3114840000000001 0.04047 0.026794
0 0.3196939999999999 0.3102879999999999 0.04047 0.026794
0 0.27492800000000006 0.3090900000000001 0.04047 0.026794
0 0.4189719999999999 0.2825359999999999 0.04047 0.026794
0 0.37384400000000007 0.2822960000000001 0.04047 0.026794
0 0.38142600000000004 0.23660199999999998 0.04047 0.026794
0 0.33557799999999993 0.23516800000000004 0.04047 0.026794
0 0.522942 0.21291799999999994 0.04047 0.026794
0 0.31861000000000006 0.07081399999999993 0.04047 0.026794
0 0.3677079999999999 0.07344400000000006 0.04047 0.026794
0 0.038103999999999916 0.08995200000000003 0.04047 0.026794
0 0.08395400000000008 0.09401999999999999 0.04047 0.026794
0 0.1301620000000001 0.09449799999999997 0.04047 0.026794
0 0.17637199999999997 0.09521599999999997 0.04047 0.026794
0 0.22547000000000006 0.09904399999999991 0.04047 0.026794
0 0.2702340000000001 0.0980859999999999 0.04047 0.026794
0 0.31716600000000006 0.10215400000000008 0.04047 0.026794
0 0.35868199999999995 0.10287000000000002 0.04047 0.026794
0 0.4261919999999999 0.017463999999999924 0.04047 0.026794
0 0.47167800000000004 0.017941999999999902 0.04047 0.026794
0 0.518972 0.02105200000000007 0.04047 0.026794
0 0.5648200000000001 0.019617999999999913 0.04047 0.026794
0 0.610668 0.021532000000000107 0.04047 0.026794
0 0.6576 0.02320600000000006 0.04047 0.026794
0 0.41788800000000004 0.044497999999999927 0.04047 0.026794
0 0.4655419999999999 0.04593399999999992 0.04047 0.026794
0 0.5103059999999999 0.04832600000000009 0.04047 0.026794
0 0.558322 0.04928200000000005 0.04047 0.026794
0 0.6056140000000001 0.05071800000000004 0.04047 0.026794
0 0.6492960000000001 0.05358799999999997 0.04047 0.026794
0 0.41175000000000006 0.07559800000000005 0.04047 0.026794
0 0.45868200000000003 0.07583800000000007 0.04047 0.026794
0 0.50417 0.07823000000000002 0.04047 0.026794
0 0.549296 0.07918599999999998 0.04047 0.026794
0 0.596228 0.08181799999999995 0.04047 0.026794
0 0.6435200000000001 0.08229599999999992 0.04047 0.026794
0 0.40669599999999995 0.10358800000000001 0.04047 0.026794
0 0.4539899999999999 0.10621999999999998 0.04047 0.026794
0 0.50092 0.10861199999999993 0.04047 0.026794
0 0.546046 0.1105259999999999 0.04047 0.026794
0 0.5911740000000001 0.1124400000000001 0.04047 0.026794
0 0.6363000000000001 0.11267999999999989 0.04047 0.026794
0 0.028358000000000105 0.13636399999999993 0.04047 0.026794
0 0.07565 0.1375599999999999 0.04047 0.026794
0 0.12330400000000008 0.13971200000000006 0.04047 0.026794
0 0.16987400000000008 0.14234400000000003 0.04047 0.026794
0 0.21536200000000005 0.14449800000000002 0.04047 0.026794
0 0.26120999999999994 0.14449800000000002 0.04047 0.026794
0 0.30850200000000005 0.145934 0.04047 0.026794
0 0.42727399999999993 0.23947399999999996 0.04047 0.026794
0 0.47384399999999993 0.2425839999999999 0.04047 0.026794
0 0.5178879999999999 0.2428220000000001 0.04047 0.026794
0 0.05110199999999998 0.2703340000000001 0.04047 0.026794
0 0.09622799999999998 0.27177000000000007 0.04047 0.026794
0 0.1449640000000001 0.2720100000000001 0.04047 0.026794
0 0.19045200000000007 0.274162 0.04047 0.026794
0 0.23485599999999995 0.276076 0.04047 0.026794
0 0.04676799999999992 0.29880400000000007 0.04047 0.026794
0 0.09117400000000009 0.29952200000000007 0.04047 0.026794
0 0.138104 0.30358799999999997 0.04047 0.026794
0 0.1828700000000001 0.30430599999999997 0.04047 0.026794
0 0.22907999999999995 0.30645999999999995 0.04047 0.026794
0 0.039188 0.32799 0.04047 0.026794
0 0.08359200000000011 0.329186 0.04047 0.026794
0 0.13196800000000009 0.33133999999999997 0.04047 0.026794
0 0.17781599999999997 0.3322959999999999 0.04047 0.026794
0 0.22582999999999998 0.3351679999999999 0.04047 0.026794
0 0.03377199999999991 0.35789399999999993 0.04047 0.026794
0 0.07817600000000002 0.3590899999999999 0.04047 0.026794
0 0.1258300000000001 0.36028799999999994 0.04047 0.026794
0 0.17420600000000008 0.3626799999999999 0.04047 0.026794
0 0.21933200000000008 0.36483200000000005 0.04047 0.026794
0 0.03088399999999991 0.3861239999999999 0.04047 0.026794
0 0.07456599999999991 0.3877999999999999 0.04047 0.026794
0 0.12258199999999997 0.3909100000000001 0.04047 0.026794
0 0.16770799999999997 0.39186600000000005 0.04047 0.026794
0 0.212472 0.39378 0.04047 0.026794
0 0.2803420000000001 0.278948 0.04047 0.026794
0 0.32438600000000006 0.2810999999999999 0.04047 0.026794
