0 0.21097999999999995 0.42036399999999996 0.096274 0.08251
0 0.12764799999999998 0.38526400000000005 0.1 0.079676
0 0.2795099999999999 0.3668020000000001 0.1 0.079514
0 0.1961759999999999 0.33781400000000006 0.096274 0.076438
0 0.11284399999999994 0.30413 0.09255 0.076438
0 0.3535299999999999 0.311782 0.09255 0.085588
0 0.273922 0.27510199999999996 0.103726 0.085588
0 0.19245 0.25060799999999994 0.096274 0.079514
0 0.10735199999999989 0.21700399999999997 0.096274 0.079514
0 0.5590200000000001 0.05947400000000003 0.088824 0.070364
0 0.32950999999999997 0.050324000000000035 0.096274 0.08251
0 0.4091180000000001 0.0808899999999999 0.09255 0.076438
0 0.492402 0.1128340000000001 0.103628 0.07992
0 0.09083400000000008 0.04583000000000004 0.092844 0.073522
0 0.1739219999999999 0.07465600000000006 0.096274 0.082268
0 0.25744999999999996 0.10538399999999992 0.092942 0.08251
0 0.336862 0.13745000000000007 0.088824 0.07328
0 0.420196 0.16959600000000008 0.1 0.08251
0 0.501716 0.195384 0.092648 0.079838
0 0.09990199999999994 0.12996000000000008 0.096274 0.076924
0 0.18509799999999998 0.1634819999999999 0.088824 0.082592
0 0.2627459999999999 0.1897580000000001 0.096078 0.073928
0 0.344314 0.22157800000000005 0.096274 0.08251
0 0.42578399999999994 0.25676199999999993 0.096274 0.079514
