0 0.512362 0.054950000000000054 0.054924 0.080566
0 0.559062 0.11171599999999993 0.060426 0.0769
0 0.45330000000000004 0.091634 0.0632 0.080734
0 0.5000500000000001 0.14811599999999991 0.0576 0.083766
0 0.548076 0.20146599999999992 0.06045 0.0806
0 0.33945000000000003 0.067334 0.05965 0.079334
0 0.3910499999999999 0.127 0.0619 0.082666
0 0.4403619999999999 0.18503399999999992 0.064226 0.0826
0 0.261676 0.7164999999999999 0.06075 0.081
0 0.3130740000000001 0.769466 0.06075 0.081
0 0.0887500000000001 0.6573 0.0655 0.087266
0 0.14486200000000005 0.707166 0.065424 0.0872
0 0.20100000000000007 0.7602 0.0605 0.074934
0 0.2523500000000001 0.813116 0.0607 0.0809
0 0.078376 0.7493000000000001 0.06325 0.078066
0 0.13786199999999993 0.803734 0.060776 0.081
0 0.06675000000000009 0.8426659999999999 0.063 0.084
0 0.03554999999999997 0.058149999999999924 0.0711 0.091634
0 0.48738799999999993 0.2370000000000001 0.061924 0.0826
0 0.5377879999999999 0.2905 0.066424 0.085666
0 0.2236260000000001 0.04738400000000009 0.06175 0.082566
0 0.27866199999999997 0.10244999999999993 0.061926 0.082566
0 0.32683799999999996 0.16054999999999997 0.061924 0.082566
0 0.37837600000000005 0.22016600000000008 0.06425 0.085666
0 0.4288620000000001 0.275234 0.059724 0.079534
0 0.4771240000000001 0.32416599999999995 0.05975 0.079666
0 0.5263880000000001 0.38375000000000004 0.061926 0.0825
0 0.1594 0.08103400000000005 0.0665 0.0948
0 0.21216199999999996 0.1360840000000001 0.061924 0.082566
0 0.26725 0.19731600000000005 0.062 0.0827
0 0.3165119999999999 0.2538339999999999 0.064226 0.085666
0 0.36812599999999995 0.3088660000000001 0.05735 0.079534
0 0.4185620000000001 0.36233399999999993 0.061874 0.082666
0 0.4678880000000001 0.4174 0.064226 0.082534
0 0.5161260000000001 0.4710000000000001 0.05975 0.079334
0 0.14602399999999993 0.17601599999999995 0.0631 0.0841
0 0.19973799999999997 0.23208399999999996 0.063024 0.0841
0 0.25467400000000007 0.29283400000000004 0.06075 0.081
0 0.30610000000000004 0.3458159999999999 0.0608 0.081034
0 0.35755000000000003 0.40186600000000006 0.0609 0.081
0 0.40654999999999997 0.45483399999999996 0.06075 0.081
0 0.45678799999999997 0.503166 0.058426 0.077666
0 0.504688 0.5606660000000001 0.065376 0.087334
0 0.13551200000000008 0.2741499999999999 0.065426 0.087234
0 0.19042599999999998 0.3317840000000001 0.0631 0.0841
0 0.24534999999999996 0.3847339999999999 0.0608 0.084134
0 0.2944 0.4376660000000001 0.06075 0.078
0 0.3458000000000001 0.49524999999999997 0.06075 0.080834
0 0.39486200000000005 0.5451839999999999 0.056074 0.074766
0 0.44626199999999994 0.5981339999999999 0.060724 0.081
0 0.12143799999999993 0.369216 0.060876 0.084234
0 0.1763999999999999 0.42835 0.0631 0.0841
0 0.23249999999999993 0.48134999999999994 0.063 0.084034
0 0.285088 0.5327 0.060826 0.081
0 0.33411199999999996 0.5825659999999999 0.060724 0.081
0 0.38434999999999997 0.6386160000000001 0.0631 0.087234
0 0.4369259999999999 0.6947000000000001 0.06075 0.081
0 0.11329999999999996 0.462666 0.0631 0.084
0 0.1682619999999999 0.515666 0.065474 0.084
0 0.22075 0.571666 0.063 0.084
0 0.27337600000000006 0.627734 0.06075 0.077866
0 0.3212379999999999 0.674334 0.063026 0.078
0 0.3713740000000001 0.72435 0.06075 0.077966
0 0.1016379999999999 0.5591999999999999 0.067774 0.090334
0 0.15887399999999996 0.6106659999999999 0.06075 0.081334
0 0.21027400000000007 0.666666 0.06075 0.081
