0 0.777197 0.047188 0.021981 0.029292
0 0.774578 0.107708 0.021206 0.030267
0 0.736438 0.083396 0.022325 0.029275
0 0.699412 0.062062 0.020463 0.028275
0 0.734347 0.142504 0.020469 0.027292
0 0.771247 0.167313 0.021706 0.027292
0 0.629072 0.075525 0.018294 0.024800
0 0.662097 0.097025 0.018606 0.026467
0 0.697756 0.119142 0.019225 0.027700
0 0.731709 0.202250 0.020156 0.029350
0 0.696206 0.177650 0.019850 0.025633
0 0.661166 0.154079 0.019231 0.026458
0 0.628294 0.132171 0.019225 0.026458
0 0.595894 0.109637 0.019537 0.029358
0 0.565503 0.088546 0.018919 0.026875
0 0.564263 0.142712 0.017675 0.026042
0 0.594494 0.165037 0.019225 0.027708
0 0.627366 0.187983 0.017981 0.027283
0 0.659306 0.211554 0.017987 0.026458
0 0.693881 0.236771 0.020775 0.030592
0 0.770475 0.228708 0.022637 0.030183
0 0.730003 0.261788 0.021706 0.028525
0 0.767837 0.287629 0.023563 0.031425
0 0.535269 0.122454 0.017988 0.029358
0 0.506897 0.101367 0.017056 0.027700
0 0.452631 0.113771 0.015813 0.026042
0 0.479297 0.132996 0.017056 0.026458
0 0.506584 0.152842 0.016431 0.026467
0 0.534959 0.174342 0.017369 0.027283
0 0.563334 0.196458 0.017056 0.027700
0 0.593566 0.218992 0.018606 0.025633
0 0.625816 0.243179 0.019231 0.028525
0 0.657753 0.267367 0.018606 0.029767
0 0.593103 0.272121 0.018294 0.025225
0 0.533256 0.226850 0.017675 0.026467
0 0.533563 0.276879 0.018912 0.028942
0 0.504725 0.253725 0.016438 0.027283
0 0.505966 0.203904 0.018294 0.025225
0 0.478678 0.183438 0.017056 0.026458
0 0.452319 0.162146 0.015813 0.025225
0 0.426891 0.142712 0.015194 0.025225
0 0.402394 0.122658 0.014575 0.023150
0 0.356191 0.131138 0.013956 0.024392
0 0.379138 0.150358 0.013950 0.023983
0 0.402703 0.169379 0.013956 0.024808
0 0.427669 0.190258 0.014887 0.025217
0 0.452319 0.210933 0.014575 0.025217
0 0.478369 0.233258 0.016437 0.026050
0 0.452319 0.258271 0.016438 0.024808
0 0.427047 0.236979 0.014881 0.022742
0 0.403169 0.217958 0.014263 0.023567
0 0.379450 0.196667 0.012712 0.023150
0 0.356500 0.177233 0.012713 0.021500
0 0.358516 0.221475 0.013644 0.022333
0 0.380225 0.242146 0.013025 0.023975
0 0.358675 0.267575 0.014575 0.024400
0 0.403325 0.263437 0.016438 0.026875
0 0.380378 0.287417 0.015194 0.023567
0 0.427669 0.282875 0.014262 0.023567
0 0.359137 0.310783 0.013650 0.023983
0 0.403481 0.308096 0.013025 0.024392
0 0.452475 0.305613 0.014888 0.024392
0 0.478834 0.279567 0.015506 0.025217
0 0.381309 0.331658 0.013956 0.023567
0 0.359294 0.354817 0.014575 0.027700
0 0.403791 0.354192 0.014269 0.023983
0 0.427822 0.331246 0.016431 0.026042
0 0.452784 0.352538 0.014881 0.024808
0 0.477903 0.327525 0.014881 0.024400
0 0.504725 0.302925 0.014575 0.025633
0 0.533097 0.326492 0.016744 0.024800
0 0.561472 0.299621 0.018294 0.024808
0 0.359759 0.398021 0.013644 0.024808
0 0.381309 0.376313 0.013331 0.022742
0 0.427822 0.376521 0.015194 0.023975
0 0.404412 0.399054 0.014263 0.022742
0 0.382394 0.418900 0.014263 0.026050
0 0.360687 0.439571 0.014262 0.020258
0 0.381772 0.461279 0.013644 0.022325
0 0.361000 0.481121 0.013025 0.022325
0 0.405341 0.442258 0.014881 0.023150
0 0.428134 0.421588 0.013956 0.024808
0 0.452472 0.399467 0.013644 0.021917
0 0.477747 0.376108 0.015194 0.023983
0 0.405497 0.485463 0.013331 0.022742
0 0.428444 0.465208 0.012712 0.023567
0 0.452941 0.444325 0.015194 0.023983
0 0.477747 0.422208 0.015819 0.023567
0 0.504106 0.401121 0.017675 0.024392
0 0.504569 0.351712 0.014888 0.024808
0 0.561472 0.351712 0.017056 0.026458
0 0.560075 0.399879 0.016125 0.025225
0 0.531081 0.424067 0.015812 0.023983
0 0.504412 0.447221 0.014575 0.024808
0 0.477900 0.469546 0.014262 0.022325
0 0.530928 0.472029 0.015506 0.022325
0 0.559766 0.450529 0.015506 0.023158
0 0.591550 0.324633 0.016437 0.025217
0 0.590928 0.376312 0.017056 0.025225
0 0.590169 0.427171 0.017338 0.024392
0 0.623956 0.296517 0.017362 0.023567
0 0.623178 0.349229 0.018294 0.024808
0 0.621941 0.401946 0.016431 0.025225
0 0.620700 0.452800 0.016437 0.023567
0 0.656831 0.321529 0.019237 0.026458
0 0.655584 0.376104 0.018606 0.024808
0 0.654187 0.427792 0.017675 0.025633
0 0.692641 0.291967 0.018294 0.025217
0 0.691087 0.346958 0.017675 0.022733
0 0.689231 0.401742 0.017675 0.023983
0 0.728147 0.318017 0.019844 0.025217
0 0.765513 0.344683 0.019537 0.026467
0 0.725975 0.374867 0.019850 0.026467
0 0.763031 0.403187 0.019537 0.026875
0 0.724888 0.429650 0.017675 0.026050
0 0.761172 0.459829 0.020156 0.028525
0 0.687059 0.455492 0.018919 0.023983
0 0.722719 0.484429 0.018300 0.022325
0 0.759775 0.515646 0.019850 0.025225
0 0.686747 0.509442 0.018919 0.023567
0 0.652947 0.480088 0.017056 0.024392
0 0.588759 0.476371 0.015819 0.024392
0 0.559144 0.498075 0.016125 0.021500
0 0.382550 0.504687 0.012713 0.022325
0 0.360997 0.522883 0.011781 0.019017
0 0.362081 0.563608 0.012713 0.019433
0 0.382859 0.546450 0.014569 0.021500
0 0.404719 0.528258 0.013025 0.022333
0 0.428134 0.509033 0.015194 0.025217
0 0.452472 0.488775 0.013644 0.021917
0 0.452784 0.533425 0.013644 0.021083
0 0.477591 0.513579 0.014881 0.022742
0 0.529997 0.518333 0.014269 0.021500
0 0.588141 0.525567 0.015194 0.023567
0 0.652328 0.531358 0.017369 0.023567
0 0.721169 0.540042 0.018300 0.024400
0 0.757606 0.571671 0.021088 0.026458
0 0.685662 0.562571 0.019850 0.024808
0 0.720547 0.594413 0.020156 0.026458
0 0.756366 0.624800 0.018606 0.028533
0 0.718066 0.645679 0.018294 0.024808
0 0.683959 0.614663 0.018294 0.023992
0 0.651088 0.584283 0.018300 0.023567
0 0.618994 0.553479 0.019225 0.024808
0 0.558991 0.546658 0.015819 0.021083
0 0.503175 0.539421 0.017050 0.022325
0 0.530772 0.565675 0.015194 0.023567
0 0.361141 0.604867 0.012494 0.021533
0 0.383428 0.587496 0.013131 0.020675
0 0.405609 0.571129 0.013569 0.021825
0 0.428975 0.552900 0.014213 0.022683
0 0.476884 0.558783 0.013994 0.021250
0 0.361141 0.646071 0.012919 0.020675
0 0.382891 0.628983 0.013781 0.021533
0 0.405391 0.612908 0.014856 0.022683
0 0.428434 0.595821 0.013569 0.021825
0 0.452766 0.577450 0.013569 0.020100
0 0.503047 0.584338 0.014644 0.021242
0 0.477316 0.603575 0.015294 0.021817
0 0.452659 0.622237 0.015069 0.021825
0 0.428328 0.638171 0.013781 0.022108
0 0.405500 0.655404 0.014637 0.022108
0 0.382781 0.670333 0.014000 0.021533
0 0.362756 0.686696 0.013137 0.019808
0 0.405391 0.696171 0.013569 0.020392
0 0.428434 0.681671 0.014431 0.022975
0 0.451906 0.664733 0.014000 0.022967
0 0.477316 0.648221 0.015294 0.024408
0 0.503372 0.630562 0.015294 0.024692
0 0.529753 0.613908 0.015506 0.026417
0 0.558175 0.593383 0.015938 0.023833
0 0.586925 0.574004 0.017875 0.025842
0 0.618041 0.603575 0.017231 0.025833
0 0.649913 0.634013 0.018950 0.026992
0 0.682428 0.665879 0.021531 0.027558
0 0.617288 0.654254 0.016150 0.023258
0 0.587572 0.621950 0.016581 0.022967
0 0.558178 0.642192 0.016369 0.023833
0 0.529319 0.659992 0.018087 0.026700
0 0.502078 0.676650 0.015719 0.022683
0 0.476562 0.693013 0.015500 0.023825
0 0.362325 0.726317 0.012275 0.020383
0 0.383537 0.712396 0.012488 0.022392
0 0.405931 0.739671 0.014213 0.021825
0 0.428003 0.724021 0.014856 0.023258
0 0.451584 0.709238 0.014644 0.022392
0 0.502513 0.722012 0.015288 0.023825
0 0.528781 0.705933 0.016150 0.024983
0 0.556562 0.689996 0.016150 0.024692
0 0.586172 0.671479 0.016794 0.024408
0 0.616531 0.702775 0.018950 0.025550
0 0.648512 0.684833 0.018737 0.026417
0 0.754678 0.680525 0.021319 0.028717
0 0.752628 0.734504 0.021106 0.028142
0 0.716991 0.699046 0.020456 0.027275
0 0.681134 0.717850 0.019381 0.026417
0 0.715806 0.751871 0.020238 0.029575
0 0.751875 0.788771 0.022612 0.029858
0 0.714622 0.803412 0.020894 0.026992
0 0.680600 0.767950 0.020025 0.025550
0 0.647541 0.735362 0.018519 0.026992
0 0.585631 0.719858 0.017875 0.025267
0 0.615788 0.751450 0.019175 0.026433
0 0.647006 0.784892 0.018738 0.026700
0 0.679200 0.818487 0.020675 0.029575
0 0.713437 0.854233 0.020238 0.029283
0 0.750694 0.840450 0.021112 0.028133
0 0.748428 0.891988 0.020456 0.028425
0 0.711712 0.904767 0.018088 0.025267
0 0.746600 0.942950 0.019813 0.027567
0 0.710959 0.955442 0.020456 0.026133
0 0.745738 0.989708 0.021538 0.020583
0 0.676184 0.967646 0.018519 0.026992
0 0.677906 0.919408 0.018950 0.026983
0 0.678659 0.869304 0.019169 0.025558
0 0.643666 0.981137 0.017656 0.025842
0 0.612550 0.988558 0.018300 0.022883
0 0.613625 0.944100 0.020025 0.028717
0 0.645281 0.929746 0.019162 0.029292
0 0.646144 0.881508 0.019600 0.028133
0 0.645928 0.834133 0.019169 0.030433
0 0.615566 0.800108 0.018731 0.027850
0 0.614166 0.848346 0.017656 0.026708
0 0.613734 0.895288 0.018519 0.026992
0 0.557316 0.734646 0.015506 0.023258
0 0.585631 0.768238 0.017013 0.027275
0 0.556775 0.782021 0.015288 0.023825
0 0.584987 0.814608 0.017013 0.026417
0 0.584878 0.861554 0.016369 0.024975
0 0.477100 0.737088 0.013563 0.021825
0 0.529750 0.751296 0.014213 0.023258
0 0.502081 0.766229 0.015287 0.022108
0 0.528891 0.796667 0.015506 0.023833
0 0.555916 0.827242 0.014856 0.022400
0 0.383750 0.752017 0.011625 0.020100
0 0.362537 0.766229 0.012275 0.020958
0 0.362434 0.806717 0.012919 0.022683
0 0.384075 0.793217 0.013137 0.021533
0 0.405822 0.779150 0.013569 0.021533
0 0.428756 0.766946 0.013350 0.021825
0 0.452553 0.751154 0.013569 0.021242
0 0.477206 0.780587 0.013350 0.019808
0 0.452553 0.794508 0.013994 0.020100
0 0.428744 0.808721 0.014237 0.020958
0 0.405494 0.820800 0.013762 0.021567
0 0.383966 0.833558 0.013781 0.021250
0 0.362647 0.846050 0.012919 0.019817
0 0.363509 0.885958 0.012919 0.021533
0 0.383753 0.874617 0.012919 0.020667
0 0.406144 0.863133 0.013350 0.024117
0 0.428866 0.850071 0.014431 0.022108
0 0.452016 0.836283 0.013781 0.022683
0 0.477206 0.824371 0.014213 0.021825
0 0.501972 0.810017 0.014644 0.021817
0 0.383750 0.914813 0.013350 0.021825
0 0.405822 0.904337 0.013994 0.020958
0 0.428434 0.892133 0.013131 0.021250
0 0.452662 0.880071 0.014213 0.023542
0 0.476778 0.868012 0.013781 0.023542
0 0.502297 0.854233 0.015719 0.022967
0 0.528247 0.841600 0.014644 0.022967
0 0.555700 0.873613 0.014862 0.022675
0 0.528031 0.886104 0.015075 0.021825
0 0.502081 0.898304 0.015287 0.022108
0 0.476347 0.910650 0.012919 0.019817
0 0.451797 0.922138 0.012919 0.018658
0 0.428541 0.933046 0.013781 0.020958
0 0.475700 0.953717 0.013350 0.021533
0 0.501003 0.943383 0.014431 0.023833
0 0.527384 0.932471 0.013781 0.022108
0 0.555269 0.919837 0.016150 0.024975
0 0.583912 0.908067 0.015300 0.024983
0 0.583047 0.955583 0.015719 0.024117
0 0.554516 0.965779 0.016369 0.024408
0 0.527491 0.976692 0.014856 0.023833
0 0.313681 0.144842 0.010912 0.021533
0 0.273381 0.151617 0.011663 0.021133
0 0.293119 0.169763 0.011363 0.021142
0 0.314356 0.188208 0.011362 0.022533
0 0.235697 0.158500 0.010769 0.020533
0 0.254763 0.176542 0.010613 0.019933
0 0.274053 0.194783 0.011519 0.022133
0 0.294244 0.213929 0.012112 0.022525
0 0.315250 0.232375 0.011663 0.021933
0 0.275100 0.237354 0.010912 0.019942
0 0.256109 0.217913 0.010019 0.019342
0 0.236519 0.200171 0.010613 0.019342
0 0.237778 0.239962 0.010444 0.019575
0 0.219097 0.223200 0.010469 0.018750
0 0.218422 0.182029 0.010019 0.018942
0 0.200553 0.166275 0.009269 0.017750
0 0.201375 0.205454 0.009425 0.017942
0 0.184103 0.188604 0.009269 0.018142
0 0.167653 0.171458 0.008969 0.016950
0 0.168475 0.210938 0.008525 0.017742
0 0.185225 0.226787 0.009425 0.018342
0 0.202347 0.243638 0.010469 0.018942
0 0.152550 0.194587 0.009875 0.018942
0 0.137222 0.178833 0.008519 0.016950
0 0.107612 0.183125 0.008525 0.016750
0 0.122194 0.199171 0.007475 0.018142
0 0.137147 0.215125 0.008969 0.018150
0 0.153075 0.230675 0.008525 0.016550
0 0.080247 0.190200 0.008519 0.016950
0 0.094156 0.205258 0.007925 0.016350
0 0.108059 0.220308 0.010019 0.017750
0 0.081294 0.225092 0.009725 0.017350
0 0.094828 0.239650 0.009569 0.018150
0 0.123613 0.236258 0.009125 0.017750
0 0.082713 0.260388 0.008375 0.017742
0 0.110006 0.255600 0.007625 0.015750
0 0.096472 0.275042 0.007781 0.017150
0 0.138494 0.251412 0.008075 0.017742
0 0.124063 0.271850 0.009125 0.017150
0 0.154269 0.268362 0.007925 0.017742
0 0.169075 0.247725 0.008525 0.017550
0 0.186197 0.265271 0.008969 0.016742
0 0.220741 0.261483 0.008969 0.016750
0 0.256484 0.258492 0.009869 0.019533
0 0.295813 0.255800 0.010763 0.020533
0 0.316150 0.275442 0.010763 0.021533
0 0.296259 0.298071 0.009869 0.018942
0 0.316672 0.317212 0.010619 0.019342
0 0.275772 0.278029 0.011069 0.019542
0 0.277194 0.318604 0.010613 0.019342
0 0.297084 0.337850 0.009719 0.017550
0 0.257903 0.299267 0.009719 0.019333
0 0.239138 0.279925 0.008675 0.016950
0 0.203544 0.282417 0.008075 0.016750
0 0.221488 0.300567 0.008675 0.019133
0 0.239809 0.318904 0.010319 0.018342
0 0.170794 0.285408 0.007775 0.017550
0 0.139541 0.287600 0.007781 0.016750
0 0.110828 0.290192 0.007481 0.015550
0 0.083463 0.292983 0.007475 0.016350
0 0.097369 0.308838 0.007775 0.016542
0 0.084581 0.326383 0.007625 0.015750
0 0.098788 0.343733 0.008225 0.016950
0 0.111650 0.325683 0.008225 0.015550
0 0.124959 0.306046 0.007631 0.016542
0 0.155541 0.305050 0.008969 0.016950
0 0.140363 0.324288 0.009425 0.019142
0 0.126381 0.342533 0.008375 0.016150
0 0.156438 0.341338 0.008675 0.017342
0 0.171094 0.322000 0.009275 0.016950
0 0.187019 0.302258 0.009425 0.018150
0 0.188141 0.340737 0.009269 0.018142
0 0.204516 0.320900 0.009119 0.017950
0 0.222537 0.339942 0.008975 0.016550
0 0.258800 0.338646 0.009725 0.017542
0 0.317481 0.359588 0.011037 0.019158
0 0.278166 0.359183 0.009569 0.019133
0 0.297606 0.379621 0.011062 0.018942
0 0.318394 0.400754 0.011662 0.019342
0 0.278466 0.399458 0.009569 0.017150
0 0.259397 0.379121 0.010019 0.017542
0 0.240628 0.360279 0.010169 0.018142
0 0.223509 0.378921 0.009419 0.017942
0 0.241678 0.398262 0.009269 0.019142
0 0.205562 0.359083 0.009725 0.016950
0 0.189637 0.377925 0.009275 0.016350
0 0.206534 0.397067 0.009569 0.018350
0 0.172813 0.359183 0.008525 0.016350
0 0.142006 0.359883 0.009425 0.016950
0 0.113222 0.360779 0.010169 0.017142
0 0.087125 0.394075 0.008225 0.017950
0 0.099612 0.377725 0.008075 0.017950
0 0.114044 0.395075 0.008825 0.017550
0 0.127428 0.377725 0.008969 0.016750
0 0.143353 0.395871 0.009119 0.018742
0 0.157334 0.377329 0.009569 0.018342
0 0.101181 0.412921 0.008525 0.017742
0 0.088025 0.428971 0.008525 0.018342
0 0.089594 0.461171 0.008675 0.017742
0 0.102006 0.446412 0.008975 0.018942
0 0.115016 0.429267 0.009569 0.017350
0 0.128250 0.413121 0.009725 0.018142
0 0.158831 0.413117 0.009275 0.016950
0 0.173484 0.395871 0.010169 0.016742
0 0.190084 0.415312 0.010469 0.018942
0 0.174831 0.432758 0.009275 0.017550
0 0.144025 0.430267 0.008375 0.015350
0 0.207884 0.434358 0.009269 0.017950
0 0.224256 0.417008 0.009725 0.017150
0 0.242053 0.436546 0.009719 0.018742
0 0.260072 0.417208 0.009569 0.016750
0 0.298353 0.419696 0.010469 0.018142
0 0.318616 0.440833 0.010619 0.017350
0 0.279509 0.438342 0.010469 0.017150
0 0.299253 0.460371 0.010469 0.018542
0 0.319066 0.482504 0.010619 0.019742
0 0.299400 0.500850 0.010762 0.019733
0 0.279809 0.478321 0.010769 0.018942
0 0.261116 0.457683 0.010469 0.017550
0 0.319741 0.522088 0.010169 0.019542
0 0.280859 0.517700 0.009569 0.017150
0 0.299850 0.539429 0.011662 0.019142
0 0.262091 0.496062 0.010619 0.018542
0 0.243922 0.474829 0.010769 0.019142
0 0.225528 0.455288 0.010169 0.019542
0 0.191656 0.451300 0.009725 0.017550
0 0.208928 0.472837 0.010469 0.019142
0 0.225750 0.492075 0.011212 0.017750
0 0.175956 0.469446 0.008225 0.017942
0 0.159578 0.450104 0.009869 0.017942
0 0.129669 0.447713 0.008675 0.017542
0 0.145522 0.465958 0.009269 0.017750
0 0.116212 0.463067 0.008675 0.017950
0 0.102231 0.480013 0.008525 0.017942
0 0.116659 0.497475 0.009869 0.017383
0 0.130569 0.481800 0.008975 0.016733
0 0.161147 0.485396 0.010619 0.019142
0 0.146272 0.500550 0.010169 0.017150
0 0.176403 0.505238 0.009719 0.019342
0 0.192703 0.488883 0.010619 0.021333
0 0.104100 0.512317 0.008375 0.015150
0 0.092063 0.526471 0.008825 0.015958
0 0.105444 0.545017 0.008675 0.015550
0 0.093556 0.558575 0.009425 0.017150
0 0.118156 0.530658 0.008075 0.015950
0 0.131687 0.516004 0.007625 0.015358
0 0.161222 0.519392 0.009869 0.017350
0 0.147169 0.534250 0.007775 0.015950
0 0.132512 0.549900 0.008975 0.017350
0 0.119650 0.563158 0.008975 0.015150
0 0.148363 0.569942 0.008675 0.016350
0 0.162719 0.555283 0.008375 0.016150
0 0.177900 0.540029 0.008225 0.019542
0 0.193600 0.524275 0.008825 0.016750
0 0.209525 0.508525 0.008675 0.015950
0 0.227172 0.528967 0.009869 0.016150
0 0.243697 0.513308 0.010019 0.016350
0 0.262762 0.534746 0.009575 0.016942
0 0.281306 0.556179 0.009575 0.017942
0 0.245347 0.550204 0.009431 0.016758
0 0.210575 0.544417 0.008375 0.015550
0 0.193975 0.559867 0.008675 0.016550
0 0.320484 0.561963 0.009869 0.017142
0 0.300597 0.577717 0.010769 0.017150
0 0.320859 0.601642 0.011219 0.018350
0 0.282353 0.594662 0.010769 0.017142
0 0.262987 0.571933 0.009725 0.015950
0 0.263809 0.609617 0.009869 0.016750
0 0.300972 0.616896 0.010919 0.017742
0 0.321009 0.640421 0.010619 0.018142
0 0.301347 0.656175 0.010169 0.016950
0 0.282053 0.632846 0.010169 0.016942
0 0.246391 0.625067 0.010019 0.015750
0 0.245641 0.587983 0.009419 0.016150
0 0.227769 0.565650 0.008975 0.016550
0 0.210872 0.581900 0.009569 0.016350
0 0.195394 0.596658 0.009125 0.015550
0 0.228516 0.602642 0.009569 0.016350
0 0.211397 0.617392 0.010619 0.017550
0 0.228666 0.638729 0.009269 0.019142
0 0.178644 0.575421 0.008525 0.018142
0 0.163394 0.591075 0.008525 0.016750
0 0.133706 0.584092 0.008075 0.015950
0 0.094006 0.591771 0.008225 0.015758
0 0.107912 0.610812 0.008525 0.018342
0 0.094975 0.624571 0.008375 0.016742
0 0.120475 0.598350 0.008825 0.017350
0 0.135053 0.618392 0.008669 0.016350
0 0.148888 0.603638 0.008825 0.017942
0 0.121669 0.631550 0.008825 0.017150
0 0.109034 0.643217 0.008969 0.016950
0 0.096472 0.656175 0.008669 0.016950
0 0.109781 0.675813 0.009275 0.019542
0 0.097219 0.686379 0.008975 0.019142
0 0.123166 0.663054 0.008519 0.017142
0 0.136775 0.650192 0.008225 0.014950
0 0.150156 0.637629 0.008975 0.018942
0 0.164587 0.625267 0.008825 0.016550
0 0.179694 0.611113 0.008525 0.017742
0 0.195394 0.632146 0.009725 0.018742
0 0.180216 0.646108 0.009569 0.016350
0 0.165494 0.659762 0.009138 0.017342
0 0.151206 0.671825 0.008675 0.015150
0 0.137597 0.684488 0.008969 0.016542
0 0.124137 0.696050 0.008375 0.016150
0 0.111875 0.706221 0.007475 0.016158
0 0.098119 0.715496 0.008075 0.018742
0 0.100809 0.747296 0.007481 0.015758
0 0.113219 0.738625 0.008075 0.016750
0 0.124734 0.726458 0.009569 0.016750
0 0.138494 0.714596 0.008675 0.016942
0 0.151878 0.704525 0.008819 0.017550
0 0.166681 0.692758 0.007925 0.016350
0 0.181409 0.680696 0.009869 0.018542
0 0.196591 0.667837 0.010019 0.018742
0 0.212816 0.653583 0.009569 0.017350
0 0.168028 0.726758 0.008819 0.018150
0 0.182384 0.714796 0.009119 0.017742
0 0.198234 0.701338 0.009419 0.017542
0 0.198684 0.736629 0.009419 0.018742
0 0.214984 0.724363 0.009719 0.018542
0 0.213638 0.689771 0.009125 0.015958
0 0.229941 0.676312 0.009719 0.018942
0 0.231059 0.712104 0.009869 0.017542
0 0.247209 0.662854 0.010169 0.018742
0 0.247659 0.698346 0.011669 0.020742
0 0.264259 0.647500 0.010169 0.017950
0 0.264559 0.685387 0.010769 0.019942
0 0.282428 0.671625 0.011219 0.020333
0 0.321981 0.680500 0.011663 0.019333
0 0.302544 0.694754 0.011962 0.020342
0 0.283847 0.708913 0.009569 0.018342
0 0.265081 0.721771 0.010613 0.018142
0 0.321831 0.719479 0.012263 0.017942
0 0.302316 0.732742 0.011219 0.017750
0 0.322206 0.757363 0.011212 0.019142
0 0.283847 0.746496 0.010169 0.017742
0 0.302766 0.771921 0.011219 0.019142
0 0.323400 0.796346 0.012112 0.020142
0 0.285119 0.783587 0.011212 0.018542
0 0.303663 0.809104 0.011513 0.019742
0 0.247734 0.735329 0.011219 0.018942
0 0.265831 0.759358 0.012413 0.019533
0 0.231206 0.747496 0.010463 0.019342
0 0.248331 0.771421 0.011513 0.019342
0 0.323103 0.834129 0.010919 0.019942
0 0.322653 0.873708 0.010919 0.019733
0 0.303588 0.883179 0.010463 0.017142
0 0.303737 0.846687 0.011962 0.018742
0 0.285269 0.857854 0.010613 0.018742
0 0.267997 0.869142 0.010169 0.019383
0 0.285197 0.820571 0.010469 0.018342
0 0.266503 0.795646 0.010469 0.018742
0 0.266875 0.832333 0.009725 0.016750
0 0.249753 0.843400 0.010769 0.018150
0 0.233153 0.853871 0.010169 0.017542
0 0.249753 0.807412 0.010469 0.018742
0 0.231959 0.783983 0.009869 0.018150
0 0.231806 0.819775 0.011363 0.017950
0 0.216928 0.829642 0.009719 0.016550
0 0.201453 0.839612 0.010469 0.018142
0 0.200028 0.805717 0.010019 0.016550
0 0.215731 0.795050 0.009725 0.017150
0 0.214312 0.760558 0.008975 0.016350
0 0.199506 0.771021 0.010463 0.017742
0 0.182909 0.748392 0.009569 0.015950
0 0.185000 0.781092 0.008975 0.016350
0 0.185822 0.817379 0.009419 0.017942
0 0.171169 0.826054 0.008825 0.015758
0 0.170347 0.794250 0.008969 0.017950
0 0.155916 0.803725 0.010019 0.016950
0 0.168775 0.759458 0.009125 0.016550
0 0.153672 0.771121 0.009419 0.017542
0 0.152850 0.738421 0.008975 0.019142
0 0.139991 0.748392 0.009869 0.016750
0 0.126381 0.759758 0.009275 0.015950
0 0.113219 0.769225 0.008375 0.016950
0 0.128547 0.793054 0.010619 0.020742
0 0.115912 0.800633 0.009275 0.015950
0 0.142806 0.813758 0.006750 0.012917
