0 0.449792 0.24164800000000008 0.027496 0.036876
0 0.47096 0.264772 0.027496 0.036876
0 0.42324 0.25288599999999994 0.027496 0.036876
0 0.409114 0.2566600000000001 0.027496 0.036876
0 0.487232 0.29036799999999996 0.027496 0.036876
0 0.49047 0.3197399999999999 0.027496 0.036876
0 0.49808 0.34724599999999994 0.027496 0.036876
0 0.495368 0.37032599999999993 0.027496 0.036876
0 0.509454 0.3978299999999999 0.027496 0.036876
0 0.517062 0.4259440000000001 0.027496 0.036876
0 0.50079 0.4296739999999999 0.027496 0.036876
0 0.485048 0.4384380000000001 0.027496 0.036876
0 0.468248 0.44216999999999995 0.027496 0.036876
0 0.455216 0.4446859999999999 0.027496 0.036876
0 0.441658 0.4484159999999999 0.027496 0.036876
0 0.457024 0.2984819999999999 0.027496 0.036876
0 0.46177 0.32820000000000005 0.027496 0.036876
0 0.482938 0.40004400000000007 0.027496 0.036876
0 0.466102 0.3506720000000001 0.027496 0.036876
0 0.464482 0.38316799999999995 0.027496 0.036876
0 0.461242 0.41063000000000005 0.027496 0.036876
0 0.44821 0.4150100000000001 0.027496 0.036876
0 0.435216 0.4175279999999999 0.027496 0.036876
0 0.451488 0.38316799999999995 0.027496 0.036876
0 0.435216 0.3900220000000001 0.027496 0.036876
0 0.42 0.394404 0.027496 0.036876
0 0.406478 0.3987860000000001 0.027496 0.036876
0 0.477514 0.34629 0.027496 0.036876
0 0.44821 0.36004400000000003 0.027496 0.036876
0 0.436836 0.36316799999999994 0.027496 0.036876
0 0.427608 0.31132399999999993 0.027496 0.036876
0 0.403202 0.315704 0.027496 0.036876
0 0.381506 0.32321 0.027496 0.036876
0 0.366854 0.32820000000000005 0.027496 0.036876
0 0.351148 0.30255999999999994 0.027496 0.036876
0 0.35386 0.2775700000000001 0.027496 0.036876
0 0.61582 0.18386199999999997 0.027496 0.036876
0 0.575668 0.15952199999999994 0.027496 0.036876
0 0.697702 0.63167 0.027496 0.036876
0 0.91872 0.664034 0.027496 0.036876
0 0.910922 0.7009540000000001 0.027496 0.036876
0 0.914048 0.732408 0.027496 0.036876
0 0.911714 0.7621260000000001 0.027496 0.036876
0 0.939058 0.787288 0.027496 0.036876
0 0.942938 0.7531019999999999 0.027496 0.036876
0 0.935142 0.727028 0.027496 0.036876
0 0.966366 0.7243379999999999 0.027496 0.036876
0 0.940602 0.695532 0.027496 0.036876
0 0.890622 0.8205640000000001 0.027496 0.036876
0 0.912504 0.8151839999999999 0.027496 0.036876
0 0.93435 0.817874 0.027496 0.036876
0 0.985914 0.7531019999999999 0.027496 0.036876
0 0.96403 0.7809980000000001 0.027496 0.036876
0 0.957778 0.8232980000000001 0.027496 0.036876
0 0.71646 0.538092 0.027496 0.036876
0 0.737552 0.5632980000000001 0.027496 0.036876
0 0.76177 0.5650759999999999 0.027496 0.036876
0 0.754726 0.5318 0.027496 0.036876
0 0.802372 0.527288 0.027496 0.036876
0 0.757062 0.5048159999999999 0.027496 0.036876
0 0.801582 0.488634 0.027496 0.036876
0 0.728964 0.44724600000000003 0.027496 0.036876
0 0.723466 0.497614 0.027496 0.036876
0 0.850018 0.5444260000000001 0.027496 0.036876
0 0.846102 0.52013 0.027496 0.036876
0 0.850772 0.4832099999999999 0.027496 0.036876
0 0.87499 0.508416 0.027496 0.036876
0 0.877326 0.4760519999999999 0.027496 0.036876
0 0.754726 0.4733179999999999 0.027496 0.036876
0 0.784406 0.46164800000000006 0.027496 0.036876
0 0.803918 0.458048 0.027496 0.036876
0 0.76098 0.437354 0.027496 0.036876
0 0.785198 0.4319740000000001 0.027496 0.036876
0 0.80629 0.42386199999999996 0.027496 0.036876
0 0.76644 0.4013439999999999 0.027496 0.036876
0 0.782824 0.39778800000000003 0.027496 0.036876
0 0.80079 0.3941859999999999 0.027496 0.036876
0 0.76565 0.36720200000000003 0.027496 0.036876
0 0.778946 0.364468 0.027496 0.036876
0 0.802372 0.36086799999999997 0.027496 0.036876
0 0.76565 0.3294140000000001 0.027496 0.036876
0 0.786742 0.3294140000000001 0.027496 0.036876
0 0.719586 0.4148799999999999 0.027496 0.036876
0 0.739888 0.4085460000000001 0.027496 0.036876
0 0.737552 0.37436 0.027496 0.036876
0 0.715668 0.38156199999999996 0.027496 0.036876
0 0.712542 0.3491979999999999 0.027496 0.036876
0 0.737552 0.34199599999999997 0.027496 0.036876
0 0.739888 0.3078099999999999 0.027496 0.036876
0 0.715668 0.3177000000000001 0.027496 0.036876
0 0.699284 0.5120180000000001 0.027496 0.036876
0 0.700038 0.47965199999999997 0.027496 0.036876
0 0.700828 0.446334 0.027496 0.036876
0 0.70241 0.41396999999999995 0.027496 0.036876
0 0.698494 0.385162 0.027496 0.036876
0 0.69695 0.35279799999999994 0.027496 0.036876
0 0.694576 0.32221199999999994 0.027496 0.036876
0 0.832844 0.488634 0.027496 0.036876
0 0.827344 0.45535799999999993 0.027496 0.036876
0 0.831262 0.4211720000000001 0.027496 0.036876
0 0.835932 0.38607400000000003 0.027496 0.036876
0 0.829718 0.35279799999999994 0.027496 0.036876
0 0.853146 0.3797839999999999 0.027496 0.036876
0 0.847684 0.415748 0.027496 0.036876
0 0.861732 0.4436439999999999 0.027496 0.036876
0 0.877326 0.4418660000000001 0.027496 0.036876
0 0.879698 0.405856 0.027496 0.036876
0 0.878116 0.3698920000000001 0.027496 0.036876
0 0.901544 0.43553200000000003 0.027496 0.036876
0 0.9 0.47154000000000007 0.027496 0.036876
0 0.90467 0.5039039999999999 0.027496 0.036876
0 0.924972 0.499436 0.027496 0.036876
0 0.928888 0.457136 0.027496 0.036876
0 0.950772 0.5318 0.027496 0.036876
0 0.965612 0.62538 0.027496 0.036876
0 0.971864 0.656876 0.027496 0.036876
0 0.94531 0.5668979999999999 0.027496 0.036876
0 0.921092 0.5668979999999999 0.027496 0.036876
0 0.897664 0.570498 0.027496 0.036876
0 0.923428 0.600174 0.027496 0.036876
0 0.921846 0.6334500000000001 0.027496 0.036876
0 0.946064 0.6289800000000001 0.027496 0.036876
0 0.94919 0.656876 0.027496 0.036876
0 0.971074 0.6910620000000001 0.027496 0.036876
0 0.9742 0.527288 0.027496 0.036876
0 0.946854 0.4913240000000001 0.027496 0.036876
0 0.947646 0.4607380000000001 0.027496 0.036876
0 0.70241 0.660434 0.027496 0.036876
0 0.980452 0.487722 0.027496 0.036876
0 0.97808 0.4526239999999999 0.027496 0.036876
0 0.694576 0.2826040000000001 0.027496 0.036876
0 0.59695 0.08290599999999992 0.027496 0.036876
0 0.571978 0.062211999999999934 0.027496 0.036876
0 0.596196 0.11978399999999989 0.027496 0.036876
0 0.59695 0.15757 0.027496 0.036876
0 0.620376 0.11258199999999996 0.027496 0.036876
0 0.639134 0.136876 0.027496 0.036876
0 0.636008 0.1737519999999999 0.027496 0.036876
0 0.66177 0.19535799999999992 0.027496 0.036876
0 0.664144 0.16477199999999992 0.027496 0.036876
0 0.660226 0.13236399999999993 0.027496 0.036876
0 0.61258 0.0793060000000001 0.027496 0.036876
0 0.593822 0.051409999999999956 0.027496 0.036876
0 0.573522 0.025336000000000025 0.027496 0.036876
0 0.63209 0.030715999999999966 0.027496 0.036876
0 0.638342 0.06581400000000004 0.027496 0.036876
0 0.63759 0.10268999999999995 0.027496 0.036876
0 0.664144 0.09461999999999993 0.027496 0.036876
0 0.655518 0.06312399999999996 0.027496 0.036876
0 0.653974 0.023514000000000035 0.027496 0.036876
0 0.981996 0.31483799999999995 0.027496 0.036876
0 0.87661 0.30494599999999994 0.027496 0.036876
0 0.957966 0.284122 0.027496 0.036876
0 0.982072 0.27978400000000003 0.027496 0.036876
0 0.983202 0.23943599999999998 0.027496 0.036876
0 0.957966 0.24854599999999993 0.027496 0.036876
0 0.931978 0.2550539999999999 0.027496 0.036876
0 0.907118 0.2619959999999999 0.027496 0.036876
0 0.884144 0.267636 0.027496 0.036876
0 0.851374 0.2784819999999999 0.027496 0.036876
0 0.835178 0.28368799999999994 0.027496 0.036876
0 0.956836 0.20993400000000007 0.027496 0.036876
0 0.933108 0.21817799999999998 0.027496 0.036876
0 0.907118 0.22338400000000003 0.027496 0.036876
0 0.88339 0.2337959999999999 0.027496 0.036876
0 0.857778 0.24290600000000007 0.027496 0.036876
0 0.827646 0.2502819999999999 0.027496 0.036876
0 0.811074 0.2550539999999999 0.027496 0.036876
0 0.786592 0.26156200000000007 0.027496 0.036876
0 0.961732 0.1678519999999999 0.027496 0.036876
0 0.93386 0.1773960000000001 0.027496 0.036876
0 0.907872 0.18694199999999994 0.027496 0.036876
0 0.881506 0.19648599999999994 0.027496 0.036876
0 0.857024 0.203862 0.027496 0.036876
0 0.83292 0.21123599999999998 0.027496 0.036876
0 0.80919 0.21817799999999998 0.027496 0.036876
0 0.791488 0.22468599999999994 0.027496 0.036876
0 0.763616 0.23639999999999994 0.027496 0.036876
0 0.742146 0.24030400000000007 0.027496 0.036876
0 0.954952 0.13401400000000008 0.027496 0.036876
0 0.932354 0.14225599999999994 0.027496 0.036876
0 0.910886 0.1487639999999999 0.027496 0.036876
0 0.884896 0.15527200000000008 0.027496 0.036876
0 0.858154 0.16741800000000007 0.027496 0.036876
0 0.831036 0.17609600000000003 0.027496 0.036876
0 0.805424 0.18347000000000002 0.027496 0.036876
0 0.780564 0.19258200000000003 0.027496 0.036876
0 0.758342 0.2008239999999999 0.027496 0.036876
0 0.739134 0.20950200000000008 0.027496 0.036876
0 0.719548 0.21340599999999998 0.027496 0.036876
0 0.694312 0.21861200000000003 0.027496 0.036876
0 0.693936 0.18781000000000003 0.027496 0.036876
0 0.719924 0.17653000000000008 0.027496 0.036876
0 0.7429 0.17132400000000003 0.027496 0.036876
0 0.763992 0.1652499999999999 0.027496 0.036876
0 0.785838 0.15700599999999998 0.027496 0.036876
0 0.811074 0.14833000000000007 0.027496 0.036876
0 0.842712 0.13271199999999994 0.027496 0.036876
0 0.863804 0.12620399999999998 0.027496 0.036876
0 0.884896 0.12143199999999998 0.027496 0.036876
0 0.908626 0.11275400000000002 0.027496 0.036876
0 0.936498 0.10190800000000011 0.027496 0.036876
0 0.964746 0.09496799999999994 0.027496 0.036876
0 0.763616 0.12576999999999994 0.027496 0.036876
0 0.788474 0.11882799999999993 0.027496 0.036876
0 0.813334 0.10841600000000007 0.027496 0.036876
0 0.834048 0.10060800000000003 0.027496 0.036876
0 0.858908 0.09062999999999999 0.027496 0.036876
0 0.881884 0.08542200000000011 0.027496 0.036876
0 0.909378 0.07197399999999998 0.027496 0.036876
0 0.939888 0.061561999999999895 0.027496 0.036876
0 0.971148 0.045943999999999985 0.027496 0.036876
0 0.742146 0.1370499999999999 0.027496 0.036876
0 0.719548 0.1418219999999999 0.027496 0.036876
0 0.69582 0.1513659999999999 0.027496 0.036876
0 0.69695 0.1157919999999999 0.027496 0.036876
0 0.717664 0.10884999999999989 0.027496 0.036876
0 0.739888 0.09756999999999993 0.027496 0.036876
0 0.767382 0.08802599999999994 0.027496 0.036876
0 0.788852 0.08065000000000011 0.027496 0.036876
0 0.809566 0.06980399999999998 0.027496 0.036876
0 0.834426 0.06329800000000008 0.027496 0.036876
0 0.858154 0.055053999999999936 0.027496 0.036876
0 0.884144 0.04073799999999994 0.027496 0.036876
0 0.910132 0.03249400000000002 0.027496 0.036876
0 0.937628 0.02338400000000007 0.027496 0.036876
0 0.69695 0.07935000000000003 0.027496 0.036876
0 0.719172 0.06936999999999993 0.027496 0.036876
0 0.741394 0.06503199999999998 0.027496 0.036876
0 0.766252 0.051584000000000074 0.027496 0.036876
0 0.788098 0.045075999999999894 0.027496 0.036876
0 0.813334 0.03336199999999989 0.027496 0.036876
0 0.8284 0.024685999999999986 0.027496 0.036876
0 0.69921 0.04073799999999994 0.027496 0.036876
0 0.718794 0.03466400000000003 0.027496 0.036876
0 0.69695 0.6901520000000001 0.027496 0.036876
0 0.697702 0.713536 0.027496 0.036876
0 0.819548 0.5570059999999999 0.027496 0.036876
0 0.798456 0.558786 0.027496 0.036876
0 0.847684 0.5839920000000001 0.027496 0.036876
0 0.821092 0.5866819999999999 0.027496 0.036876
0 0.800038 0.591194 0.027496 0.036876
0 0.778946 0.592104 0.027496 0.036876
0 0.819548 0.615488 0.027496 0.036876
0 0.86953 0.5767899999999999 0.027496 0.036876
0 0.875782 0.5426040000000001 0.027496 0.036876
0 0.897664 0.538092 0.027496 0.036876
0 0.896874 0.6352720000000001 0.027496 0.036876
0 0.887496 0.672148 0.027496 0.036876
0 0.887496 0.7036439999999999 0.027496 0.036876
0 0.887496 0.732408 0.027496 0.036876
0 0.886704 0.762994 0.027496 0.036876
0 0.88983 0.786378 0.027496 0.036876
0 0.865612 0.8205640000000001 0.027496 0.036876
0 0.863276 0.7908900000000001 0.027496 0.036876
0 0.867984 0.7612140000000001 0.027496 0.036876
0 0.867984 0.7306299999999999 0.027496 0.036876
0 0.86953 0.7000440000000001 0.027496 0.036876
0 0.864068 0.672148 0.027496 0.036876
0 0.867984 0.641562 0.027496 0.036876
0 0.871864 0.6091979999999999 0.027496 0.036876
0 0.842976 0.6145780000000001 0.027496 0.036876
0 0.841432 0.6478520000000001 0.027496 0.036876
0 0.84531 0.675748 0.027496 0.036876
0 0.844558 0.707246 0.027496 0.036876
0 0.844558 0.73692 0.027496 0.036876
0 0.848436 0.7612140000000001 0.027496 0.036876
0 0.969492 0.5614760000000001 0.027496 0.036876
0 0.968738 0.5965720000000001 0.027496 0.036876
0 0.949982 0.5875919999999999 0.027496 0.036876
0 0.824218 0.7944899999999999 0.027496 0.036876
0 0.800038 0.7954019999999999 0.027496 0.036876
0 0.785198 0.7954019999999999 0.027496 0.036876
0 0.76177 0.7908900000000001 0.027496 0.036876
0 0.719586 0.766594 0.027496 0.036876
0 0.715668 0.7396100000000001 0.027496 0.036876
0 0.718004 0.715314 0.027496 0.036876
0 0.71725 0.6901520000000001 0.027496 0.036876
0 0.719586 0.660434 0.027496 0.036876
0 0.71646 0.6271580000000001 0.027496 0.036876
0 0.743014 0.5956619999999999 0.027496 0.036876
0 0.740678 0.6271580000000001 0.027496 0.036876
0 0.741432 0.651454 0.027496 0.036876
0 0.742222 0.684728 0.027496 0.036876
0 0.742222 0.7432099999999999 0.027496 0.036876
0 0.561016 0.13418599999999992 0.027496 0.036876
0 0.546178 0.13956600000000008 0.027496 0.036876
0 0.539962 0.10720200000000002 0.027496 0.036876
0 0.525122 0.11349199999999993 0.027496 0.036876
0 0.50324 0.12247199999999991 0.027496 0.036876
0 0.50403 0.0910200000000001 0.027496 0.036876
0 0.519624 0.085596 0.027496 0.036876
0 0.536836 0.0793060000000001 0.027496 0.036876
0 0.554012 0.066724 0.027496 0.036876
0 0.551676 0.038828000000000085 0.027496 0.036876
0 0.536046 0.046030000000000015 0.027496 0.036876
0 0.52275 0.05049799999999993 0.027496 0.036876
0 0.505574 0.0604340000000001 0.027496 0.036876
0 0.480602 0.07032600000000011 0.027496 0.036876
0 0.510282 0.021735999999999978 0.027496 0.036876
0 0.441544 0.056831999999999994 0.027496 0.036876
0 0.464972 0.04512000000000005 0.027496 0.036876
0 0.483728 0.032537999999999956 0.027496 0.036876
0 0.417326 0.0685039999999999 0.027496 0.036876
0 0.39936 0.07839400000000007 0.027496 0.036876
0 0.44467 0.019045999999999896 0.027496 0.036876
0 0.428248 0.02624800000000005 0.027496 0.036876
0 0.40953 0.036138 0.027496 0.036876
0 0.396234 0.04694200000000004 0.027496 0.036876
0 0.38452 0.0496319999999999 0.027496 0.036876
0 0.37047 0.062211999999999934 0.027496 0.036876
0 0.382184 0.022645999999999944 0.027496 0.036876
0 0.367344 0.02980399999999994 0.027496 0.036876
0 0.351714 0.037917999999999896 0.027496 0.036876
0 0.332994 0.04780999999999991 0.027496 0.036876
0 0.333748 0.019045999999999896 0.027496 0.036876
0 0.32049 0.022645999999999944 0.027496 0.036876
0 0.306404 0.03162599999999993 0.027496 0.036876
0 0.6571 0.2673319999999999 0.027496 0.036876
0 0.65789 0.300608 0.027496 0.036876
0 0.658644 0.33210399999999995 0.027496 0.036876
0 0.656308 0.36086799999999997 0.027496 0.036876
0 0.65789 0.395054 0.027496 0.036876
0 0.674274 0.42837400000000003 0.027496 0.036876
0 0.661016 0.45353599999999994 0.027496 0.036876
0 0.664144 0.4814320000000001 0.027496 0.036876
0 0.646178 0.48594399999999993 0.027496 0.036876
0 0.639924 0.45982600000000007 0.027496 0.036876
0 0.63209 0.4319740000000001 0.027496 0.036876
0 0.635216 0.396876 0.027496 0.036876
0 0.636798 0.3680699999999999 0.027496 0.036876
0 0.632882 0.340174 0.027496 0.036876
0 0.632882 0.30420800000000003 0.027496 0.036876
0 0.63209 0.2772239999999999 0.027496 0.036876
0 0.61337 0.2457260000000001 0.027496 0.036876
0 0.614916 0.279914 0.027496 0.036876
0 0.615706 0.31501 0.027496 0.036876
0 0.618042 0.345596 0.027496 0.036876
0 0.618832 0.40316799999999997 0.027496 0.036876
0 0.575104 0.22772199999999998 0.027496 0.036876
0 0.290018 0.09731000000000001 0.027496 0.036876
0 0.574312 0.261042 0.027496 0.036876
0 0.577438 0.2979179999999999 0.027496 0.036876
0 0.5829 0.32308000000000003 0.027496 0.036876
0 0.58211 0.35279799999999994 0.027496 0.036876
0 0.584444 0.3788720000000001 0.027496 0.036876
0 0.58757 0.41036800000000007 0.027496 0.036876
0 0.600866 0.44095400000000007 0.027496 0.036876
0 0.586026 0.4436439999999999 0.027496 0.036876
0 0.607118 0.46524999999999994 0.027496 0.036876
0 0.610244 0.489544 0.027496 0.036876
0 0.585236 0.49852399999999997 0.027496 0.036876
0 0.625876 0.521908 0.027496 0.036876
0 0.604784 0.527288 0.027496 0.036876
0 0.64226 0.554316 0.027496 0.036876
0 0.62275 0.548894 0.027496 0.036876
0 0.663352 0.5777000000000001 0.027496 0.036876
0 0.643804 0.5777000000000001 0.027496 0.036876
0 0.625084 0.581302 0.027496 0.036876
0 0.668814 0.601996 0.027496 0.036876
0 0.645386 0.6064639999999999 0.027496 0.036876
0 0.685988 0.6046860000000001 0.027496 0.036876
0 0.822674 0.7657259999999999 0.027496 0.036876
0 0.822674 0.7342299999999999 0.027496 0.036876
0 0.821884 0.707246 0.027496 0.036876
0 0.823466 0.6730579999999999 0.027496 0.036876
0 0.821092 0.645162 0.027496 0.036876
0 0.800038 0.619956 0.027496 0.036876
0 0.767984 0.6163559999999999 0.027496 0.036876
0 0.762524 0.651454 0.027496 0.036876
0 0.764896 0.6784380000000001 0.027496 0.036876
0 0.76098 0.711714 0.027496 0.036876
0 0.76177 0.7432099999999999 0.027496 0.036876
0 0.760188 0.767506 0.027496 0.036876
0 0.79612 0.653276 0.027496 0.036876
0 0.80079 0.68295 0.027496 0.036876
0 0.798456 0.707246 0.027496 0.036876
0 0.784406 0.7342299999999999 0.027496 0.036876
0 0.802372 0.7639039999999999 0.027496 0.036876
0 0.783616 0.7648159999999999 0.027496 0.036876
0 0.666478 0.63076 0.027496 0.036876
0 0.664896 0.6586559999999999 0.027496 0.036876
0 0.668022 0.683862 0.027496 0.036876
0 0.651638 0.684728 0.027496 0.036876
0 0.653182 0.713536 0.027496 0.036876
0 0.631338 0.6352720000000001 0.027496 0.036876
0 0.629756 0.6613439999999999 0.027496 0.036876
0 0.615706 0.6910620000000001 0.027496 0.036876
0 0.633672 0.684728 0.027496 0.036876
0 0.556346 0.23132400000000009 0.027496 0.036876
0 0.556346 0.26282000000000005 0.027496 0.036876
0 0.554764 0.2960959999999999 0.027496 0.036876
0 0.561808 0.3275920000000001 0.027496 0.036876
0 0.559472 0.3572660000000001 0.027496 0.036876
0 0.592278 0.5579179999999999 0.027496 0.036876
0 0.605536 0.6334500000000001 0.027496 0.036876
0 0.596196 0.5875919999999999 0.027496 0.036876
0 0.596346 0.655662 0.027496 0.036876
0 0.57484 0.6406499999999999 0.027496 0.036876
0 0.576158 0.61141 0.027496 0.036876
0 0.557288 0.390282 0.027496 0.036876
0 0.5716 0.581432 0.027496 0.036876
0 0.559246 0.53345 0.027496 0.036876
0 0.557928 0.472712 0.027496 0.036876
0 0.564444 0.44724600000000003 0.027496 0.036876
0 0.545574 0.4217360000000001 0.027496 0.036876
0 0.567044 0.41874199999999995 0.027496 0.036876
0 0.55273 0.5057259999999999 0.027496 0.036876
0 0.53646 0.5124519999999999 0.027496 0.036876
0 0.53646 0.540216 0.027496 0.036876
0 0.51759 0.540216 0.027496 0.036876
0 0.516272 0.51397 0.027496 0.036876
0 0.51759 0.25080199999999997 0.027496 0.036876
0 0.53582 0.20884999999999998 0.027496 0.036876
0 0.495442 0.5162260000000001 0.027496 0.036876
0 0.476572 0.518438 0.027496 0.036876
0 0.527984 0.3078099999999999 0.027496 0.036876
0 0.507156 0.2838179999999999 0.027496 0.036876
0 0.509756 0.3153140000000001 0.027496 0.036876
0 0.525386 0.3407800000000001 0.027496 0.036876
0 0.525386 0.36776600000000004 0.027496 0.036876
0 0.529944 0.395532 0.027496 0.036876
0 0.526704 0.37154 0.027496 0.036876
0 0.5345 0.456226 0.027496 0.036876
0 0.53774 0.4772240000000001 0.027496 0.036876
0 0.520828 0.4794799999999999 0.027496 0.036876
0 0.5 0.4862040000000001 0.027496 0.036876
0 0.483088 0.49145400000000006 0.027496 0.036876
0 0.460302 0.4937100000000001 0.027496 0.036876
0 0.341846 0.103124 0.027496 0.036876
0 0.321016 0.11032599999999992 0.027496 0.036876
0 0.305386 0.09158400000000011 0.027496 0.036876
0 0.298908 0.12607400000000002 0.027496 0.036876
0 0.366592 0.12455599999999989 0.027496 0.036876
0 0.35292 0.131324 0.027496 0.036876
0 0.338606 0.131324 0.027496 0.036876
0 0.326214 0.13657199999999992 0.027496 0.036876
0 0.504558 0.18980400000000008 0.027496 0.036876
0 0.49936 0.21978399999999998 0.027496 0.036876
0 0.483728 0.22802600000000006 0.027496 0.036876
0 0.470056 0.23102 0.027496 0.036876
0 0.457702 0.21154000000000006 0.027496 0.036876
0 0.439472 0.18602999999999992 0.027496 0.036876
0 0.42516 0.16130200000000006 0.027496 0.036876
0 0.403014 0.16954399999999992 0.027496 0.036876
0 0.38742 0.17778800000000006 0.027496 0.036876
0 0.373748 0.18381800000000004 0.027496 0.036876
0 0.354878 0.190542 0.027496 0.036876
0 0.345762 0.19427400000000006 0.027496 0.036876
0 0.336008 0.1987859999999999 0.027496 0.036876
0 0.31582 0.207028 0.027496 0.036876
0 0.42192 0.1912799999999999 0.027496 0.036876
0 0.404972 0.1965300000000001 0.027496 0.036876
0 0.390018 0.20256000000000007 0.027496 0.036876
0 0.376346 0.20928400000000003 0.027496 0.036876
0 0.363992 0.2160519999999999 0.027496 0.036876
0 0.346404 0.2250319999999999 0.027496 0.036876
0 0.33273 0.22577000000000003 0.027496 0.036876
0 0.432956 0.214534 0.027496 0.036876
0 0.422562 0.22125799999999995 0.027496 0.036876
0 0.40693 0.22650799999999993 0.027496 0.036876
0 0.393898 0.23401399999999994 0.027496 0.036876
0 0.378946 0.23553200000000007 0.027496 0.036876
0 0.360716 0.248286 0.027496 0.036876
0 0.349642 0.25127999999999995 0.027496 0.036876
0 0.40403 0.13444600000000007 0.027496 0.036876
0 0.383842 0.14416399999999996 0.027496 0.036876
0 0.36953 0.14867600000000003 0.027496 0.036876
0 0.355856 0.15618200000000004 0.027496 0.036876
0 0.341544 0.162906 0.027496 0.036876
0 0.328512 0.16815599999999997 0.027496 0.036876
0 0.31032 0.17791800000000002 0.027496 0.036876
0 0.495368 0.2541439999999999 0.027496 0.036876
