0 0.07814600000000005 0.414484 0.05625 0.035344
0 0.22180200000000005 0.438992 0.05777 0.02736
0 0.0378639999999999 0.477188 0.060812 0.030782
0 0.18455200000000005 0.503406 0.065354 0.0285
0 0.3236460000000001 0.490874 0.05775 0.0285
0 0.45361399999999996 0.48004 0.065354 0.02964
0 0.1442699999999999 0.571242 0.069916 0.034204
0 0.2863960000000001 0.55814 0.062334 0.033062
0 0.4239679999999999 0.546734 0.069938 0.035344
0 0.555458 0.531906 0.05625 0.033062
0 0.7310319999999999 0.525078 0.063854 0.033062
0 0.70899 0.598602 0.068396 0.034204
0 0.529614 0.604304 0.065354 0.034204
0 0.6839059999999999 0.67271 0.069938 0.036484
0 0.4999800000000001 0.679554 0.066874 0.036484
0 0.3890100000000001 0.617422 0.063854 0.035344
0 0.86249 0.514718 0.063854 0.036938
0 0.847896 0.58518 0.071124 0.038296
0 0.9709159999999999 0.570132 0.058166 0.041046
0 0.827834 0.657688 0.071124 0.041032
0 0.8077700000000001 0.737032 0.074792 0.043782
0 0.950042 0.719938 0.074792 0.042406
0 0.94001 0.805446 0.08027 0.046516
0 0.919948 0.895742 0.087562 0.046516
0 0.7614380000000001 0.917258 0.076 0.049016
0 0.6025720000000001 0.932078 0.083604 0.04675
0 0.395864 0.944624 0.07452 0.044468
0 0.23015600000000003 0.96229 0.071438 0.04789
0 0.24991600000000003 0.632234 0.065374 0.033062
0 0.10322999999999993 0.6425 0.069916 0.037624
0 0.05534400000000006 0.726296 0.07752 0.041032
0 0.20583400000000007 0.709766 0.071458 0.044468
0 0.34948 0.694374 0.072958 0.043312
0 0.16555199999999992 0.795844 0.07298 0.045594
0 0.3145199999999999 0.77646 0.076 0.041046
0 0.46577 0.762782 0.0745 0.043312
0 0.6565840000000001 0.75368 0.069834 0.043296
0 0.782718 0.821492 0.066896 0.03989
0 0.630708 0.840304 0.076 0.04561
0 0.4323220000000001 0.848852 0.07752 0.046734
0 0.27424000000000004 0.866524 0.071438 0.050172
0 0.11615599999999993 0.885906 0.07448 0.045594
