0 0.3223259999999999 0.744966 0.06335 0.084334
0 0.31174999999999997 0.823234 0.06025 0.0802
0 0.2590380000000001 0.761116 0.069276 0.092234
0 0.196426 0.792966 0.06865 0.0914
0 0.38191200000000003 0.69235 0.071324 0.0953
0 0.20462599999999997 0.697834 0.06875 0.091666
0 0.2678879999999999 0.66485 0.068724 0.091634
0 0.21425000000000005 0.604334 0.066 0.088
0 0.06075000000000008 0.864 0.0665 0.088666
0 0.07339999999999991 0.766 0.0688 0.088666
0 0.08256200000000002 0.672816 0.064224 0.0857
0 0.09404999999999997 0.570334 0.0596 0.070666
0 0.537024 0.87545 0.06605 0.0879
0 0.47527600000000003 0.908416 0.0577 0.080566
0 0.41483800000000004 0.937734 0.057676 0.0806
0 0.36538800000000005 0.884616 0.063174 0.084234
0 0.300824 0.912084 0.06045 0.080566
0 0.24730000000000008 0.855266 0.0631 0.084134
0 0.23763800000000002 0.952384 0.060424 0.080566
0 0.18411200000000005 0.88825 0.068774 0.0915
0 0.423076 0.847984 0.0632 0.084234
0 0.48626199999999997 0.818684 0.063174 0.084234
0 0.375 0.789166 0.06625 0.084334
0 0.43373799999999996 0.757016 0.069276 0.092366
