0 0.14369999999999994 0.09338800000000003 0.076 0.05035
0 0.09492400000000001 0.2159500000000001 0.077284 0.05415
0 0.281776 0.18270000000000008 0.076016 0.05415
0 0.47051599999999993 0.14801799999999998 0.076 0.053212
0 0.319774 0.061561999999999895 0.07095 0.0494
0 0.39464199999999994 0.421918 0.09375 0.074112
0 0.89615 0.08816200000000007 0.086134 0.0551
0 0.8834839999999999 0.2169000000000001 0.093734 0.06175
0 0.03994999999999993 0.345912 0.076 0.0627
0 0.23819999999999997 0.3140879999999999 0.0798 0.05985
0 0.43264199999999997 0.27845600000000004 0.088684 0.064588
0 0.627124 0.24187599999999998 0.082416 0.06175
0 0.600484 0.38201799999999997 0.092466 0.070312
0 0.190658 0.4575499999999999 0.093684 0.07315
0 0.13875799999999994 0.6304320000000001 0.088684 0.075112
0 0.3597999999999999 0.586282 0.100066 0.079812
0 0.57135 0.5406820000000001 0.095 0.077912
0 0.538416 0.723568 0.105134 0.082662
0 0.311666 0.7715559999999999 0.105134 0.083638
0 0.07414999999999994 0.818576 0.0988 0.08265
0 0.2553000000000001 0.9691620000000001 0.108934 0.0589
0 0.505484 0.930706 0.105134 0.095912
0 0.8266 0.898382 0.116534 0.094062
0 0.8405339999999999 0.692232 0.108934 0.090212
0 0.856366 0.515976 0.097534 0.0798
0 0.8709420000000001 0.35779399999999995 0.09375 0.071262
0 0.4964839999999999 0.033061999999999925 0.0798 0.0513
0 0.6497660000000001 0.11238799999999993 0.084866 0.05605
