0 0.786536 0.634316 0.046378 0.059178
0 0.822454 0.68166 0.047388 0.062706
0 0.895008 0.68077 0.05189 0.063322
0 0.8628 0.730222 0.053448 0.058048
0 0.955598 0.401148 0.048398 0.05798
0 0.88479 0.398784 0.04837 0.060376
0 0.922438 0.447602 0.043896 0.056232
0 0.960102 0.494658 0.046378 0.055616
0 0.887272 0.491096 0.047388 0.06274
0 0.92368 0.53786 0.042396 0.054418
0 0.893262 0.58697 0.04736 0.060376
0 0.96407 0.583424 0.04837 0.059178
0 0.855354 0.53815 0.05137 0.053836
0 0.822482 0.585788 0.051314 0.059178
0 0.790028 0.726934 0.05238 0.058596
0 0.829178 0.776062 0.048888 0.057398
0 0.755382 0.778716 0.04987 0.061542
0 0.719956 0.825754 0.05088 0.060958
0 0.968066 0.677226 0.04736 0.056232
0 0.934402 0.724864 0.050852 0.055616
0 0.90124 0.773682 0.056334 0.057432
0 0.86658 0.822208 0.050852 0.05976
0 0.79277 0.826352 0.051862 0.063322
0 0.760606 0.872808 0.04935 0.06274
0 0.722208 0.922518 0.05238 0.061542
0 0.762858 0.969554 0.046868 0.057398
0 0.797272 0.918082 0.047878 0.057398
0 0.830174 0.871044 0.047878 0.061542
0 0.83492 0.96303 0.0486 0.061336
0 0.869582 0.91334 0.051718 0.060102
0 0.904762 0.86798 0.03925 0.055136
0 0.935238 0.820684 0.046522 0.053972
0 0.967302 0.77161 0.052756 0.056438
0 0.973102 0.865052 0.048484 0.058938
0 0.9414 0.912636 0.049668 0.057534
0 0.906682 0.95952 0.05088 0.057534
0 0.859164 0.632876 0.04733 0.05959
0 0.930448 0.63459 0.04733 0.05822
