0 0.06771 0.131678 0.114658 0.139722
0 0.18099 0.149962 0.109164 0.135218
0 0.290152 0.173504 0.103686 0.135218
0 0.401614 0.063068 0.093644 0.12469
0 0.39224 0.195032 0.098664 0.133198
0 0.057498 0.270398 0.114996 0.141724
0 0.170694 0.290992 0.111294 0.141056
0 0.050812 0.410408 0.101622 0.13759
0 0.158858 0.432474 0.111294 0.140204
0 0.267776 0.447182 0.104988 0.136738
0 0.371572 0.467962 0.09787 0.134996
0 0.145436 0.566608 0.111294 0.138444
0 0.25475 0.583912 0.102604 0.133272
0 0.357362 0.59949 0.099442 0.131548
0 0.546398 0.09152 0.10497 0.134996
0 0.534522 0.224792 0.10492 0.136738
0 0.523896 0.357618 0.104192 0.134142
0 0.648208 0.111418 0.095502 0.133272
0 0.637566 0.245552 0.101032 0.134996
0 0.745292 0.134356 0.09393 0.130658
0 0.839612 0.154254 0.089974 0.128934
0 0.737328 0.266646 0.095012 0.129694
0 0.830744 0.28442 0.089078 0.128212
0 0.625884 0.37657 0.095926 0.130194
0 0.723474 0.39518 0.09547 0.133198
0 0.820694 0.415886 0.096366 0.131714
0 0.511632 0.49075 0.106204 0.134718
0 0.61536 0.509602 0.098208 0.131492
0 0.497744 0.624134 0.109636 0.134384
0 0.712418 0.528156 0.096686 0.13101
0 0.808724 0.54442 0.094404 0.127692
0 0.603754 0.642086 0.100862 0.131882
0 0.703102 0.657942 0.094016 0.12771
0 0.4888 0.76519 0.103922 0.144392
0 0.590998 0.779592 0.098208 0.142316
0 0.690922 0.794412 0.09782 0.14189
0 0.79864 0.674624 0.094792 0.132716
0 0.7876 0.807758 0.094792 0.13355
0 0.112916 0.895144 0.109248 0.141464
0 0.222164 0.911632 0.105426 0.144412
0 0.328554 0.924986 0.105054 0.139388
0 0.915164 0.82849 0.095926 0.139426
0 0.927218 0.697488 0.095926 0.134624
0 0.938368 0.568888 0.09973 0.13229
0 0.948944 0.438776 0.098562 0.1286
0 0.130118 0.709128 0.10656 0.145376
0 0.239044 0.723846 0.109704 0.145376
0 0.34678 0.741584 0.105766 0.14278
0 0.277718 0.311196 0.101944 0.142798
0 0.38131 0.332104 0.103922 0.139908
