0 0.067166 0.343806 0.099666 0.077212
0 0.229984 0.300768 0.094666 0.069612
0 0.1802 0.42165 0.096366 0.070874
0 0.34555 0.381162 0.096434 0.068324
0 0.559926 0.350138 0.089616 0.06455
0 0.684808 0.432406 0.09975 0.077212
0 0.853574 0.394438 0.089616 0.067074
0 0.811392 0.522276 0.089616 0.074676
0 0.5152 0.47355 0.094666 0.06835
0 0.299184 0.505194 0.0913 0.070888
0 0.131258 0.543162 0.089616 0.070874
0 0.074716 0.670368 0.087934 0.077212
0 0.253608 0.6305 0.094684 0.073426
0 0.468792 0.603288 0.089616 0.069626
0 0.636716 0.565312 0.101434 0.074676
0 0.942184 0.612782 0.0913 0.070888
0 0.766666 0.653912 0.0913 0.06455
0 0.594516 0.693794 0.0913 0.073412
0 0.424066 0.730494 0.094666 0.073412
0 0.201292 0.762138 0.091316 0.070874
0 0.149824 0.889982 0.089616 0.070888
0 0.376808 0.8615 0.09805 0.067074
0 0.5422 0.820362 0.1048 0.070874
0 0.726158 0.781124 0.09805 0.078474
0 0.893234 0.743788 0.1048 0.074676
0 0.853584 0.8767 0.096366 0.07465
0 0.675534 0.9115 0.101434 0.078476
0 0.500008 0.951368 0.094684 0.072138
