0 0.73463 0.977248 0.021908 0.033452
0 0.256138 0.871036 0.002524 0.026214
0 0.70807 0.442228 0.025154 0.032698
0 0.68867 0.463902 0.021892 0.032072
0 0.672662 0.484342 0.023016 0.032448
0 0.654276 0.504572 0.022738 0.030942
0 0.63757 0.522322 0.023016 0.02979
0 0.688246 0.430502 0.023292 0.03092
0 0.6867 0.400534 0.02303 0.032072
0 0.665084 0.39022 0.023584 0.032824
0 0.645984 0.408734 0.022462 0.032448
0 0.649784 0.442144 0.02443 0.035126
0 0.667754 0.425156 0.020492 0.034748
0 0.669716 0.45589 0.025554 0.031318
0 0.630546 0.430492 0.02303 0.034748
0 0.611454 0.419802 0.023584 0.032448
0 0.593062 0.438902 0.024984 0.035502
0 0.573546 0.427636 0.026384 0.037406
0 0.555724 0.421528 0.022184 0.036652
0 0.744408 0.401862 0.023308 0.037782
0 0.763076 0.382384 0.022462 0.033222
0 0.778376 0.361014 0.0278 0.037804
0 0.7246 0.422824 0.023724 0.034268
0 0.74757 0.432092 0.023938 0.030376
0 0.765462 0.414174 0.02477 0.03023
0 0.78283 0.392322 0.022646 0.025398
0 0.798538 0.372072 0.02323 0.027406
0 0.817962 0.353274 0.021616 0.026924
0 0.595338 0.470314 0.021446 0.029666
0 0.620284 0.543054 0.022416 0.026862
0 0.852076 0.740942 0.025476 0.032426
0 0.83267 0.762384 0.025462 0.030252
0 0.814884 0.783002 0.027092 0.029686
0 0.7977 0.802792 0.024262 0.029686
0 0.855308 0.771726 0.025476 0.032448
0 0.8731 0.754414 0.02223 0.0341
0 0.892708 0.764864 0.028308 0.032992
0 0.87573 0.787678 0.024262 0.028034
0 0.837724 0.79455 0.021016 0.032992
0 0.818316 0.81681 0.02263 0.03023
0 0.859308 0.374268 0.018616 0.026778
0 0.876924 0.352656 0.02 0.03067
0 0.897084 0.33203 0.02583 0.044184
0 0.919084 0.3432 0.020908 0.027154
0 0.795046 0.306946 0.031354 0.04749
0 0.816576 0.323744 0.02503 0.034686
0 0.795938 0.343954 0.02763 0.037112
0 0.735416 0.309938 0.02357 0.03226
0 0.758408 0.321412 0.02503 0.03182
0 0.740124 0.345272 0.026154 0.03226
0 0.722416 0.36363 0.026154 0.035794
0 0.8218 0.38205 0.02677 0.033892
0 0.804492 0.404748 0.029076 0.037866
0 0.785108 0.426716 0.026 0.036192
0 0.767262 0.448892 0.022308 0.030334
0 0.842724 0.397322 0.021538 0.032218
0 0.825416 0.418034 0.026 0.033054
0 0.807262 0.43728 0.023846 0.034728
0 0.78757 0.45841 0.021692 0.027616
0 0.882492 0.386758 0.025692 0.033682
0 0.863076 0.4068 0.024 0.028242
0 0.844184 0.42818 0.022308 0.028242
0 0.826724 0.448892 0.020924 0.030334
0 0.80857 0.470334 0.019384 0.02636
0 0.791724 0.49136 0.021692 0.02908
0 0.77003 0.479436 0.01923 0.027824
0 0.749416 0.467824 0.018308 0.026778
0 0.72857 0.455482 0.019692 0.026778
0 0.70957 0.475252 0.019538 0.030754
0 0.730184 0.486966 0.02077 0.032008
0 0.752108 0.499206 0.019076 0.027196
0 0.77203 0.510292 0.01923 0.03138
0 0.883646 0.419288 0.02 0.030544
0 0.865954 0.437698 0.023076 0.030126
0 0.848108 0.45956 0.020616 0.029498
0 0.829646 0.479122 0.022462 0.02887
0 0.81203 0.502762 0.020462 0.024686
0 0.793338 0.523264 0.019692 0.026778
0 0.692108 0.496904 0.019076 0.022594
0 0.6738 0.517824 0.016616 0.025942
0 0.712876 0.50956 0.01723 0.024896
0 0.73357 0.521066 0.018308 0.024058
0 0.754262 0.53205 0.017538 0.025524
0 0.695416 0.529226 0.020462 0.027406
0 0.659108 0.535816 0.015846 0.027196
0 0.639492 0.557888 0.017846 0.028242
0 0.611876 0.448996 0.018308 0.029708
0 0.630876 0.462384 0.01877 0.026778
0 0.653262 0.472636 0.018924 0.02887
0 0.615184 0.482468 0.017538 0.027196
0 0.635416 0.494916 0.018616 0.025314
0 0.597184 0.50203 0.01723 0.02657
0 0.617646 0.512594 0.018154 0.024268
0 0.57657 0.49021 0.020924 0.03138
0 0.580184 0.523054 0.017384 0.02636
0 0.599876 0.533828 0.018616 0.025732
0 0.559954 0.510084 0.01723 0.025942
0 0.558492 0.481422 0.015846 0.027616
0 0.541492 0.499938 0.01723 0.027406
0 0.575262 0.45841 0.018924 0.028452
0 0.555724 0.451088 0.018924 0.025942
0 0.539416 0.47159 0.01923 0.025524
0 0.521724 0.489582 0.018924 0.030962
0 0.535416 0.43864 0.018308 0.028242
0 0.503954 0.507468 0.01877 0.029916
0 0.52203 0.52023 0.018924 0.02908
0 0.542954 0.531318 0.019846 0.029498
0 0.563492 0.54251 0.01877 0.027196
0 0.584338 0.55433 0.018 0.025732
0 0.60257 0.566778 0.020616 0.02636
0 0.622184 0.577866 0.017692 0.027196
0 0.488108 0.53226 0.017538 0.028452
0 0.506108 0.539582 0.01723 0.028034
0 0.526338 0.552238 0.017692 0.02908
0 0.546108 0.562908 0.018154 0.02657
0 0.565724 0.57431 0.017076 0.024686
0 0.58603 0.58592 0.018924 0.025314
0 0.471246 0.549184 0.019076 0.028662
0 0.454016 0.567698 0.019076 0.035146
0 0.439092 0.587992 0.019692 0.028452
0 0.42117 0.610168 0.019538 0.028452
0 0.489246 0.560272 0.02 0.029916
0 0.509784 0.570104 0.018924 0.029498
0 0.528554 0.583598 0.018 0.02887
0 0.548324 0.595524 0.019384 0.02887
0 0.472476 0.579206 0.019692 0.027196
0 0.491784 0.588724 0.018308 0.025732
0 0.512554 0.603264 0.01923 0.027616
0 0.532708 0.61477 0.018616 0.02636
0 0.56917 0.60661 0.018616 0.025104
0 0.5514 0.626904 0.018462 0.026778
0 0.457092 0.600648 0.019384 0.029498
0 0.44017 0.620628 0.018154 0.029288
0 0.459092 0.631402 0.018154 0.027406
0 0.475784 0.61226 0.019538 0.033472
0 0.49563 0.623242 0.019538 0.02908
0 0.515016 0.634854 0.021384 0.02887
0 0.534862 0.644476 0.018616 0.029708
0 0.422408 0.638828 0.020476 0.026026
0 0.443008 0.650388 0.0202 0.026758
0 0.47823 0.642982 0.022062 0.027846
0 0.462146 0.661778 0.0202 0.022762
0 0.481692 0.67388 0.019938 0.03182
0 0.498962 0.65364 0.021 0.02749
0 0.517708 0.667374 0.019138 0.026758
0 0.500424 0.686538 0.0218 0.027468
0 0.42597 0.670376 0.022584 0.02795
0 0.446184 0.68229 0.019876 0.02885
0 0.410976 0.688024 0.022908 0.02931
0 0.39447 0.70933 0.02223 0.02703
0 0.377454 0.728106 0.021892 0.03069
0 0.42883 0.700168 0.02157 0.02703
0 0.411984 0.723076 0.020216 0.02703
0 0.395816 0.73933 0.022246 0.02657
0 0.379308 0.760408 0.024246 0.02931
0 0.38217 0.790198 0.021908 0.032992
0 0.365992 0.809666 0.023924 0.030712
0 0.463538 0.695576 0.022246 0.02977
0 0.4477 0.712992 0.02223 0.031632
0 0.4317 0.734058 0.021216 0.02795
0 0.413838 0.752166 0.023924 0.02839
0 0.398516 0.772102 0.024262 0.032532
0 0.485438 0.704748 0.021554 0.02979
0 0.467584 0.723294 0.022246 0.032072
0 0.45023 0.745972 0.02123 0.03069
0 0.434054 0.762928 0.02257 0.030712
0 0.416876 0.783096 0.021908 0.02979
0 0.400192 0.803702 0.022908 0.02887
0 0.385376 0.82273 0.023584 0.032072
0 0.67833 0.548274 0.023246 0.032072
0 0.660646 0.569122 0.022246 0.030712
0 0.6438 0.589968 0.022924 0.032072
0 0.606738 0.597532 0.020216 0.02887
0 0.588208 0.618378 0.022908 0.03023
0 0.57237 0.638546 0.022246 0.032072
0 0.555516 0.658012 0.023584 0.02887
0 0.538 0.67771 0.022246 0.03069
0 0.521324 0.698556 0.021908 0.025648
0 0.503808 0.718264 0.02257 0.02657
0 0.486284 0.73682 0.021892 0.02979
0 0.469946 0.758588 0.023584 0.032072
0 0.625608 0.609216 0.02223 0.032992
0 0.608592 0.630062 0.023246 0.02703
0 0.591408 0.64976 0.021892 0.03069
0 0.575062 0.669236 0.020892 0.03115
0 0.557716 0.689394 0.02257 0.02841
0 0.540192 0.70795 0.02257 0.02795
0 0.522838 0.728336 0.021554 0.02931
0 0.505654 0.749644 0.021554 0.02979
0 0.488976 0.769812 0.021892 0.02795
0 0.716738 0.538662 0.020554 0.02933
0 0.7378 0.552626 0.019538 0.03161
0 0.757846 0.56272 0.020554 0.02795
0 0.698892 0.560418 0.020554 0.031632
0 0.680524 0.581266 0.022924 0.03023
0 0.663508 0.602344 0.0192 0.02841
0 0.64667 0.62273 0.023924 0.02705
0 0.629984 0.641056 0.020216 0.02613
0 0.610776 0.660984 0.021554 0.02749
0 0.595954 0.682752 0.019538 0.02977
0 0.71877 0.572782 0.021908 0.02703
0 0.702576 0.591098 0.019924 0.027008
0 0.68443 0.613744 0.021292 0.026486
0 0.666538 0.633724 0.020554 0.02887
0 0.648362 0.653922 0.019184 0.024372
0 0.63117 0.672678 0.020554 0.02795
0 0.613476 0.693284 0.020216 0.026108
0 0.5776 0.699016 0.020554 0.02749
0 0.5594 0.720094 0.020554 0.02931
0 0.542884 0.741402 0.021892 0.02979
0 0.524862 0.761318 0.02157 0.02749
0 0.508524 0.781026 0.02123 0.02841
0 0.453762 0.775534 0.023584 0.02931
0 0.471462 0.789958 0.0192 0.02703
0 0.43473 0.79409 0.023246 0.02613
0 0.419062 0.816308 0.020892 0.02659
0 0.597808 0.713912 0.019892 0.02887
0 0.580792 0.733608 0.020876 0.02885
0 0.561584 0.753996 0.020892 0.02841
0 0.544738 0.774164 0.020892 0.02749
0 0.739316 0.583556 0.017862 0.024728
0 0.721292 0.602112 0.019538 0.02703
0 0.704954 0.62295 0.020554 0.02749
0 0.688438 0.643118 0.023246 0.02841
0 0.66923 0.663964 0.020554 0.02885
0 0.650846 0.68227 0.0188 0.025168
0 0.633184 0.703828 0.020554 0.02887
0 0.617692 0.724216 0.020554 0.024748
0 0.599324 0.743912 0.020892 0.02749
0 0.58197 0.76431 0.021908 0.02887
0 0.564454 0.786298 0.023246 0.030712
0 0.741324 0.613106 0.01923 0.02977
0 0.7245 0.635356 0.021924 0.028452
0 0.707662 0.65387 0.022616 0.025146
0 0.689284 0.676338 0.024938 0.02795
0 0.67193 0.696956 0.019216 0.02521
0 0.653738 0.717574 0.023262 0.02979
0 0.635208 0.73659 0.02257 0.02841
0 0.61987 0.756516 0.023584 0.02977
0 0.601684 0.776224 0.02223 0.03069
0 0.58467 0.79523 0.023246 0.033892
0 0.903908 0.397082 0.019538 0.03023
0 0.923954 0.406244 0.025938 0.032072
0 0.944846 0.385618 0.02123 0.032072
0 0.946024 0.4209 0.022908 0.02933
0 0.967284 0.433944 0.024324 0.036172
0 0.905762 0.431444 0.023246 0.031172
0 0.927162 0.441528 0.023584 0.030252
0 0.887062 0.45252 0.024924 0.03023
0 0.868192 0.472908 0.024262 0.030712
0 0.850338 0.493294 0.0256 0.032072
0 0.831808 0.512992 0.025616 0.02841
0 0.813784 0.53385 0.02123 0.02887
0 0.7747 0.541862 0.025276 0.030252
0 0.7966 0.556298 0.027292 0.034352
0 0.778738 0.575994 0.025262 0.02977
0 0.759708 0.59615 0.020892 0.02795
0 0.9499 0.453442 0.021892 0.03115
0 0.9307 0.474508 0.02257 0.03115
0 0.908962 0.463064 0.024938 0.03115
0 0.8906 0.483212 0.025938 0.032072
0 0.872576 0.503368 0.022908 0.02841
0 0.854216 0.523536 0.019876 0.02933
0 0.83467 0.547134 0.023246 0.02979
0 0.817824 0.56752 0.021216 0.02751
0 0.79877 0.585576 0.020862 0.027846
0 0.800292 0.616318 0.023908 0.026108
0 0.744716 0.64908 0.023246 0.02841
0 0.726684 0.668546 0.022908 0.02885
0 0.710008 0.689394 0.02257 0.02933
0 0.692654 0.71002 0.021554 0.02841
0 0.911492 0.493756 0.02123 0.02931
0 0.892624 0.516664 0.021892 0.02931
0 0.8751 0.53843 0.023246 0.02795
0 0.85657 0.559958 0.022584 0.02887
0 0.838546 0.578514 0.02223 0.02933
0 0.820016 0.598902 0.022246 0.02977
0 0.970916 0.465104 0.021646 0.030754
0 0.951324 0.486318 0.021446 0.027574
0 0.972476 0.499184 0.02203 0.028368
0 0.932216 0.507668 0.020276 0.027846
0 0.914076 0.527814 0.020276 0.0268
0 0.953654 0.520126 0.018324 0.025732
0 0.934254 0.540544 0.018908 0.026778
0 0.895362 0.549288 0.019492 0.024644
0 0.878008 0.571172 0.021062 0.025984
0 0.9753 0.530868 0.021062 0.02864
0 0.916808 0.561224 0.02223 0.027302
0 0.897792 0.582698 0.021246 0.027322
0 0.956092 0.551946 0.0232 0.028912
0 0.977738 0.565334 0.020862 0.027574
0 0.858408 0.592908 0.020076 0.027574
0 0.938446 0.573148 0.020276 0.025712
0 0.9597 0.586402 0.021062 0.026778
0 0.919238 0.593306 0.020476 0.028368
0 0.981246 0.598472 0.020092 0.028118
0 0.9403 0.605774 0.020476 0.028368
0 0.961362 0.614916 0.022046 0.03021
0 0.880146 0.60113 0.02223 0.030754
0 0.84047 0.609612 0.022416 0.032866
0 0.983684 0.63069 0.02183 0.031548
0 0.96487 0.650712 0.022416 0.02862
0 0.9443 0.639174 0.021462 0.032072
0 0.923046 0.626976 0.022216 0.031026
0 0.901208 0.613986 0.02223 0.02839
0 0.882976 0.635994 0.021646 0.02998
0 0.860262 0.6234 0.018338 0.029184
0 0.904138 0.647396 0.019108 0.029436
0 0.924316 0.65999 0.020476 0.03023
0 0.86387 0.655618 0.022046 0.032072
0 0.842908 0.644216 0.022216 0.033158
0 0.886192 0.668212 0.02223 0.03182
0 0.80417 0.650826 0.02037 0.033662
0 0.826 0.663034 0.022308 0.03431
0 0.823092 0.630052 0.023292 0.030356
0 0.78767 0.670292 0.020384 0.030334
0 0.76923 0.691736 0.02523 0.031004
0 0.747884 0.68183 0.024262 0.032322
0 0.731146 0.700962 0.02377 0.031004
0 0.674746 0.727856 0.019092 0.026716
0 0.65817 0.749236 0.022462 0.029016
0 0.639784 0.769466 0.020492 0.026716
0 0.751254 0.711434 0.020508 0.031318
0 0.712362 0.721936 0.020784 0.030146
0 0.80727 0.685094 0.020784 0.028264
0 0.789438 0.704948 0.018816 0.02977
0 0.771754 0.724802 0.02443 0.032824
0 0.733146 0.733002 0.02303 0.031694
0 0.695384 0.742552 0.022184 0.032468
0 0.678246 0.761842 0.020492 0.030544
0 0.659162 0.78226 0.023862 0.03092
0 0.642738 0.801162 0.022462 0.028264
0 0.621954 0.789132 0.02077 0.027092
0 0.605816 0.808598 0.022184 0.030168
0 0.907084 0.680502 0.023862 0.030544
0 0.888692 0.702082 0.02077 0.030942
0 0.868476 0.686998 0.022462 0.025962
0 0.846438 0.677646 0.021062 0.031694
0 0.8279 0.697312 0.025554 0.031318
0 0.810638 0.717928 0.024138 0.030544
0 0.793092 0.736632 0.022738 0.030544
0 0.773154 0.75706 0.023876 0.032448
0 0.754062 0.744278 0.022738 0.032072
0 0.715592 0.75229 0.023308 0.029016
0 0.73623 0.766224 0.021908 0.02864
0 0.71827 0.785116 0.023584 0.035126
0 0.696784 0.771946 0.022184 0.03092
0 0.6812 0.79295 0.022462 0.03092
0 0.66267 0.812616 0.021892 0.02749
0 0.624062 0.81795 0.02163 0.030544
0 0.645684 0.831706 0.021062 0.032824
0 0.700154 0.806694 0.022184 0.032468
0 0.682884 0.825596 0.024138 0.02977
0 0.66463 0.8443 0.022462 0.032072
0 0.75617 0.777102 0.025262 0.031318
0 0.7389 0.798106 0.022754 0.032824
0 0.72093 0.818148 0.023862 0.027888
0 0.704638 0.838766 0.023308 0.033222
0 0.686254 0.858808 0.024138 0.02749
0 0.849246 0.70839 0.022738 0.030544
0 0.868754 0.72022 0.024708 0.031318
0 0.830008 0.729194 0.02303 0.02864
0 0.813308 0.749612 0.02443 0.032824
0 0.793792 0.76909 0.023584 0.032824
0 0.778492 0.788368 0.022184 0.029414
0 0.759816 0.8107 0.021908 0.029016
0 0.74073 0.830366 0.021338 0.029394
0 0.7243 0.850606 0.02217 0.032468
0 0.70703 0.868934 0.021908 0.03092
0 0.367716 0.841066 0.023308 0.033222
0 0.3868 0.85271 0.02443 0.040482
0 0.403654 0.832468 0.01937 0.032092
0 0.371646 0.8718 0.020492 0.031298
0 0.35423 0.892992 0.020492 0.030168
0 0.4914 0.799822 0.022462 0.030146
0 0.453908 0.807834 0.022184 0.02864
0 0.438046 0.826746 0.02077 0.032072
0 0.421484 0.846778 0.020784 0.027112
0 0.4059 0.86454 0.01937 0.02979
0 0.38723 0.88612 0.020216 0.025586
0 0.371784 0.902532 0.02077 0.02862
0 0.354516 0.923336 0.021616 0.029016
0 0.474408 0.819488 0.019924 0.028264
0 0.459392 0.838766 0.021338 0.033222
0 0.44113 0.85614 0.023584 0.032824
0 0.424846 0.878284 0.020216 0.028242
0 0.408562 0.896234 0.021892 0.030544
0 0.39003 0.9159 0.023016 0.03092
0 0.374584 0.936318 0.020216 0.02749
0 0.357746 0.95522 0.023584 0.030942
0 0.527754 0.79181 0.02443 0.029394
0 0.511608 0.811852 0.021338 0.028264
0 0.494484 0.830178 0.021892 0.02521
0 0.477354 0.850418 0.021908 0.030544
0 0.459384 0.870272 0.021908 0.026736
0 0.4424 0.890314 0.022738 0.02862
0 0.426392 0.909404 0.021062 0.027888
0 0.409108 0.926392 0.022984 0.026716
0 0.393546 0.94796 0.023862 0.032448
0 0.377116 0.966862 0.020784 0.033598
0 0.547408 0.805366 0.020508 0.029016
0 0.531546 0.825972 0.02303 0.02977
0 0.514276 0.844498 0.021046 0.030168
0 0.497292 0.863012 0.021908 0.028242
0 0.567846 0.816434 0.023446 0.03023
0 0.550454 0.836224 0.02183 0.03023
0 0.534084 0.856014 0.02223 0.029142
0 0.515484 0.875806 0.024662 0.034624
0 0.480308 0.882134 0.023046 0.031882
0 0.464538 0.900544 0.023846 0.028034
0 0.446338 0.919508 0.020616 0.029686
0 0.428354 0.939854 0.022646 0.031882
0 0.412176 0.959654 0.024262 0.031904
0 0.396608 0.977792 0.024662 0.032992
0 0.498708 0.892856 0.022646 0.03023
0 0.48293 0.912374 0.026692 0.03408
0 0.464738 0.93272 0.023446 0.030794
0 0.44857 0.951956 0.025076 0.031904
0 0.432792 0.969278 0.024262 0.032448
0 0.586584 0.827124 0.020554 0.03115
0 0.569908 0.848662 0.018862 0.02749
0 0.55357 0.867438 0.021908 0.02931
0 0.520046 0.906842 0.020892 0.02657
0 0.502524 0.925168 0.022246 0.02933
0 0.485846 0.944634 0.020554 0.03161
0 0.606808 0.839948 0.02257 0.03023
0 0.626846 0.852092 0.019538 0.03251
0 0.648416 0.864696 0.022924 0.033912
0 0.667954 0.87683 0.018862 0.02977
0 0.688338 0.889424 0.020554 0.032072
0 0.588776 0.860564 0.022908 0.034812
0 0.610338 0.87317 0.02157 0.032532
0 0.6314 0.884844 0.02123 0.032072
0 0.651276 0.896078 0.025262 0.034372
0 0.672 0.908672 0.022246 0.032992
0 0.573108 0.879122 0.020554 0.03343
0 0.554246 0.899748 0.02123 0.02795
0 0.558616 0.93227 0.019876 0.03069
0 0.520716 0.939142 0.019554 0.02887
0 0.542284 0.950596 0.023584 0.032532
0 0.505554 0.956558 0.020892 0.02977
0 0.468324 0.964572 0.022584 0.02839
0 0.451984 0.984958 0.020216 0.02703
0 0.57547 0.911422 0.021216 0.030252
0 0.591646 0.893326 0.0192 0.02795
0 0.524254 0.970074 0.021216 0.02931
0 0.487362 0.975116 0.020876 0.03023
0 0.946692 0.671664 0.026276 0.034624
0 0.927684 0.69228 0.026292 0.0341
0 0.9101 0.712344 0.024262 0.035732
0 0.891092 0.734884 0.025876 0.033536
0 0.96893 0.685136 0.027092 0.031904
0 0.949924 0.706852 0.023846 0.034624
0 0.931524 0.72637 0.025076 0.032992
0 0.912116 0.745346 0.025062 0.036842
0 0.970746 0.717574 0.025062 0.029708
0 0.951338 0.7382 0.024246 0.031338
0 0.934154 0.758808 0.023846 0.03297
0 0.974176 0.750836 0.027092 0.031338
0 0.95437 0.76953 0.024676 0.033536
0 0.978424 0.78273 0.026692 0.037928
0 0.61317 0.904174 0.020892 0.03115
0 0.595808 0.924342 0.023246 0.032072
0 0.578454 0.944038 0.023584 0.02841
0 0.561276 0.962824 0.022246 0.02933
0 0.543084 0.982302 0.022908 0.02887
0 0.632876 0.917468 0.021908 0.02933
0 0.615184 0.937616 0.0256 0.02841
0 0.59817 0.958462 0.025938 0.03069
0 0.579638 0.973128 0.025954 0.035292
0 0.652246 0.928922 0.024924 0.033912
0 0.634724 0.947248 0.026276 0.032072
0 0.617546 0.968546 0.024938 0.03161
0 0.780616 0.821244 0.02157 0.034832
0 0.761916 0.843692 0.0246 0.03023
0 0.743392 0.860188 0.023246 0.030252
0 0.915392 0.77909 0.020876 0.032072
0 0.896354 0.798798 0.022584 0.032992
0 0.857776 0.80682 0.022908 0.035272
0 0.838908 0.827208 0.020892 0.032072
0 0.799992 0.83476 0.021892 0.03161
0 0.821224 0.845994 0.02257 0.03115
0 0.784492 0.853546 0.020554 0.02977
0 0.935776 0.789864 0.021892 0.035292
0 0.959024 0.803838 0.023924 0.033912
0 0.980084 0.816214 0.023584 0.02933
0 0.918592 0.812082 0.02257 0.03115
0 0.878838 0.818504 0.025276 0.032992
0 0.85913 0.840482 0.023584 0.02841
0 0.900062 0.831788 0.021908 0.032072
0 0.88187 0.852396 0.025276 0.032992
0 0.939824 0.822626 0.0246 0.03115
0 0.920616 0.843232 0.023262 0.03115
0 0.961216 0.8343 0.02157 0.032532
0 0.982438 0.847584 0.023584 0.032532
0 0.904108 0.862248 0.022584 0.033452
0 0.951946 0.955492 0.023924 0.035754
0 0.974354 0.969006 0.02157 0.038012
0 0.907138 0.896162 0.022584 0.035292
0 0.802862 0.86524 0.020892 0.032072
0 0.765462 0.875314 0.02157 0.030252
0 0.82543 0.881726 0.024246 0.033912
0 0.84127 0.859048 0.023584 0.03161
0 0.883884 0.883556 0.023924 0.034812
0 0.864684 0.871412 0.021216 0.033452
0 0.846492 0.889278 0.021908 0.03161
0 0.78533 0.888598 0.023584 0.030252
0 0.867208 0.902344 0.022908 0.03297
0 0.806392 0.898222 0.023246 0.030252
0 0.887592 0.916778 0.021892 0.030712
0 0.827116 0.911506 0.022908 0.032092
0 0.848516 0.92365 0.023246 0.038934
0 0.9073 0.928922 0.023584 0.03115
0 0.869408 0.936936 0.023924 0.03161
0 0.912024 0.962594 0.025616 0.034352
0 0.892316 0.9493 0.023924 0.032532
0 0.727554 0.880346 0.021908 0.033912
0 0.708854 0.903034 0.024262 0.030712
0 0.7471 0.89318 0.023924 0.031172
0 0.690824 0.9225 0.0246 0.03023
0 0.729408 0.915858 0.024938 0.030712
0 0.933924 0.97772 0.022924 0.038034
0 0.767476 0.905554 0.020216 0.032992
0 0.75063 0.927082 0.02157 0.02931
0 0.711884 0.933724 0.021554 0.02979
0 0.789884 0.9193 0.021892 0.032072
0 0.770684 0.938766 0.023924 0.02979
0 0.732608 0.946328 0.02257 0.035754
0 0.809084 0.931664 0.023246 0.03115
0 0.791238 0.95206 0.023924 0.032532
0 0.752824 0.959382 0.023246 0.03069
0 0.829646 0.944268 0.020554 0.02979
0 0.852046 0.955942 0.0256 0.036652
0 0.81263 0.963964 0.022246 0.033452
0 0.773716 0.971078 0.02257 0.032072
0 0.873446 0.970388 0.022584 0.033452
0 0.673984 0.942208 0.026616 0.02931
0 0.656962 0.961224 0.02223 0.033452
0 0.63877 0.9784 0.022924 0.03115
0 0.674824 0.973818 0.024938 0.033912
0 0.69403 0.95297 0.022246 0.03343
0 0.834192 0.976558 0.024938 0.032072
0 0.894838 0.98252 0.022908 0.032992
0 0.715424 0.966716 0.023246 0.031632
0 0.696054 0.983672 0.022908 0.032532
