0 0.10902400000000001 0.860252 0.02263 0.032426
0 0.149254 0.85091 0.024662 0.033536
0 0.131054 0.871244 0.027092 0.034624
0 0.11063800000000001 0.889938 0.023462 0.034644
0 0.0900160000000001 0.879226 0.023446 0.035188
0 0.09325399999999995 0.914404 0.023462 0.029686
0 0.09649200000000002 0.946842 0.025876 0.03297
0 0.15471600000000008 0.882782 0.024262 0.031338
0 0.13267600000000002 0.90478 0.023846 0.029142
0 0.11528399999999994 0.927594 0.027092 0.035188
0 0.13712400000000002 0.936946 0.023846 0.030794
0 0.11872400000000005 0.959488 0.026676 0.037384
0 0.15633000000000008 0.9166 0.02103 0.032992
0 0.15511600000000003 0.95069 0.0178 0.03297
0 0.14137 0.971308 0.026676 0.033536
0 0.09972399999999992 0.978462 0.025876 0.037928
0 0.010723999999999956 0.457562 0.020216 0.03023
0 0.03194600000000003 0.468326 0.019554 0.034352
0 0.05418400000000001 0.4807 0.022246 0.032532
0 0.05704599999999993 0.514372 0.02123 0.030252
0 0.08012400000000008 0.527668 0.026276 0.03115
0 0.013616000000000072 0.490168 0.02243 0.027322
0 0.035754000000000064 0.50157 0.020276 0.025188
0 0.01692999999999989 0.524236 0.020476 0.028096
0 0.037992000000000026 0.536298 0.021646 0.028368
0 0.060124000000000066 0.547438 0.020676 0.027846
0 0.08089199999999996 0.56069 0.020862 0.027322
0 0.019176000000000082 0.55499 0.02183 0.028096
0 0.04062399999999999 0.570104 0.019492 0.025984
0 0.06197600000000003 0.580972 0.020476 0.02705
0 0.08420000000000005 0.594362 0.019692 0.028892
0 0.043446000000000096 0.599802 0.02243 0.032364
0 0.020829999999999904 0.588264 0.020092 0.029958
0 0.06577600000000006 0.61385 0.02223 0.027574
0 0.10672400000000004 0.605638 0.024954 0.031276
0 0.08702999999999994 0.62499 0.021846 0.028096
0 0.023854000000000042 0.621014 0.023 0.036046
0 0.045692000000000066 0.633608 0.022216 0.028892
0 0.027854000000000045 0.655742 0.021246 0.029686
0 0.06798400000000004 0.646914 0.023046 0.033536
0 0.050999999999999934 0.667542 0.023046 0.032992
0 0.10902400000000001 0.636758 0.02183 0.035188
0 0.09022400000000008 0.659288 0.027092 0.030794
0 0.0706 0.679686 0.023416 0.033096
0 0.05302399999999996 0.698326 0.024662 0.0341
0 0.03119200000000011 0.690356 0.024662 0.035732
0 0.11246200000000006 0.669738 0.025476 0.037384
0 0.12964599999999993 0.651046 0.022646 0.031882
0 0.13490000000000002 0.68157 0.025062 0.035732
0 0.09284599999999998 0.690356 0.023446 0.031338
0 0.11509199999999997 0.70521 0.023446 0.031338
0 0.074654 0.71317 0.025062 0.029686
0 0.096692 0.723336 0.022246 0.033536
0 0.139146 0.717846 0.023862 0.032426
0 0.11892400000000003 0.739572 0.023046 0.032992
0 0.056869999999999976 0.733514 0.02183 0.035188
0 0.03321599999999991 0.71977 0.025476 0.031882
0 0.07768400000000009 0.746434 0.02223 0.032448
0 0.10072999999999999 0.758808 0.023862 0.03297
0 0.14137 0.753044 0.025876 0.029142
0 0.12336999999999998 0.771454 0.023046 0.032992
0 0.14480000000000004 0.784382 0.025476 0.033536
0 0.015624000000000082 0.741486 0.025062 0.035732
0 0.03806200000000004 0.753588 0.023046 0.033536
0 0.10316199999999998 0.7907 0.02143 0.037384
0 0.08213000000000004 0.780806 0.027092 0.036298
0 0.05909199999999992 0.768158 0.023046 0.030794
0 0.12539199999999995 0.803336 0.02143 0.037384
0 0.018661999999999956 0.776674 0.026276 0.032426
0 0.14722999999999997 0.81819 0.026276 0.031904
0 0.1068 0.824508 0.023846 0.034624
0 0.08334599999999992 0.81297 0.026292 0.034644
0 0.12863000000000002 0.838254 0.024676 0.034624
0 0.08678399999999997 0.84568 0.024246 0.038472
0 0.03988400000000003 0.788504 0.023462 0.032992
0 0.020675999999999917 0.809122 0.026276 0.034644
0 0.04231600000000002 0.821486 0.02183 0.031882
0 0.06535399999999991 0.831664 0.025876 0.032448
0 0.02371600000000007 0.840712 0.02663 0.036192
0 0.03601600000000005 0.973128 0.0256 0.034372
0 0.014283999999999963 0.959152 0.0246 0.034832
