0 0.264317 0.869109 0.049650 0.040281
0 0.355008 0.833200 0.046617 0.039900
0 0.443171 0.796531 0.043575 0.038000
0 0.367679 0.673784 0.043575 0.034206
0 0.449758 0.716347 0.045600 0.035719
0 0.570604 0.681384 0.046108 0.035719
0 0.751238 0.689556 0.044592 0.037625
0 0.842187 0.735347 0.047125 0.037244
0 0.750733 0.771069 0.049650 0.037237
0 0.841175 0.817237 0.047117 0.036863
0 0.747183 0.852959 0.051683 0.034581
0 0.656233 0.806028 0.049150 0.035719
0 0.566562 0.760234 0.049125 0.038381
0 0.659529 0.726225 0.042558 0.038000
0 0.843708 0.897422 0.047117 0.035344
0 0.742625 0.933903 0.047633 0.039144
0 0.650913 0.970006 0.051675 0.037625
0 0.561483 0.923262 0.049150 0.037625
0 0.651917 0.889062 0.048667 0.037625
0 0.562750 0.843081 0.045600 0.036100
0 0.438867 0.879181 0.042050 0.037625
0 0.436079 0.959934 0.044592 0.035719
0 0.348158 0.914712 0.041017 0.035725
0 0.342346 0.989956 0.043575 0.019763
0 0.255700 0.950812 0.042567 0.034963
0 0.168300 0.903313 0.044083 0.039525
0 0.051508 0.896091 0.040533 0.032681
0 0.043654 0.977984 0.043075 0.034581
0 0.160192 0.983494 0.044083 0.031162
0 0.035292 0.259191 0.040533 0.029644
0 0.121683 0.227841 0.040033 0.031544
0 0.230875 0.229359 0.042567 0.033056
0 0.315746 0.193256 0.042058 0.033063
0 0.026429 0.329303 0.042058 0.030781
0 0.113321 0.296053 0.042558 0.031919
0 0.224287 0.298144 0.040542 0.032300
0 0.310929 0.264509 0.042558 0.032681
0 0.399346 0.231450 0.044075 0.031925
0 0.485987 0.198578 0.046108 0.033819
0 0.593154 0.236394 0.043575 0.031913
0 0.682837 0.199338 0.044592 0.033825
0 0.480417 0.268309 0.043067 0.031919
0 0.768212 0.236581 0.045092 0.036100
0 0.680304 0.273059 0.043575 0.030781
0 0.589608 0.305172 0.046617 0.034206
0 0.473579 0.340325 0.043575 0.029262
0 0.392504 0.300991 0.042558 0.032681
0 0.677512 0.345263 0.046108 0.033825
0 0.766437 0.309353 0.047625 0.033444
0 0.044150 0.191166 0.042033 0.028881
0 0.021358 0.400556 0.042050 0.033438
0 0.105721 0.367116 0.043575 0.033444
0 0.219475 0.370153 0.042050 0.031919
0 0.302317 0.336331 0.042567 0.030400
0 0.387946 0.374525 0.043575 0.031538
0 0.586313 0.378894 0.044075 0.031163
0 0.761879 0.382316 0.046608 0.035719
0 0.853842 0.349444 0.047117 0.033825
0 0.850042 0.421075 0.047633 0.034963
0 0.757321 0.457938 0.047625 0.035725
0 0.846996 0.498597 0.048658 0.035719
0 0.671942 0.420316 0.043067 0.034956
0 0.578963 0.453184 0.043575 0.034581
0 0.667637 0.491950 0.043575 0.036100
0 0.756054 0.534887 0.047125 0.036862
0 0.848017 0.575362 0.056750 0.038762
0 0.672700 0.571372 0.060800 0.038381
0 0.753521 0.610322 0.050158 0.035719
0 0.845229 0.654406 0.051175 0.034200
0 0.663329 0.644144 0.048142 0.037238
0 0.573396 0.602909 0.048642 0.038381
0 0.579217 0.527859 0.049150 0.037244
0 0.464454 0.485866 0.044592 0.034581
0 0.468508 0.414425 0.041550 0.031537
0 0.381358 0.448247 0.041550 0.032306
0 0.300037 0.408534 0.046108 0.033444
0 0.211875 0.442547 0.044083 0.034581
0 0.292437 0.483019 0.046108 0.034200
0 0.376042 0.520641 0.044083 0.033444
0 0.459392 0.560353 0.050667 0.034581
0 0.456092 0.638066 0.043067 0.036481
0 0.373758 0.596831 0.046617 0.037625
0 0.288129 0.554459 0.040542 0.033444
0 0.205283 0.517788 0.043067 0.036100
0 0.092042 0.511141 0.046617 0.037244
0 0.018067 0.472378 0.035467 0.034206
0 0.013254 0.545719 0.025842 0.034200
0 0.084192 0.587331 0.044083 0.035337
0 0.198446 0.590753 0.045608 0.033819
0 0.281542 0.630463 0.046617 0.034963
0 0.191604 0.666562 0.041042 0.031163
0 0.076083 0.660863 0.043067 0.034962
0 0.067212 0.740287 0.044575 0.037237
0 0.060625 0.816669 0.045600 0.037237
0 0.182992 0.744466 0.044083 0.036481
0 0.275971 0.709316 0.042558 0.036106
0 0.175646 0.824459 0.045608 0.041419
0 0.266342 0.788359 0.042567 0.039144
0 0.359571 0.752638 0.048642 0.039900
