0 0.671984 0.536079 0.022612 0.030548
0 0.658391 0.560522 0.026335 0.029195
0 0.642367 0.582928 0.022886 0.027842
0 0.628059 0.607209 0.024603 0.028185
0 0.611320 0.631644 0.024892 0.027500
0 0.597157 0.655591 0.023463 0.028510
0 0.580137 0.679187 0.024892 0.029538
0 0.565260 0.705154 0.026046 0.030548
0 0.570411 0.842997 0.022612 0.027842
0 0.554242 0.868801 0.023463 0.027842
0 0.693442 0.689366 0.022612 0.028185
0 0.679278 0.712620 0.020029 0.027158
0 0.663254 0.738262 0.021746 0.029538
0 0.647951 0.763048 0.020895 0.027500
0 0.633781 0.786978 0.022886 0.028510
0 0.619048 0.811087 0.022597 0.029880
0 0.603600 0.837397 0.022612 0.027500
0 0.587006 0.862517 0.021457 0.026815
0 0.710895 0.710420 0.022597 0.026832
0 0.695592 0.734187 0.021169 0.026832
0 0.679993 0.757783 0.020880 0.026490
0 0.763564 0.528878 0.023175 0.029538
0 0.749834 0.551969 0.024892 0.027500
0 0.735527 0.575565 0.023175 0.027158
0 0.721508 0.598305 0.020880 0.027842
0 0.706198 0.622243 0.021746 0.028185
0 0.692179 0.645505 0.020606 0.027175
0 0.676869 0.669615 0.019740 0.025805
0 0.792893 0.527346 0.022900 0.027158
0 0.779300 0.550950 0.021457 0.026147
0 0.765000 0.572166 0.020880 0.026490
0 0.751407 0.595420 0.021746 0.029538
0 0.738102 0.618682 0.021457 0.028527
0 0.722222 0.641601 0.022309 0.028853
0 0.708059 0.665188 0.022612 0.027842
0 0.821364 0.525822 0.022035 0.027500
0 0.808773 0.547217 0.023175 0.026832
0 0.794610 0.569957 0.021169 0.026147
0 0.780022 0.591515 0.021746 0.029880
0 0.765426 0.615283 0.020606 0.026490
0 0.752691 0.639058 0.020880 0.027842
0 0.738247 0.663493 0.022323 0.027842
0 0.724228 0.685736 0.022886 0.028185
0 0.850548 0.523108 0.022597 0.028168
0 0.836522 0.545009 0.020317 0.025805
0 0.823506 0.568262 0.020606 0.026147
0 0.809055 0.590505 0.021457 0.025805
0 0.796753 0.612911 0.020317 0.027158
0 0.781306 0.636678 0.020880 0.027842
0 0.877583 0.521747 0.022323 0.028185
0 0.865570 0.543818 0.022886 0.028185
0 0.850685 0.566062 0.021746 0.028527
0 0.837525 0.588125 0.021746 0.029195
0 0.824942 0.611045 0.021169 0.026130
0 0.811349 0.632603 0.021457 0.026473
0 0.797619 0.657046 0.020317 0.025120
0 0.768001 0.658579 0.020014 0.026815
0 0.753983 0.683185 0.020029 0.027158
0 0.739105 0.705771 0.021183 0.026815
0 0.725794 0.730385 0.021457 0.025120
0 0.710924 0.754144 0.020895 0.027158
0 0.783167 0.678604 0.021746 0.028168
0 0.770577 0.702029 0.022309 0.030223
0 0.756126 0.727491 0.020880 0.030223
0 0.742395 0.749906 0.020317 0.026832
0 0.904906 0.519033 0.022597 0.028168
0 0.891890 0.541438 0.020029 0.028185
0 0.879805 0.561361 0.018167 0.027962
0 0.866003 0.585257 0.021212 0.026712
0 0.853232 0.607346 0.020491 0.027740
0 0.931558 0.517783 0.022655 0.027346
0 0.919235 0.539118 0.022251 0.025223
0 0.958377 0.515779 0.023449 0.031353
0 0.945563 0.537705 0.022843 0.026644
0 0.873766 0.752894 0.020029 0.026712
0 0.901162 0.748476 0.020534 0.026918
0 0.786999 0.764683 0.018384 0.025531
0 0.665361 0.781747 0.020159 0.031096
0 0.696941 0.776815 0.021818 0.029555
0 0.728016 0.773853 0.021198 0.027158
0 0.757937 0.770514 0.019942 0.026884
0 0.650296 0.806772 0.021198 0.027825
0 0.636169 0.832671 0.021602 0.027363
0 0.621515 0.857192 0.023059 0.029075
0 0.605830 0.882731 0.023261 0.029332
0 0.682504 0.801473 0.024113 0.029075
0 0.667237 0.826618 0.022237 0.028579
0 0.652273 0.852389 0.021400 0.027825
0 0.637619 0.876447 0.022020 0.027620
0 0.622251 0.902457 0.024935 0.029846
0 0.713571 0.796798 0.020563 0.025651
0 0.699127 0.822072 0.021602 0.026370
0 0.684170 0.846361 0.022020 0.028099
0 0.668579 0.872740 0.022439 0.026130
0 0.654242 0.896507 0.022020 0.026884
0 0.640014 0.922800 0.025974 0.031558
0 0.757915 0.812209 0.018658 0.024897
0 0.774141 0.789264 0.023261 0.028322
0 0.803023 0.784084 0.022035 0.027825
0 0.832013 0.780522 0.020159 0.026627
0 0.887597 0.771250 0.019524 0.026370
0 0.861003 0.775591 0.022439 0.027620
0 0.902973 0.791481 0.021616 0.027894
0 0.874401 0.795693 0.021818 0.027860
0 0.846760 0.799110 0.021400 0.025890
0 0.729365 0.818373 0.020981 0.028836
0 0.714300 0.842166 0.020779 0.026627
0 0.700058 0.867072 0.021818 0.029110
0 0.686349 0.892226 0.020577 0.026130
0 0.790455 0.807997 0.020563 0.026849
0 0.819336 0.804298 0.022222 0.027397
0 0.834719 0.822166 0.021818 0.027620
0 0.862244 0.818236 0.021198 0.027158
0 0.745671 0.837329 0.020779 0.024418
0 0.775180 0.832295 0.021183 0.026164
0 0.805722 0.827603 0.022439 0.024144
0 0.393268 0.317158 0.023189 0.029589
0 0.411227 0.340830 0.023694 0.031353
0 0.447504 0.340385 0.025945 0.031661
0 0.431400 0.365111 0.026724 0.029024
0 0.703341 0.162851 0.023333 0.025565
0 0.688680 0.183091 0.022150 0.025565
0 0.673860 0.205291 0.022439 0.025205
0 0.659502 0.227483 0.023045 0.027705
0 0.646342 0.248253 0.022439 0.024486
0 0.629885 0.270616 0.023636 0.028048
0 0.615368 0.293527 0.023348 0.026267
0 0.599805 0.315890 0.020938 0.026986
0 0.584697 0.338613 0.021255 0.024863
0 0.567193 0.316250 0.023333 0.027705
0 0.552381 0.338793 0.022453 0.026627
0 0.536970 0.361164 0.023348 0.028048
0 0.567785 0.360805 0.019149 0.028767
0 0.553276 0.384606 0.021847 0.030890
0 0.519019 0.385308 0.022742 0.028048
0 0.766248 0.207046 0.021126 0.023408
0 0.794192 0.208861 0.020303 0.023750
0 0.821991 0.209195 0.019192 0.024418
0 0.849351 0.209341 0.015584 0.022072
0 0.878983 0.209007 0.020303 0.022740
0 0.709127 0.292817 0.021400 0.024743
0 0.722749 0.271541 0.021400 0.023082
0 0.736508 0.250925 0.021674 0.024075
0 0.767504 0.249769 0.021414 0.025736
0 0.956681 0.475908 0.019452 0.023425
0 0.954733 0.434991 0.021126 0.024743
0 0.941674 0.455616 0.021126 0.023082
0 0.930411 0.476892 0.019177 0.024092
0 0.952374 0.393767 0.019177 0.023425
0 0.939163 0.415531 0.020577 0.025411
0 0.927489 0.435822 0.021126 0.025068
0 0.915534 0.456764 0.019466 0.024075
0 0.903442 0.479358 0.021400 0.023750
0 0.938889 0.374795 0.019452 0.024418
0 0.924574 0.394418 0.019740 0.023425
0 0.913593 0.416027 0.020577 0.022432
0 0.903030 0.436815 0.019452 0.024418
0 0.889127 0.458579 0.022237 0.024418
0 0.752915 0.271370 0.021126 0.024075
0 0.740123 0.291995 0.023911 0.026387
0 0.725108 0.314752 0.021674 0.023750
0 0.711068 0.336695 0.021962 0.023425
0 0.696472 0.358955 0.022237 0.025068
0 0.730195 0.859914 0.018485 0.026164
0 0.716999 0.884212 0.023261 0.027363
0 0.760635 0.856841 0.020375 0.023921
0 0.790664 0.851909 0.018499 0.024401
0 0.821515 0.845711 0.022020 0.026387
0 0.847071 0.841182 0.018701 0.026130
0 0.670967 0.916259 0.021818 0.028853
0 0.701515 0.912688 0.020981 0.028596
0 0.747316 0.880771 0.023608 0.028014
0 0.777006 0.875402 0.021457 0.027449
0 0.807525 0.870308 0.022410 0.026301
0 0.835779 0.864366 0.021227 0.028562
0 0.732063 0.905959 0.019307 0.028562
0 0.766039 0.901147 0.022410 0.026301
0 0.793218 0.894640 0.021472 0.026884
0 0.528348 0.616036 0.024892 0.029538
0 0.511190 0.641507 0.024892 0.027500
0 0.495592 0.665265 0.024026 0.029538
0 0.478997 0.691404 0.025758 0.030890
0 0.462973 0.716875 0.024040 0.030223
0 0.444812 0.742671 0.024892 0.032260
0 0.427929 0.768818 0.024892 0.031575
0 0.608182 0.539144 0.023752 0.027192
0 0.593160 0.564426 0.023463 0.028853
0 0.578571 0.588536 0.026320 0.028853
0 0.561566 0.614161 0.023218 0.028493
0 0.545519 0.638613 0.024315 0.027842
0 0.530072 0.662380 0.023752 0.030548
0 0.513478 0.686824 0.023752 0.029880
0 0.497453 0.711952 0.024315 0.031233
0 0.876479 0.480848 0.021962 0.024092
0 0.480996 0.738091 0.026320 0.031901
0 0.464834 0.763390 0.027186 0.031575
0 0.639654 0.537269 0.022597 0.029538
0 0.625202 0.562046 0.023449 0.026147
0 0.611183 0.585146 0.022886 0.029538
0 0.594589 0.610257 0.025166 0.028185
0 0.579134 0.634195 0.023463 0.030548
0 0.563254 0.659324 0.024315 0.029195
0 0.547092 0.682577 0.024026 0.029538
0 0.530642 0.709058 0.023737 0.028870
0 0.515620 0.733168 0.025758 0.032260
0 0.525924 0.132526 0.023189 0.027825
0 0.559336 0.135180 0.021703 0.028408
0 0.607468 0.114332 0.021198 0.026336
0 0.592006 0.135334 0.022193 0.025736
0 0.625166 0.136961 0.021703 0.028408
0 0.510469 0.155163 0.023189 0.027517
0 0.543752 0.156635 0.020952 0.025736
0 0.494257 0.178390 0.024185 0.027808
0 0.528420 0.178973 0.021198 0.027226
0 0.561833 0.178536 0.022684 0.027517
0 0.577915 0.158416 0.021948 0.026935
0 0.609834 0.159007 0.023449 0.026336
0 0.594120 0.180000 0.022439 0.026301
0 0.579286 0.202500 0.022698 0.029281
0 0.545750 0.201764 0.022439 0.030171
0 0.513586 0.201764 0.025440 0.029007
0 0.477799 0.200574 0.024199 0.028990
0 0.442395 0.199392 0.024185 0.030188
0 0.461219 0.223801 0.021948 0.028116
0 0.496501 0.224247 0.024690 0.027808
0 0.529913 0.224692 0.023694 0.029281
0 0.514582 0.246884 0.023449 0.030479
0 0.480051 0.247329 0.023189 0.027808
0 0.443636 0.245548 0.023694 0.031370
0 0.563326 0.225428 0.023189 0.027226
0 0.548117 0.247765 0.021688 0.027517
0 0.532778 0.269812 0.023939 0.027226
0 0.498247 0.270702 0.021688 0.027226
0 0.461840 0.268930 0.021198 0.027209
0 0.446631 0.293485 0.023680 0.030188
0 0.482035 0.291712 0.024185 0.029589
0 0.516948 0.292894 0.023680 0.027808
0 0.427677 0.269075 0.025685 0.026918
0 0.411241 0.292894 0.025657 0.029589
0 0.395014 0.363467 0.026190 0.029298
0 0.414589 0.388031 0.024444 0.028699
0 0.377691 0.389358 0.024935 0.030771
0 0.359978 0.412877 0.025440 0.030479
0 0.484033 0.338613 0.023680 0.028116
0 0.467201 0.362432 0.025426 0.027808
0 0.450620 0.386841 0.028167 0.028716
0 0.433290 0.411104 0.025426 0.029880
0 0.396385 0.413176 0.025931 0.031661
0 0.380303 0.436404 0.024675 0.031370
0 0.361104 0.461259 0.026190 0.030771
0 0.362215 0.510702 0.023911 0.028938
0 0.381429 0.484777 0.023434 0.028699
0 0.398636 0.459041 0.023939 0.028699
0 0.415087 0.435522 0.023939 0.030771
0 0.400144 0.507286 0.023781 0.027003
0 0.417460 0.481515 0.024300 0.030668
0 0.434791 0.456670 0.025859 0.030051
0 0.452381 0.433990 0.019625 0.027568
0 0.467619 0.410342 0.023261 0.026986
0 0.483651 0.385805 0.026378 0.028219
0 0.501746 0.362791 0.024300 0.028836
0 0.516739 0.339786 0.024300 0.027003
0 0.533802 0.317397 0.023276 0.028836
0 0.549957 0.293442 0.023781 0.023322
0 0.565101 0.270265 0.023939 0.028750
0 0.594870 0.225702 0.025440 0.026267
0 0.656659 0.139067 0.022150 0.027688
0 0.641854 0.160017 0.024834 0.026986
0 0.626587 0.182389 0.024228 0.026284
0 0.611176 0.203159 0.021544 0.028750
0 0.686284 0.140137 0.023333 0.026267
0 0.658153 0.183099 0.022742 0.027705
0 0.644387 0.205471 0.022742 0.025565
0 0.627186 0.226772 0.022453 0.027688
0 0.614466 0.248253 0.023333 0.026644
0 0.598615 0.269906 0.024531 0.027346
0 0.582605 0.292997 0.024228 0.028048
0 0.731457 0.122003 0.018470 0.022089
0 0.718139 0.141661 0.019481 0.022945
0 0.502713 0.408741 0.024242 0.028750
0 0.486551 0.432526 0.024242 0.029469
0 0.470700 0.456318 0.024834 0.028767
0 0.453341 0.479760 0.025440 0.028767
0 0.436883 0.505505 0.027821 0.033373
0 0.536371 0.407671 0.022150 0.028048
0 0.520216 0.430402 0.022136 0.027346
0 0.505253 0.454366 0.022742 0.029829
0 0.488203 0.480283 0.023939 0.028408
0 0.471573 0.503724 0.023665 0.031250
0 0.506154 0.500882 0.023939 0.028408
0 0.522453 0.477979 0.023636 0.024486
0 0.538622 0.453125 0.022439 0.029469
0 0.555368 0.429152 0.023636 0.028408
0 0.569459 0.406575 0.020678 0.027260
0 0.584401 0.384067 0.021241 0.028408
0 0.601306 0.360634 0.023333 0.029829
0 0.616407 0.337406 0.018846 0.023134
0 0.747778 0.144015 0.023608 0.025188
0 0.733968 0.163493 0.021616 0.025171
0 0.720556 0.183682 0.021227 0.023767
0 0.705786 0.206062 0.021414 0.024075
0 0.690079 0.227329 0.022237 0.024418
0 0.676457 0.248938 0.021688 0.026062
0 0.662150 0.270548 0.021962 0.027705
0 0.646854 0.293305 0.023636 0.027055
0 0.630729 0.315077 0.020303 0.026387
0 0.776263 0.144366 0.021126 0.023425
0 0.803506 0.145360 0.019452 0.026712
0 0.763615 0.165813 0.021400 0.024092
0 0.792662 0.167295 0.019466 0.025068
0 0.820469 0.167954 0.020014 0.023750
0 0.808925 0.188074 0.020303 0.023099
0 0.779048 0.187586 0.018903 0.023425
0 0.749848 0.185599 0.020014 0.024075
0 0.835058 0.188570 0.019726 0.024092
0 0.735952 0.206224 0.021688 0.024401
0 0.722049 0.227663 0.023348 0.025086
0 0.751104 0.227997 0.021400 0.024418
0 0.780455 0.228844 0.020620 0.023476
0 0.808514 0.229777 0.020577 0.024692
0 0.838672 0.229974 0.021962 0.024401
0 0.864661 0.231293 0.020577 0.023099
0 0.707734 0.249272 0.021414 0.024092
0 0.692027 0.270548 0.020014 0.025068
0 0.677569 0.293305 0.019466 0.025068
0 0.663810 0.315248 0.021414 0.026729
0 0.648506 0.336729 0.021977 0.024829
0 0.634206 0.360283 0.021688 0.026387
0 0.665065 0.359615 0.020577 0.025736
0 0.679935 0.337680 0.021948 0.026729
0 0.694250 0.315908 0.021688 0.026712
0 0.726638 0.357800 0.022511 0.025394
0 0.740115 0.336524 0.021126 0.024418
0 0.754026 0.314914 0.023348 0.023425
0 0.768341 0.291986 0.021962 0.024418
0 0.781681 0.271216 0.023622 0.025068
0 0.794192 0.251909 0.021400 0.024092
0 0.824906 0.251584 0.021126 0.024743
0 0.852157 0.251747 0.019466 0.023082
0 0.879538 0.253390 0.018066 0.024418
0 0.810455 0.272200 0.021140 0.023750
0 0.838117 0.273022 0.020303 0.023408
0 0.867309 0.272688 0.020851 0.024075
0 0.895245 0.271704 0.023362 0.025394
0 0.797251 0.293639 0.019177 0.023750
0 0.824632 0.293313 0.020029 0.023099
0 0.854105 0.293647 0.020014 0.022432
0 0.880512 0.293151 0.020563 0.024075
0 0.909286 0.292817 0.020851 0.023408
0 0.540101 0.499820 0.021962 0.025736
0 0.556227 0.476233 0.022525 0.028048
0 0.571934 0.451002 0.021674 0.026387
0 0.573456 0.498168 0.023074 0.027705
0 0.590563 0.473759 0.023348 0.027038
0 0.587504 0.428724 0.020577 0.027380
0 0.602929 0.405642 0.023636 0.027380
0 0.619906 0.382243 0.020332 0.022808
0 0.604185 0.451010 0.022799 0.027089
0 0.620166 0.427577 0.021948 0.025736
0 0.635325 0.404658 0.021703 0.023562
0 0.649632 0.382209 0.021400 0.026062
0 0.681053 0.381233 0.021962 0.026062
0 0.667150 0.402834 0.023622 0.024401
0 0.652691 0.425762 0.021948 0.028031
0 0.638095 0.449178 0.022799 0.026062
0 0.622951 0.471772 0.023074 0.026387
0 0.606270 0.495034 0.023074 0.028699
0 0.638514 0.494375 0.022511 0.027380
0 0.653110 0.470291 0.023362 0.026712
0 0.668680 0.447697 0.022237 0.026387
0 0.682713 0.425103 0.020289 0.026062
0 0.698846 0.402509 0.021962 0.026387
0 0.712468 0.380231 0.021962 0.024743
0 0.785974 0.314452 0.020548 0.023151
0 0.770418 0.336027 0.022799 0.026712
0 0.670245 0.492209 0.023146 0.028253
0 0.683968 0.468973 0.021674 0.024075
0 0.698983 0.446704 0.021688 0.024401
0 0.712605 0.424110 0.022237 0.026062
0 0.727893 0.401678 0.020577 0.025411
0 0.741926 0.378913 0.020303 0.024743
0 0.758052 0.357971 0.021962 0.025736
0 0.701061 0.489426 0.022525 0.026729
0 0.715657 0.466661 0.021126 0.028048
0 0.729683 0.445445 0.020808 0.022432
0 0.742763 0.421807 0.020851 0.024743
0 0.756941 0.400522 0.019740 0.025736
0 0.771530 0.377594 0.021126 0.024092
0 0.785014 0.356652 0.020851 0.025736
0 0.799199 0.334221 0.020851 0.023750
0 0.812403 0.314264 0.020563 0.024075
0 0.733312 0.488271 0.022525 0.026404
0 0.744986 0.465839 0.021400 0.025719
0 0.759582 0.443579 0.021674 0.026062
0 0.773759 0.421139 0.020563 0.027380
0 0.786962 0.399863 0.018629 0.025719
0 0.800584 0.377260 0.019177 0.026062
0 0.813514 0.355993 0.019466 0.024418
0 0.827828 0.335368 0.019177 0.024743
0 0.840620 0.313930 0.020289 0.025394
0 0.761962 0.486935 0.019221 0.023733
0 0.775563 0.464024 0.023074 0.026062
0 0.789329 0.441096 0.020014 0.025068
0 0.803499 0.420642 0.022237 0.025736
0 0.815873 0.397885 0.021962 0.026387
0 0.829084 0.376772 0.022237 0.024401
0 0.842424 0.355822 0.020577 0.026062
0 0.857020 0.333887 0.021400 0.025068
0 0.868557 0.314752 0.021674 0.023750
0 0.791696 0.485634 0.020851 0.027055
0 0.804481 0.462705 0.021400 0.026062
0 0.816847 0.439777 0.019466 0.023082
0 0.831169 0.418339 0.019740 0.024418
0 0.844365 0.397551 0.022237 0.027055
0 0.857020 0.375788 0.019726 0.025068
0 0.869949 0.355488 0.023911 0.024743
0 0.883564 0.334384 0.020577 0.025411
0 0.894827 0.313596 0.019726 0.024075
0 0.818658 0.483493 0.019740 0.026712
0 0.833672 0.461884 0.018629 0.025719
0 0.846732 0.440608 0.017504 0.024743
0 0.858968 0.417346 0.020851 0.023082
0 0.871198 0.396396 0.019192 0.024743
0 0.885094 0.375779 0.019740 0.021764
0 0.897749 0.354666 0.019452 0.023750
0 0.910115 0.334546 0.020289 0.024401
0 0.923045 0.313767 0.021674 0.024418
0 0.925267 0.353348 0.019452 0.025736
0 0.847287 0.481182 0.021962 0.026062
0 0.862302 0.458913 0.022525 0.023099
0 0.871335 0.438630 0.019466 0.023425
0 0.887879 0.416687 0.022511 0.023750
0 0.899141 0.395574 0.020014 0.025086
0 0.912619 0.374957 0.019177 0.023408
0 0.556104 0.915120 0.020750 0.028014
0 0.538218 0.892774 0.021688 0.026301
0 0.607482 0.929837 0.022900 0.028579
0 0.589228 0.909461 0.023564 0.027997
0 0.572431 0.887397 0.021457 0.028562
0 0.365808 0.558116 0.025960 0.028356
0 0.402677 0.556447 0.025527 0.029914
0 0.384791 0.581070 0.024358 0.029298
0 0.366010 0.606027 0.024719 0.030308
0 0.386407 0.629007 0.025137 0.028356
0 0.369105 0.653938 0.025945 0.030308
0 0.437085 0.551764 0.026782 0.031301
0 0.421429 0.577680 0.025137 0.029332
0 0.404033 0.603759 0.023593 0.029709
0 0.472698 0.550146 0.025512 0.030565
0 0.456486 0.575180 0.025036 0.030839
0 0.440866 0.600077 0.025743 0.030839
0 0.423102 0.625967 0.023608 0.028853
0 0.406421 0.650300 0.026465 0.030565
0 0.388413 0.676755 0.024329 0.031969
0 0.508211 0.547252 0.024733 0.030976
0 0.491869 0.572628 0.024026 0.028921
0 0.475563 0.596464 0.025758 0.029332
0 0.542201 0.544940 0.024603 0.030565
0 0.525924 0.570368 0.025758 0.029195
0 0.510613 0.594469 0.023737 0.031233
0 0.495022 0.618587 0.026320 0.029195
0 0.458824 0.621798 0.022035 0.027500
0 0.442092 0.646592 0.024040 0.030205
0 0.424928 0.672226 0.025180 0.030548
0 0.407619 0.699555 0.023175 0.030890
0 0.477287 0.643870 0.023463 0.032260
0 0.460693 0.669170 0.023463 0.029195
0 0.443954 0.694461 0.023752 0.029538
0 0.425924 0.719418 0.027172 0.031918
0 0.408470 0.746233 0.026609 0.035308
0 0.575274 0.542868 0.024315 0.030565
0 0.560115 0.566807 0.026032 0.029538
0 0.544380 0.591584 0.024892 0.029538
0 0.549380 0.730111 0.024040 0.030223
0 0.533074 0.756087 0.024618 0.029880
0 0.499315 0.759307 0.024026 0.030223
0 0.703312 0.534212 0.024603 0.028870
0 0.689004 0.558827 0.023463 0.029195
0 0.674408 0.581062 0.021746 0.030205
0 0.660830 0.603981 0.024892 0.028510
0 0.644517 0.627235 0.024329 0.026147
0 0.628925 0.652705 0.022323 0.027500
0 0.613759 0.677320 0.022900 0.028510
0 0.598023 0.701764 0.022309 0.030548
0 0.583290 0.726036 0.023752 0.028168
0 0.566977 0.750993 0.024315 0.030548
0 0.732633 0.531832 0.022035 0.028870
0 0.719336 0.554589 0.022886 0.027500
0 0.705173 0.577671 0.024315 0.028870
0 0.690584 0.601781 0.021457 0.027500
0 0.675988 0.624692 0.023752 0.028527
0 0.660253 0.648116 0.022612 0.027842
0 0.645664 0.672902 0.022035 0.029195
0 0.630209 0.697012 0.022035 0.029195
0 0.615620 0.721961 0.024315 0.028168
0 0.599596 0.745899 0.023175 0.029880
0 0.585722 0.770171 0.024603 0.027500
0 0.447525 0.790548 0.024603 0.031575
0 0.483001 0.784769 0.023463 0.028853
0 0.466270 0.810745 0.024315 0.031250
0 0.517056 0.779854 0.022886 0.029880
0 0.499596 0.807012 0.020606 0.028510
0 0.484293 0.833322 0.022035 0.028185
0 0.467987 0.858793 0.024315 0.030223
0 0.551674 0.776455 0.022309 0.029212
0 0.534502 0.800899 0.022309 0.029880
0 0.519055 0.827723 0.025180 0.030548
0 0.502460 0.853022 0.022900 0.029538
0 0.568550 0.797500 0.022323 0.027158
0 0.552958 0.822628 0.023752 0.028510
0 0.536082 0.847577 0.022035 0.029538
0 0.520916 0.874914 0.022035 0.028527
0 0.661818 0.694632 0.020029 0.029195
0 0.647662 0.718057 0.023175 0.026490
0 0.631501 0.741824 0.022886 0.028510
0 0.617330 0.766781 0.023752 0.030890
0 0.602597 0.790377 0.023463 0.031233
0 0.587150 0.816344 0.024026 0.030223
0 0.907518 0.560925 0.020260 0.026404
0 0.893709 0.583091 0.020462 0.025942
0 0.880397 0.604546 0.020851 0.027346
0 0.868773 0.627663 0.024242 0.029709
0 0.840159 0.630719 0.021068 0.028288
0 0.932547 0.558099 0.021457 0.025000
0 0.960267 0.557158 0.020072 0.027808
0 0.921530 0.580497 0.020462 0.028767
0 0.947157 0.577551 0.020058 0.026644
0 0.908413 0.601241 0.021270 0.025462
0 0.933449 0.599837 0.020866 0.027346
0 0.961263 0.599366 0.021659 0.026884
0 0.895094 0.624709 0.020462 0.026644
0 0.923312 0.621875 0.021255 0.027106
0 0.948939 0.619401 0.019668 0.028767
0 0.937417 0.642389 0.022453 0.028065
0 0.825859 0.652654 0.020260 0.026404
0 0.855166 0.649469 0.018874 0.026164
0 0.882785 0.646515 0.018874 0.027825
0 0.909906 0.643810 0.021457 0.025223
0 0.811847 0.675873 0.019683 0.026644
0 0.798629 0.698741 0.020664 0.026627
0 0.785815 0.721490 0.022049 0.028767
0 0.841356 0.671978 0.022655 0.027346
0 0.869668 0.669863 0.020462 0.026884
0 0.897583 0.665616 0.023853 0.026884
0 0.924004 0.662312 0.021457 0.026404
0 0.939307 0.682003 0.025426 0.028527
0 0.827944 0.694384 0.021659 0.026404
0 0.814329 0.719375 0.020260 0.025462
0 0.771811 0.745539 0.021053 0.025942
0 0.800722 0.740711 0.021645 0.027586
0 0.855635 0.692286 0.021198 0.025736
0 0.885685 0.688348 0.024012 0.028099
0 0.912590 0.685308 0.020534 0.026712
0 0.842136 0.713699 0.020693 0.027705
0 0.830296 0.736781 0.020534 0.026336
0 0.816558 0.759966 0.019870 0.027500
0 0.872107 0.711045 0.020693 0.025925
0 0.857374 0.734067 0.017720 0.023647
0 0.844704 0.756824 0.019538 0.024366
0 0.898514 0.706918 0.020202 0.027911
0 0.925339 0.704658 0.020202 0.028082
0 0.913665 0.726670 0.021039 0.028099
0 0.886183 0.730197 0.020043 0.026524
0 0.548874 0.253116 0.024531 0.026644
0 0.429582 0.316438 0.023665 0.029795
0 0.499495 0.317003 0.023521 0.026952
0 0.465224 0.317295 0.023665 0.029110
