0 0.3655 0.24811399999999995 0.034594 0.05623
0 0.227086 0.04616599999999993 0.032484 0.064666
0 0.270704 0.1149579999999999 0.029532 0.06075
0 0.306726 0.08549000000000007 0.033328 0.062396
0 0.340844 0.054875999999999925 0.038374 0.067458
0 0.253422 0.22676000000000007 0.032906 0.059604
0 0.285656 0.20374000000000003 0.034156 0.061854
0 0.316836 0.17985399999999996 0.037546 0.060166
0 0.35307 0.15176999999999996 0.036704 0.059042
0 0.390984 0.12256200000000006 0.034156 0.063542
0 0.29661 0.2924899999999999 0.030812 0.05398
0 0.331368 0.27143800000000007 0.03039 0.057916
0 0.402554 0.22425000000000006 0.030422 0.057916
0 0.442594 0.19446800000000009 0.035438 0.06352
0 0.484726 0.16806199999999993 0.038796 0.069166
0 0.532124 0.13773999999999997 0.045124 0.073646
0 0.30525 0.37535399999999997 0.030376 0.048916
0 0.339164 0.35878199999999993 0.033328 0.05398
0 0.377086 0.3354680000000001 0.03164 0.064646
0 0.411844 0.31693799999999994 0.034594 0.060166
0 0.45229 0.2944580000000001 0.03289 0.055666
0 0.494422 0.269188 0.036282 0.060166
0 0.318304 0.459344 0.027016 0.055104
0 0.35054 0.4427700000000001 0.033328 0.057916
0 0.063656 0.12019800000000003 0.03325 0.054562
0 0.086602 0.09467800000000004 0.029484 0.053938
0 0.109352 0.07023000000000001 0.027796 0.053376
0 0.133796 0.04381199999999996 0.028656 0.056792
0 0.07757 0.19335400000000003 0.02914 0.051542
0 0.101796 0.17323 0.024218 0.053416
0 0.12304 0.15239599999999998 0.025984 0.052
0 0.146914 0.12758399999999992 0.029484 0.054834
0 0.172898 0.10325000000000006 0.030204 0.05575
0 0.19782 0.07585400000000009 0.032296 0.055292
0 0.08968 0.2698959999999999 0.024578 0.050126
0 0.11479 0.24977000000000005 0.026328 0.052958
0 0.13779 0.2333860000000001 0.025984 0.05577
0 0.16043 0.21067799999999992 0.02914 0.05248
0 0.186938 0.1884380000000001 0.030906 0.0595
0 0.212344 0.16804200000000002 0.028438 0.054416
0 0.242414 0.1395200000000001 0.028078 0.055292
0 0.124618 0.324438 0.031954 0.047792
0 0.1485 0.3089900000000001 0.03125 0.05248
0 0.172196 0.29072999999999993 0.029484 0.054334
0 0.199578 0.27248000000000006 0.0295 0.055292
0 0.115664 0.41034400000000004 0.028078 0.054812
0 0.13779 0.3965320000000001 0.024578 0.05623
0 0.16096 0.3834280000000001 0.025984 0.04873
0 0.184656 0.36633399999999994 0.023532 0.051084
0 0.209406 0.3485419999999999 0.0295 0.052
0 0.236446 0.3333219999999999 0.03089 0.054354
0 0.267344 0.3143640000000001 0.030906 0.054812
0 0.224688 0.24907199999999996 0.029844 0.05623
0 0.128516 0.4819580000000001 0.024218 0.047334
0 0.15007 0.4690939999999999 0.02739 0.050604
0 0.173594 0.45504199999999995 0.026688 0.049666
0 0.197648 0.44146799999999997 0.027734 0.050604
0 0.22293 0.42649000000000004 0.026328 0.050604
0 0.248204 0.4119679999999999 0.029844 0.054354
0 0.27664 0.394428 0.03125 0.052938
0 0.16146 0.537156 0.022078 0.045562
0 0.182898 0.5269060000000001 0.026328 0.04827
0 0.206078 0.510052 0.025626 0.051062
0 0.23311 0.497406 0.026344 0.050146
0 0.261204 0.48875 0.029844 0.04875
0 0.54839 0.893688 0.038968 0.051542
0 0.511876 0.892042 0.029844 0.052958
0 0.64179 0.9650719999999999 0.035454 0.05577
0 0.601414 0.96601 0.03336 0.05577
0 0.910242 0.873178 0.044296 0.06877
0 0.84836 0.877218 0.041876 0.06877
0 0.790718 0.8780319999999999 0.038218 0.067146
0 0.735508 0.8836980000000001 0.04186 0.067146
0 0.730352 0.793094 0.03761 0.06227
0 0.78557 0.7854159999999999 0.040046 0.066334
0 0.843218 0.7773220000000001 0.044876 0.067938
0 0.90964 0.7716559999999999 0.038218 0.06473
0 0.97546 0.7575000000000001 0.04489 0.070374
0 0.976376 0.6462699999999999 0.0455 0.066334
0 0.905688 0.66124 0.043688 0.06552
0 0.841688 0.6741779999999999 0.044282 0.063896
0 0.78104 0.687532 0.043016 0.067938
0 0.725804 0.700062 0.045516 0.063916
0 0.719132 0.600562 0.04186 0.062292
0 0.777078 0.5851980000000001 0.042468 0.06877
0 0.838352 0.567812 0.04489 0.066334
0 0.903874 0.54677 0.04975 0.072792
0 0.975164 0.41046800000000006 0.04914 0.073604
0 0.900532 0.4339280000000001 0.046718 0.07198
0 0.835618 0.4590000000000001 0.045516 0.072
0 0.772218 0.47841599999999995 0.04125 0.070374
0 0.714882 0.4998640000000001 0.037016 0.071188
0 0.707602 0.391864 0.043078 0.070396
0 0.768258 0.369626 0.044328 0.066334
0 0.829546 0.34211400000000003 0.046718 0.07602
0 0.89689 0.3129900000000001 0.051562 0.072812
0 0.973946 0.28225999999999996 0.051578 0.07927
0 0.973032 0.14877000000000007 0.050968 0.076042
0 0.897804 0.18923 0.04489 0.072792
0 0.82682 0.220364 0.048546 0.073604
0 0.765852 0.25354199999999993 0.04186 0.070376
0 0.70275 0.2822499999999999 0.044282 0.072792
0 0.896594 0.055749999999999966 0.048532 0.079292
0 0.82257 0.0974060000000001 0.04611 0.07523
0 0.757328 0.133 0.044344 0.070374
0 0.694562 0.16576999999999997 0.047312 0.0825
0 0.688492 0.0452300000000001 0.048546 0.076042
0 0.59404 0.8885419999999999 0.035454 0.063708
0 0.636704 0.883156 0.034406 0.060438
0 0.624758 0.7108760000000001 0.040016 0.066042
0 0.631078 0.798416 0.034406 0.06325
0 0.587016 0.8040320000000001 0.035468 0.060438
0 0.544532 0.808948 0.032656 0.05998
0 0.505562 0.8157399999999999 0.033344 0.057646
0 0.46975 0.8208960000000001 0.032656 0.05575
0 0.434812 0.8260419999999999 0.031594 0.05575
0 0.522946 0.555688 0.03511 0.057166
0 0.479218 0.5690839999999999 0.034062 0.055666
0 0.44271 0.583782 0.03336 0.057146
0 0.416204 0.675062 0.031594 0.057166
0 0.45079 0.6638219999999999 0.03264 0.054354
0 0.488532 0.6525939999999999 0.031594 0.05527
0 0.528914 0.64276 0.033704 0.060896
0 0.57157 0.632708 0.036172 0.0595
0 0.579126 0.7190719999999999 0.035812 0.05902
0 0.53804 0.729136 0.033704 0.056688
0 0.497312 0.73475 0.030188 0.05575
0 0.460274 0.7436039999999999 0.030546 0.053042
0 0.428148 0.752542 0.033704 0.053876
0 0.392164 0.7579279999999999 0.030546 0.054354
0 0.360554 0.7621359999999999 0.02914 0.044062
0 0.4055 0.594552 0.029844 0.05623
0 0.394266 0.5135620000000001 0.029844 0.057166
0 0.362492 0.526896 0.03089 0.05575
0 0.37214 0.60625 0.03125 0.057166
0 0.38496 0.6839580000000001 0.030204 0.053416
0 0.329484 0.539542 0.028782 0.052
0 0.340188 0.616552 0.029844 0.047812
0 0.352126 0.6942600000000001 0.029844 0.05623
0 0.321234 0.6991780000000001 0.02775 0.058562
0 0.310874 0.625678 0.028782 0.050146
0 0.29332 0.710636 0.028796 0.05248
0 0.284368 0.6383220000000001 0.031954 0.052938
0 0.256282 0.6453439999999999 0.030532 0.05202
0 0.232586 0.6542399999999999 0.02739 0.052938
0 0.299992 0.551938 0.028078 0.051542
0 0.27314 0.564354 0.027032 0.05575
0 0.246274 0.5727819999999999 0.02739 0.05577
0 0.221344 0.5854159999999999 0.023876 0.053874
0 0.196946 0.5966560000000001 0.027046 0.049188
0 0.173774 0.604376 0.027046 0.047792
0 0.290696 0.4765839999999999 0.030546 0.053416
0 0.05121 0.03906199999999993 0.030328 0.058416
0 0.384664 0.4261980000000001 0.033328 0.057354
0 0.422586 0.4079379999999999 0.033328 0.057916
0 0.461132 0.38799000000000006 0.035422 0.06298
0 0.504532 0.368614 0.035438 0.062396
0 0.548976 0.346708 0.03839 0.068042
0 0.59596 0.32479199999999997 0.038796 0.062416
0 0.432274 0.494448 0.03164 0.060146
0 0.47104 0.48012600000000005 0.03586 0.062958
0 0.512976 0.46471799999999996 0.037172 0.065688
0 0.55593 0.44444799999999995 0.040484 0.06577
0 0.60375 0.423948 0.040062 0.068604
0 0.563938 0.5407919999999999 0.037968 0.061834
0 0.61007 0.522812 0.039234 0.064084
0 0.618078 0.619718 0.038376 0.06802
0 0.430594 0.09754200000000002 0.038812 0.068042
0 0.539648 0.24580200000000008 0.041578 0.068938
0 0.588062 0.22007200000000005 0.045218 0.07377
0 0.578594 0.1064480000000001 0.04375 0.075812
0 0.47375 0.06475999999999993 0.040844 0.06602
0 0.793454 0.9699580000000001 0.037626 0.060084
0 0.847454 0.96824 0.042468 0.063104
0 0.910546 0.96702 0.043688 0.060666
0 0.975766 0.967938 0.044282 0.064124
