0 0.952546 0.024880000000000013 0.04047 0.026794
0 0.948212 0.05861200000000011 0.04047 0.026794
0 0.929802 0.16076599999999996 0.04047 0.026794
0 0.974566 0.1636359999999999 0.04047 0.026794
0 0.926192 0.1909099999999999 0.04047 0.026794
0 0.971678 0.19402000000000008 0.04047 0.026794
0 0.917888 0.22153200000000006 0.04047 0.026794
0 0.964458 0.222966 0.04047 0.026794
0 0.769062 0.05030000000000001 0.037618 0.024666
0 0.818862 0.051484000000000085 0.038808 0.025454
0 0.863286 0.05188999999999999 0.03639 0.023588
0 0.716642 0.07733199999999996 0.036028 0.024138
0 0.762852 0.080646 0.04361 0.02598
0 0.811264 0.08077800000000002 0.042022 0.026244
0 0.860488 0.08251199999999992 0.040398 0.02756
0 0.190288 0.10133999999999999 0.042022 0.02598
0 0.23751 0.10239200000000004 0.041228 0.025454
0 0.285324 0.10479599999999989 0.035992 0.024904
0 0.334134 0.10518000000000005 0.04083 0.025192
0 0.185288 0.13168599999999997 0.039242 0.024666
0 0.232888 0.13261999999999996 0.038412 0.024904
0 0.227094 0.16245200000000004 0.041192 0.025718
0 0.2237 0.193338 0.037582 0.027584
0 0.276516 0.1631100000000001 0.039242 0.027034
0 0.27251 0.19413799999999992 0.040036 0.027034
0 0.327546 0.1366019999999999 0.04361 0.026508
0 0.324134 0.16776400000000002 0.04083 0.025718
0 0.321732 0.19653199999999993 0.040794 0.025454
0 0.381732 0.10690200000000005 0.039206 0.024378
0 0.376534 0.13791799999999999 0.038412 0.02598
0 0.370938 0.17013199999999995 0.041588 0.026244
0 0.367328 0.19863600000000003 0.039206 0.026508
0 0.427546 0.110622 0.042022 0.026508
0 0.42435 0.1397839999999999 0.041192 0.025454
0 0.418754 0.17134000000000005 0.038808 0.026508
0 0.415342 0.20089800000000002 0.04 0.024138
0 0.474766 0.1124639999999999 0.040434 0.02598
0 0.472166 0.14296599999999993 0.041588 0.025454
0 0.46538 0.17186600000000007 0.04 0.024928
0 0.463158 0.202488 0.03722 0.024642
0 0.520974 0.1136600000000001 0.039206 0.027846
0 0.520776 0.145478 0.040398 0.026794
0 0.513772 0.1746540000000001 0.04083 0.025192
0 0.50879 0.20421 0.038808 0.02598
0 0.569404 0.11511999999999989 0.04083 0.027034
0 0.56621 0.1472 0.037618 0.025454
0 0.56139 0.17755999999999994 0.040036 0.027846
0 0.554784 0.20713000000000004 0.039602 0.026508
0 0.618412 0.11790600000000007 0.037978 0.025718
0 0.610614 0.14892400000000006 0.039206 0.027846
0 0.607202 0.1786239999999999 0.038014 0.024138
0 0.6024 0.20978399999999997 0.038808 0.027034
0 0.662618 0.12069400000000008 0.040036 0.02756
0 0.658232 0.1509100000000001 0.039206 0.025454
0 0.653826 0.18101600000000007 0.04 0.026244
0 0.650416 0.20978399999999997 0.038014 0.024928
0 0.71083 0.12148399999999993 0.040434 0.02756
0 0.70444 0.15382800000000008 0.040434 0.02598
0 0.698014 0.18326599999999993 0.037184 0.024904
0 0.696426 0.21362400000000004 0.041228 0.02677
0 0.758844 0.12374400000000008 0.04361 0.025718
0 0.753448 0.15410199999999996 0.044008 0.027058
0 0.745306 0.1844619999999999 0.04296 0.025718
0 0.742636 0.2148080000000001 0.038412 0.023876
0 0.804658 0.12532199999999993 0.037618 0.025192
0 0.800252 0.15542999999999996 0.036028 0.024928
0 0.79426 0.1861839999999999 0.04 0.023852
0 0.788862 0.21628000000000003 0.039602 0.024666
0 0.851084 0.12824199999999997 0.038412 0.025718
0 0.846282 0.15820600000000007 0.036824 0.024114
0 0.842274 0.18660199999999993 0.038412 0.026316
0 0.837672 0.21667400000000003 0.039602 0.025454
0 0.313122 0.24 0.039602 0.025454
0 0.35953 0.24291799999999997 0.03639 0.02598
0 0.40695 0.24370800000000004 0.039242 0.024928
0 0.454566 0.24609999999999999 0.037582 0.024402
0 0.50018 0.24875599999999998 0.039206 0.02335
0 0.548394 0.24995199999999995 0.036426 0.023588
0 0.592996 0.2522 0.038412 0.025454
0 0.64121 0.25366 0.036426 0.025742
0 0.688032 0.25512 0.035632 0.024402
0 0.735452 0.25750000000000006 0.036824 0.027058
0 0.782256 0.258564 0.036788 0.025454
0 0.82888 0.2593540000000001 0.034802 0.025454
0 0.307328 0.27063400000000004 0.039206 0.025718
0 0.356932 0.27208199999999994 0.039206 0.024928
0 0.403358 0.27288200000000007 0.038412 0.026004
0 0.450758 0.2746059999999999 0.034802 0.024138
0 0.494982 0.2761960000000001 0.041588 0.024642
0 0.543394 0.2783260000000001 0.039206 0.023588
0 0.590614 0.2793779999999999 0.037618 0.023588
0 0.63621 0.28296600000000005 0.037618 0.024928
0 0.681642 0.2842819999999999 0.038808 0.02598
0 0.730234 0.28626799999999997 0.035992 0.023588
0 0.776064 0.2871999999999999 0.035596 0.025454
0 0.82166 0.288516 0.040434 0.025454
0 0.351138 0.301388 0.039602 0.026794
0 0.39834 0.3023199999999999 0.042816 0.024928
0 0.44435 0.30311 0.038808 0.025454
0 0.940632 0.08660200000000007 0.04047 0.026794
0 0.935578 0.132776 0.04047 0.026794
0 0.91175 0.26554999999999995 0.04047 0.026794
0 0.958322 0.26626799999999995 0.04047 0.026794
0 0.905252 0.29306199999999993 0.04047 0.026794
0 0.951462 0.2954540000000001 0.04047 0.026794
0 0.901282 0.32416200000000006 0.04047 0.026794
0 0.946768 0.32559800000000005 0.04047 0.026794
0 0.895144 0.35239200000000004 0.04047 0.026794
0 0.93991 0.354784 0.04047 0.026794
0 0.891174 0.38229599999999997 0.04047 0.026794
0 0.935938 0.38373199999999996 0.04047 0.026794
0 0.635416 0.014760000000000106 0.039206 0.023062
0 0.680614 0.01423400000000008 0.038412 0.026268
0 0.152292 0.02350399999999997 0.038808 0.025192
0 0.201102 0.02456999999999998 0.038808 0.02732
0 0.249512 0.02681800000000001 0.041192 0.025454
0 0.297328 0.028815999999999953 0.039206 0.025718
0 0.343936 0.030405999999999933 0.042816 0.025168
0 0.390542 0.032524 0.036824 0.025192
0 0.438158 0.03531200000000001 0.038412 0.02598
0 0.482762 0.038229999999999986 0.039602 0.024402
0 0.533592 0.03981999999999997 0.039602 0.024378
0 0.579584 0.04191400000000001 0.038014 0.023828
0 0.628628 0.043924000000000074 0.038412 0.024114
0 0.67601 0.043935999999999975 0.038014 0.024666
0 0.14888 0.05413800000000002 0.038412 0.024928
0 0.1963 0.055598000000000036 0.036426 0.026268
0 0.244694 0.05705800000000005 0.042816 0.027034
0 0.292328 0.060502000000000056 0.038808 0.025454
0 0.339332 0.060370000000000035 0.042418 0.024666
0 0.388954 0.06235600000000008 0.039206 0.024378
0 0.434748 0.06568200000000002 0.038014 0.025192
0 0.482364 0.06686600000000009 0.040398 0.024928
0 0.529386 0.06952200000000008 0.039206 0.024928
0 0.577798 0.07136399999999998 0.04 0.024928
0 0.623194 0.07309800000000011 0.038808 0.024138
0 0.670812 0.07562200000000008 0.038808 0.02598
0 0.727436 0.01689000000000007 0.037618 0.024114
0 0.774458 0.01940199999999992 0.038014 0.025454
0 0.823862 0.021268000000000065 0.04 0.024928
0 0.869892 0.022188000000000097 0.038412 0.025718
0 0.722436 0.04843400000000009 0.039602 0.027296
0 0.488376 0.304832 0.037184 0.025168
0 0.537996 0.30734400000000006 0.040398 0.02598
0 0.58379 0.30854000000000004 0.036824 0.024114
0 0.63121 0.31132800000000005 0.041986 0.024378
0 0.676426 0.312392 0.040434 0.024402
0 0.72444 0.31531200000000004 0.037184 0.024928
0 0.770452 0.3164960000000001 0.038808 0.024666
0 0.81686 0.3195460000000001 0.041228 0.025454
0 0.43796 0.3357300000000001 0.045234 0.029162
0 0.486174 0.3362560000000001 0.039206 0.027058
0 0.531788 0.3379779999999999 0.04083 0.027822
0 0.579404 0.3391740000000001 0.042418 0.028636
0 0.628212 0.34155599999999997 0.040036 0.027034
0 0.673232 0.34275199999999995 0.039602 0.026268
0 0.718628 0.3442099999999999 0.039206 0.024928
0 0.764658 0.3464719999999999 0.039206 0.025192
0 0.810668 0.34885199999999994 0.041624 0.024114
0 0.480362 0.36528800000000006 0.04361 0.026268
0 0.528194 0.3688640000000001 0.04 0.026532
0 0.57621 0.36860000000000004 0.039206 0.023852
0 0.620614 0.36927 0.037618 0.024666
0 0.665018 0.3711120000000001 0.040794 0.025192
0 0.71325 0.3715200000000001 0.042816 0.024378
0 0.759658 0.37350400000000006 0.039602 0.025192
0 0.80666 0.3768180000000001 0.04083 0.02598
