0 0.424270 0.376714 0.015398 0.028677
0 0.447336 0.363094 0.017297 0.025021
0 0.471562 0.347245 0.018141 0.030323
0 0.498105 0.331776 0.017711 0.027552
0 0.526016 0.314500 0.019188 0.031208
0 0.556773 0.295964 0.020875 0.031198
0 0.589109 0.276161 0.019828 0.032052
0 0.623766 0.255234 0.022562 0.032323
0 0.661047 0.232063 0.022984 0.037104
0 0.702125 0.206083 0.022562 0.034583
0 0.746262 0.180245 0.026148 0.038510
0 0.793238 0.151172 0.030352 0.044406
0 0.842535 0.119854 0.032883 0.043000
0 0.883930 0.162823 0.032250 0.045813
0 0.831473 0.192318 0.030992 0.042448
0 0.782809 0.218865 0.026773 0.040479
0 0.736676 0.244839 0.027195 0.037948
0 0.693492 0.268854 0.024250 0.038792
0 0.655359 0.290625 0.022141 0.032896
0 0.618496 0.310849 0.020039 0.032323
0 0.585211 0.330089 0.020453 0.028677
0 0.554035 0.346802 0.020883 0.029521
0 0.523699 0.363656 0.018773 0.027833
0 0.496418 0.378542 0.018555 0.028958
0 0.470719 0.392724 0.017719 0.029240
0 0.447125 0.406911 0.016875 0.027281
0 0.423848 0.419271 0.016664 0.026146
0 0.381082 0.437807 0.016664 0.025594
0 0.362543 0.449464 0.016664 0.024177
0 0.343480 0.459292 0.013930 0.021938
0 0.326102 0.468422 0.014984 0.023344
0 0.308406 0.478255 0.014562 0.023906
0 0.292922 0.487807 0.013078 0.019969
0 0.277543 0.495391 0.013086 0.021094
0 0.263113 0.504099 0.012023 0.021656
0 0.248473 0.511542 0.012664 0.019687
0 0.234988 0.519406 0.011398 0.020250
0 0.222035 0.526286 0.012867 0.019406
0 0.210141 0.533453 0.011375 0.019135
0 0.197602 0.539062 0.010344 0.017438
0 0.185383 0.545385 0.010344 0.018854
0 0.174953 0.552266 0.009719 0.015760
0 0.178008 0.579651 0.012031 0.017719
0 0.189172 0.573615 0.011188 0.018000
0 0.201285 0.568417 0.011398 0.017167
0 0.212133 0.562797 0.011187 0.018844
0 0.224457 0.556198 0.011398 0.018563
0 0.237730 0.550161 0.011398 0.020531
0 0.250590 0.543000 0.011805 0.020812
0 0.264797 0.535979 0.012031 0.021375
0 0.279863 0.528807 0.013086 0.021656
0 0.294922 0.521224 0.012875 0.020531
0 0.310723 0.513500 0.012867 0.020812
0 0.327258 0.504932 0.013500 0.021094
0 0.344426 0.496651 0.014555 0.022490
0 0.363176 0.487099 0.016664 0.025865
0 0.382453 0.477693 0.016875 0.025031
0 0.423531 0.460000 0.018141 0.027271
0 0.446387 0.448901 0.016242 0.026427
0 0.469980 0.437245 0.017930 0.027844
0 0.495367 0.423901 0.019406 0.028115
0 0.522012 0.410141 0.017086 0.026427
0 0.549820 0.396099 0.021297 0.028677
0 0.580789 0.380651 0.020453 0.030927
0 0.613547 0.364078 0.020250 0.032052
0 0.648828 0.346521 0.021719 0.031208
0 0.687172 0.327422 0.023406 0.034010
0 0.727828 0.306781 0.023406 0.036542
0 0.773227 0.285286 0.026984 0.039073
0 0.820203 0.260573 0.029516 0.041313
0 0.871922 0.235010 0.030984 0.043000
0 0.927953 0.208615 0.036047 0.045250
0 0.943965 0.130807 0.038148 0.047490
0 0.122363 0.047031 0.012852 0.026125
0 0.137316 0.068380 0.012008 0.022760
0 0.151645 0.049000 0.012430 0.027813
0 0.181875 0.051526 0.014328 0.027240
0 0.166918 0.071328 0.015586 0.026969
0 0.129945 0.126099 0.012422 0.025844
0 0.249934 0.056563 0.014711 0.027292
0 0.232754 0.077656 0.014102 0.029479
0 0.218004 0.099563 0.012852 0.023875
0 0.202098 0.118516 0.013898 0.024719
0 0.187352 0.136495 0.014750 0.026969
0 0.174395 0.154047 0.013695 0.027240
0 0.161437 0.170766 0.013484 0.024719
0 0.149008 0.185208 0.013484 0.025000
0 0.137105 0.201661 0.012008 0.023031
0 0.288781 0.060094 0.016641 0.028646
0 0.269824 0.081583 0.014961 0.027250
0 0.252023 0.103068 0.016438 0.027531
0 0.204941 0.157698 0.014539 0.025562
0 0.190719 0.176661 0.013906 0.024156
0 0.177137 0.192250 0.012430 0.023875
0 0.164492 0.207839 0.014531 0.023031
0 0.152383 0.223427 0.012219 0.022187
0 0.140586 0.236906 0.013062 0.025562
0 0.143848 0.273411 0.012852 0.023906
0 0.156172 0.259094 0.014328 0.022187
0 0.167230 0.246458 0.014117 0.022188
0 0.181137 0.230870 0.013695 0.023594
0 0.194617 0.216406 0.013688 0.025000
0 0.208414 0.200536 0.013484 0.025281
0 0.238238 0.166828 0.013664 0.025844
0 0.255184 0.149130 0.015586 0.025281
0 0.272246 0.129474 0.014320 0.026406
0 0.290258 0.109250 0.016219 0.029208
0 0.309535 0.086219 0.016852 0.032021
0 0.330059 0.064448 0.017930 0.030062
0 0.375156 0.068380 0.018750 0.030615
0 0.352719 0.089865 0.018953 0.032021
0 0.331547 0.114604 0.017906 0.030375
0 0.311113 0.135510 0.017070 0.030625
0 0.291629 0.155734 0.015586 0.029490
0 0.274668 0.174411 0.015383 0.026406
0 0.256656 0.191547 0.014750 0.029219
0 0.241070 0.209807 0.014328 0.023594
0 0.226426 0.224130 0.014539 0.028094
0 0.212316 0.240562 0.013273 0.025000
0 0.197461 0.256573 0.013906 0.025000
0 0.184188 0.268786 0.011797 0.023594
0 0.171656 0.282828 0.013266 0.021906
0 0.159828 0.295385 0.014344 0.024438
0 0.148980 0.306635 0.013289 0.023896
0 0.163406 0.329250 0.014344 0.022500
0 0.175102 0.317573 0.012875 0.023312
0 0.187949 0.305932 0.014133 0.024740
0 0.200801 0.292995 0.014133 0.023594
0 0.214598 0.279526 0.013086 0.023635
0 0.229977 0.264927 0.014766 0.024750
0 0.244723 0.251292 0.014352 0.025000
0 0.260734 0.235286 0.013922 0.027240
0 0.277480 0.218708 0.015398 0.027250
0 0.295281 0.201292 0.016453 0.028375
0 0.312660 0.183193 0.016242 0.032052
0 0.332992 0.163229 0.016875 0.030896
0 0.353844 0.143714 0.017297 0.031177
0 0.376594 0.121385 0.017719 0.032021
0 0.376492 0.170255 0.019188 0.036510
0 0.355742 0.192448 0.016875 0.031458
0 0.335098 0.210984 0.016445 0.028094
0 0.315926 0.227839 0.014773 0.026969
0 0.296652 0.245969 0.015820 0.028396
0 0.279695 0.259437 0.014766 0.027250
0 0.263051 0.276021 0.014773 0.026708
0 0.232609 0.302688 0.013719 0.024437
0 0.218914 0.316875 0.013297 0.025271
0 0.204383 0.328953 0.012453 0.024156
0 0.191637 0.341448 0.011820 0.023875
0 0.179418 0.353266 0.012664 0.023344
0 0.165938 0.360693 0.015187 0.024156
0 0.155824 0.373766 0.011398 0.021656
0 0.158562 0.405786 0.012234 0.020531
0 0.170887 0.396094 0.012867 0.020813
0 0.181945 0.384990 0.013078 0.021062
0 0.194797 0.375156 0.012656 0.019938
0 0.221762 0.353547 0.012664 0.023344
0 0.236508 0.340328 0.012656 0.022760
0 0.250727 0.329797 0.014141 0.024156
0 0.265789 0.315344 0.013078 0.025021
0 0.282535 0.301844 0.015820 0.025000
0 0.299492 0.288380 0.014766 0.025594
0 0.317723 0.272635 0.016227 0.026125
0 0.336676 0.255083 0.014977 0.027521
0 0.357008 0.238667 0.016453 0.028396
0 0.378281 0.221250 0.018141 0.030083
0 0.424312 0.186125 0.019609 0.034542
0 0.424301 0.134036 0.018742 0.033177
0 0.425047 0.079547 0.019406 0.034302
0 0.449520 0.165182 0.019289 0.033531
0 0.450309 0.111229 0.017930 0.033458
0 0.477586 0.084969 0.020672 0.034854
0 0.476852 0.141141 0.020031 0.033740
0 0.505922 0.117828 0.020453 0.034865
0 0.537516 0.091286 0.021297 0.034573
0 0.601980 0.097182 0.023398 0.036823
0 0.566906 0.124714 0.022766 0.037948
0 0.534887 0.151677 0.019820 0.032896
0 0.503918 0.174427 0.018555 0.034021
0 0.475375 0.197177 0.018766 0.031771
0 0.449359 0.216844 0.019406 0.030083
0 0.423551 0.237344 0.018352 0.032896
0 0.378473 0.266974 0.017508 0.029802
0 0.358035 0.283547 0.017086 0.026990
0 0.338129 0.298818 0.015523 0.027510
0 0.319402 0.313927 0.014352 0.025771
0 0.301555 0.328271 0.015234 0.025167
0 0.284438 0.341427 0.014063 0.023042
0 0.268781 0.353797 0.013187 0.024052
0 0.253344 0.365609 0.012469 0.022260
0 0.238137 0.377031 0.012742 0.020500
0 0.223727 0.388927 0.014344 0.020896
0 0.210781 0.399750 0.011859 0.020313
0 0.197836 0.408432 0.011719 0.020115
0 0.185617 0.418281 0.013031 0.021083
0 0.173770 0.428422 0.010695 0.018740
0 0.162648 0.436714 0.010984 0.018948
0 0.166309 0.466854 0.009820 0.019896
0 0.177496 0.458474 0.012008 0.020677
0 0.188691 0.449490 0.009820 0.019521
0 0.200906 0.441505 0.012016 0.020677
0 0.213777 0.431641 0.012305 0.020885
0 0.227313 0.422974 0.011281 0.020677
0 0.241281 0.412036 0.011719 0.020302
0 0.255547 0.402583 0.012156 0.020500
0 0.286484 0.379661 0.013766 0.023427
0 0.303090 0.367859 0.013617 0.022844
0 0.321086 0.354984 0.014203 0.023615
0 0.339516 0.341917 0.015078 0.023625
0 0.358754 0.328260 0.015523 0.024792
0 0.379160 0.312365 0.016258 0.027333
0 0.423633 0.285255 0.016547 0.028885
0 0.448285 0.267599 0.017570 0.028698
0 0.474176 0.249859 0.018445 0.029844
0 0.501754 0.229078 0.020352 0.033177
0 0.531672 0.208208 0.019031 0.032396
0 0.563633 0.185776 0.020938 0.033177
0 0.597355 0.159943 0.021086 0.035302
0 0.634000 0.132328 0.023859 0.037865
0 0.673645 0.102292 0.026195 0.043312
0 0.754477 0.111427 0.029937 0.043562
0 0.708887 0.141339 0.027227 0.043281
0 0.667688 0.168583 0.025297 0.039917
0 0.628293 0.194286 0.021086 0.035698
0 0.593113 0.219562 0.022773 0.034583
0 0.560355 0.242172 0.019195 0.032052
0 0.529285 0.261557 0.020664 0.031490
0 0.500422 0.281078 0.019828 0.031760
0 0.473563 0.299615 0.017500 0.028958
0 0.447441 0.315344 0.017508 0.027833
0 0.423742 0.331495 0.017297 0.029802
0 0.380238 0.356495 0.015398 0.026990
0 0.360125 0.369693 0.016031 0.028115
0 0.340953 0.381349 0.016453 0.025594
0 0.322309 0.393990 0.013711 0.023896
0 0.305352 0.405646 0.013500 0.023062
0 0.288289 0.416745 0.015609 0.022781
0 0.272910 0.427411 0.013086 0.021656
0 0.258375 0.436823 0.013922 0.023625
0 0.243629 0.445813 0.012664 0.023062
0 0.229934 0.455646 0.012242 0.020813
0 0.216770 0.464911 0.011180 0.019698
0 0.204023 0.472776 0.012234 0.019698
0 0.191809 0.480781 0.011398 0.019417
0 0.180746 0.488089 0.011180 0.022219
0 0.169160 0.495531 0.011602 0.021375
0 0.171898 0.526005 0.012453 0.020531
0 0.184223 0.518000 0.011820 0.020812
0 0.194332 0.511682 0.012664 0.021094
0 0.206973 0.504656 0.011820 0.019417
0 0.219824 0.495672 0.013086 0.021656
0 0.233414 0.488651 0.010766 0.021094
0 0.245840 0.478818 0.013711 0.022781
0 0.259922 0.471250 0.013281 0.023333
0 0.275648 0.463932 0.013922 0.022781
0 0.291027 0.454661 0.013086 0.025031
0 0.307145 0.443000 0.014977 0.023063
0 0.324313 0.433172 0.013078 0.023052
0 0.341691 0.421938 0.014977 0.023625
0 0.360758 0.410422 0.016453 0.025302
0 0.381504 0.398901 0.015820 0.027552
0 0.423285 0.680276 0.016164 0.024573
0 0.443121 0.673724 0.016867 0.023635
0 0.464273 0.669865 0.016344 0.023875
0 0.487008 0.664594 0.015813 0.025521
0 0.510617 0.658391 0.015641 0.023865
0 0.423457 0.712109 0.017570 0.025052
0 0.442770 0.707542 0.015461 0.024812
0 0.462867 0.704266 0.016344 0.025281
0 0.485777 0.699349 0.016164 0.022469
0 0.509477 0.694318 0.014766 0.023177
0 0.532824 0.691510 0.017570 0.022708
0 0.531949 0.727443 0.015117 0.022469
0 0.508074 0.731417 0.015117 0.023875
0 0.484289 0.734813 0.014938 0.024104
0 0.462957 0.737734 0.015117 0.023406
0 0.442328 0.739615 0.014234 0.022937
0 0.422582 0.743828 0.017227 0.024344
0 0.530016 0.763135 0.016516 0.024583
0 0.505879 0.766411 0.016695 0.025510
0 0.483762 0.768167 0.015992 0.023875
0 0.461551 0.770276 0.014414 0.023406
0 0.441715 0.773318 0.014414 0.025740
0 0.422230 0.775542 0.013711 0.022708
0 0.528086 0.796958 0.015469 0.023875
0 0.504824 0.800120 0.015289 0.022240
0 0.482617 0.800818 0.015469 0.022240
0 0.461027 0.801167 0.015461 0.022937
0 0.441543 0.804333 0.013711 0.020833
0 0.422055 0.805385 0.014406 0.020125
0 0.526504 0.830781 0.014414 0.021771
0 0.504297 0.830667 0.014937 0.022938
0 0.480953 0.832182 0.013891 0.022240
0 0.460766 0.833589 0.014234 0.020365
0 0.441891 0.833589 0.015109 0.020365
0 0.524926 0.863781 0.015117 0.021771
0 0.502105 0.864484 0.014414 0.023635
0 0.481039 0.863198 0.014406 0.020604
0 0.523082 0.895500 0.014586 0.021062
0 0.181230 0.606422 0.011602 0.017427
0 0.191437 0.600240 0.010109 0.018562
0 0.202918 0.596167 0.011164 0.018854
0 0.214609 0.590130 0.012219 0.017448
0 0.227355 0.585073 0.012852 0.019125
0 0.240102 0.579172 0.010531 0.018573
0 0.253270 0.573839 0.012008 0.016885
0 0.267168 0.566531 0.011164 0.020813
0 0.281074 0.559932 0.012852 0.019969
0 0.296133 0.552911 0.013906 0.021094
0 0.311727 0.546172 0.013063 0.020531
0 0.328684 0.538167 0.014117 0.020813
0 0.345324 0.530583 0.014117 0.020813
0 0.184168 0.632964 0.011164 0.018281
0 0.195121 0.628469 0.010320 0.016604
0 0.205656 0.623271 0.009906 0.016312
0 0.217035 0.617656 0.012430 0.019125
0 0.229254 0.613438 0.012008 0.019125
0 0.241992 0.608807 0.012641 0.018844
0 0.254738 0.603052 0.012430 0.019687
0 0.268328 0.595745 0.013062 0.019698
0 0.282863 0.590969 0.013055 0.019125
0 0.297715 0.585776 0.013273 0.020531
0 0.312988 0.578333 0.013477 0.019687
0 0.329734 0.572297 0.013687 0.021656
0 0.346273 0.565406 0.013906 0.021938
0 0.363867 0.523141 0.015391 0.021656
0 0.382082 0.514010 0.015586 0.024188
0 0.423371 0.499823 0.016430 0.025583
0 0.446020 0.489573 0.016648 0.024188
0 0.469824 0.479599 0.015805 0.023906
0 0.494051 0.467526 0.015805 0.024469
0 0.519961 0.455307 0.016219 0.024740
0 0.518168 0.499406 0.016430 0.024188
0 0.492680 0.510359 0.016437 0.025302
0 0.469195 0.518505 0.017484 0.025865
0 0.447070 0.529458 0.017906 0.024750
0 0.423152 0.536740 0.015570 0.025271
0 0.384086 0.550802 0.016641 0.023625
0 0.365125 0.557266 0.015797 0.025865
0 0.545453 0.489432 0.017063 0.024469
0 0.547766 0.443646 0.017906 0.026708
0 0.577680 0.429885 0.019172 0.028396
0 0.575262 0.476792 0.016852 0.025021
0 0.609812 0.416266 0.018531 0.026990
0 0.643723 0.400536 0.020227 0.031490
0 0.681113 0.383542 0.021695 0.030083
0 0.605594 0.464156 0.018953 0.029521
0 0.638563 0.451089 0.020438 0.028677
0 0.674270 0.436203 0.021492 0.030365
0 0.719863 0.365427 0.024258 0.035417
0 0.762953 0.346604 0.024437 0.034292
0 0.810145 0.324698 0.027383 0.037667
0 0.860277 0.301667 0.029914 0.037667
0 0.712926 0.421458 0.025070 0.032896
0 0.754004 0.405870 0.024648 0.034865
0 0.799820 0.386911 0.026547 0.037385
0 0.848590 0.366266 0.028023 0.040469
0 0.913473 0.277365 0.033070 0.044125
0 0.900625 0.345062 0.030125 0.042438
0 0.888512 0.409802 0.030336 0.039917
0 0.838477 0.428766 0.030547 0.037385
0 0.790027 0.444917 0.027180 0.037104
0 0.826891 0.486198 0.028016 0.037104
0 0.781180 0.500109 0.025906 0.036823
0 0.864812 0.530021 0.029281 0.037667
0 0.816887 0.541536 0.028227 0.035427
0 0.747051 0.460365 0.025492 0.035417
0 0.706289 0.474828 0.024016 0.032885
0 0.669105 0.487188 0.023383 0.031208
0 0.737996 0.513167 0.023383 0.031479
0 0.699652 0.525104 0.022961 0.032333
0 0.663312 0.536203 0.021484 0.029802
0 0.772859 0.554036 0.025703 0.035135
0 0.730937 0.564005 0.022328 0.030927
0 0.693543 0.573557 0.022117 0.030365
0 0.658363 0.582828 0.018742 0.027552
0 0.633398 0.499682 0.021484 0.028677
0 0.601695 0.511203 0.018750 0.029240
0 0.570937 0.522156 0.018328 0.027000
0 0.542605 0.532406 0.018539 0.025021
0 0.515645 0.540552 0.018961 0.026708
0 0.628977 0.546589 0.019375 0.029240
0 0.597695 0.556703 0.019594 0.027552
0 0.567887 0.566115 0.018961 0.025021
0 0.540496 0.572995 0.017695 0.025865
0 0.514273 0.581422 0.016219 0.025865
0 0.624551 0.591115 0.018961 0.029521
0 0.593691 0.598557 0.018742 0.026427
0 0.564727 0.606281 0.019797 0.027833
0 0.538605 0.614141 0.017695 0.025031
0 0.512902 0.621307 0.016008 0.025865
0 0.490785 0.550099 0.016852 0.025010
0 0.466664 0.559792 0.016641 0.025312
0 0.444547 0.566812 0.016219 0.025312
0 0.423687 0.573698 0.017063 0.025021
0 0.489414 0.589990 0.016219 0.026146
0 0.466031 0.596729 0.017484 0.026146
0 0.444020 0.604031 0.016430 0.025021
0 0.423270 0.610630 0.014539 0.026427
0 0.488465 0.626365 0.017273 0.023625
0 0.465082 0.632964 0.018117 0.024469
0 0.443598 0.640547 0.016008 0.022219
0 0.421793 0.645318 0.016648 0.023906
0 0.382941 0.584651 0.016461 0.023344
0 0.364816 0.592417 0.014336 0.021063
0 0.347555 0.598562 0.012875 0.020875
0 0.330949 0.605391 0.013898 0.021260
0 0.314418 0.610167 0.013023 0.019500
0 0.299059 0.615432 0.010977 0.017552
0 0.285309 0.622068 0.011555 0.017552
0 0.270168 0.625771 0.011992 0.021063
0 0.383613 0.619625 0.014773 0.021646
0 0.365258 0.625000 0.014047 0.021479
0 0.348578 0.630646 0.013453 0.019500
0 0.332484 0.635531 0.013750 0.018750
0 0.315957 0.641385 0.011992 0.019521
0 0.300887 0.646734 0.011117 0.018531
0 0.286695 0.652005 0.011703 0.018531
0 0.271996 0.654151 0.013023 0.019302
0 0.384785 0.652979 0.014195 0.022042
0 0.365766 0.657182 0.014484 0.021865
0 0.349164 0.662635 0.013750 0.019500
0 0.333363 0.666349 0.012586 0.020302
0 0.317492 0.671219 0.012438 0.019500
0 0.303008 0.675411 0.012438 0.020094
0 0.288305 0.679214 0.011703 0.018719
0 0.274406 0.683807 0.011703 0.019323
0 0.257367 0.631526 0.011844 0.018135
0 0.243980 0.636594 0.010539 0.018917
0 0.231766 0.641281 0.011266 0.017750
0 0.219258 0.646266 0.010828 0.019135
0 0.208211 0.649958 0.010391 0.018729
0 0.196727 0.654453 0.008781 0.017969
0 0.259340 0.660500 0.011992 0.019917
0 0.246906 0.664391 0.011703 0.018719
0 0.233742 0.667807 0.010828 0.020094
0 0.222328 0.670630 0.009656 0.019115
0 0.261758 0.687698 0.010094 0.018917
0 0.248148 0.691516 0.010094 0.017969
0 0.275945 0.709255 0.011266 0.018719
0 0.289844 0.708193 0.011266 0.018552
0 0.305039 0.704484 0.013047 0.019719
0 0.319246 0.700474 0.011555 0.019510
0 0.334168 0.696865 0.011852 0.018917
0 0.350773 0.692391 0.012578 0.019323
0 0.367230 0.688969 0.013898 0.021063
0 0.384277 0.684771 0.014336 0.023208
0 0.305426 0.731396 0.011117 0.017750
0 0.320125 0.728953 0.012734 0.018719
0 0.335414 0.726323 0.012000 0.018917
0 0.351211 0.722615 0.012578 0.020083
0 0.367742 0.719589 0.012578 0.022240
0 0.385082 0.716781 0.013602 0.021271
0 0.336656 0.754422 0.011844 0.015427
0 0.352090 0.752359 0.012586 0.020677
0 0.368988 0.749740 0.013602 0.021667
0 0.385004 0.745536 0.014336 0.023406
0 0.368984 0.778505 0.011266 0.017969
0 0.385520 0.776750 0.013602 0.021479
0 0.214418 0.055245 0.013930 0.024635
0 0.199762 0.075641 0.015445 0.027677
0 0.184594 0.095693 0.013422 0.027344
0 0.171191 0.113724 0.016961 0.025656
0 0.157922 0.131760 0.014687 0.023292
0 0.145422 0.147599 0.014406 0.024635
0 0.133652 0.164115 0.014180 0.024646
0 0.774477 0.980547 0.023031 0.031344
0 0.739723 0.977005 0.022273 0.031010
0 0.783961 0.946505 0.020750 0.029323
0 0.745152 0.940776 0.022523 0.028656
0 0.788508 0.906568 0.021766 0.031010
0 0.752738 0.903870 0.021508 0.029656
0 0.758805 0.865443 0.026063 0.035052
0 0.797613 0.865948 0.025305 0.032687
0 0.536906 0.655458 0.018219 0.025271
0 0.773824 0.785427 0.029602 0.035729
0 0.207000 0.362438 0.014656 0.023292
0 0.247320 0.290141 0.016938 0.026323
0 0.269820 0.391599 0.016938 0.024302
0 0.223285 0.188964 0.016383 0.024802
0 0.875762 0.472365 0.036133 0.045750
0 0.141301 0.110026 0.013023 0.021656
0 0.562766 0.648526 0.017109 0.024760
0 0.591344 0.642214 0.019656 0.028635
0 0.621922 0.635432 0.021844 0.027677
0 0.653590 0.626443 0.020383 0.029115
0 0.688172 0.620375 0.024031 0.031542
0 0.725121 0.611396 0.025117 0.033979
0 0.764070 0.603391 0.026578 0.031552
0 0.807938 0.594167 0.026938 0.032521
0 0.853254 0.583729 0.029492 0.035917
0 0.843605 0.636411 0.027664 0.036365
0 0.798836 0.644401 0.028391 0.034948
0 0.756426 0.651198 0.026570 0.035917
0 0.719297 0.658964 0.022938 0.030094
0 0.682711 0.664786 0.023297 0.029115
0 0.648855 0.670609 0.020383 0.027177
0 0.617551 0.675224 0.020383 0.028635
0 0.588797 0.681776 0.019656 0.025240
0 0.560219 0.686385 0.017844 0.023792
0 0.558578 0.723276 0.018203 0.025740
0 0.584609 0.720844 0.018562 0.024750
0 0.613551 0.716240 0.018930 0.026208
0 0.643945 0.711380 0.020750 0.028156
0 0.676523 0.707495 0.022562 0.030094
0 0.711469 0.702406 0.022562 0.032521
0 0.749145 0.698036 0.023664 0.035427
0 0.789551 0.691969 0.025852 0.033000
0 0.832867 0.687599 0.028031 0.034948
0 0.824680 0.734432 0.026938 0.033490
0 0.814484 0.780542 0.025484 0.034458
0 0.806660 0.824229 0.025852 0.034458
0 0.768258 0.824714 0.028391 0.033490
0 0.782270 0.738802 0.025117 0.030583
0 0.742957 0.742203 0.026570 0.033490
0 0.736402 0.785156 0.025117 0.033000
0 0.729852 0.825927 0.022938 0.031062
0 0.705719 0.745448 0.023031 0.030333
0 0.671973 0.748484 0.022273 0.030344
0 0.639613 0.750339 0.019742 0.027969
0 0.609785 0.753880 0.019742 0.028990
0 0.581348 0.757417 0.018477 0.023250
0 0.555309 0.760792 0.016461 0.022583
0 0.553035 0.794661 0.016461 0.022927
0 0.579578 0.794490 0.018484 0.024604
0 0.606879 0.792974 0.018477 0.025615
0 0.636457 0.791292 0.018477 0.024938
0 0.666664 0.788427 0.019750 0.026625
0 0.700664 0.786906 0.021000 0.031687
0 0.695230 0.826010 0.022273 0.030333
0 0.662621 0.827359 0.021258 0.027635
0 0.632410 0.827187 0.017977 0.025958
0 0.603211 0.828031 0.018734 0.026958
0 0.575531 0.828875 0.017969 0.025958
0 0.550758 0.829547 0.017969 0.025281
0 0.548480 0.863589 0.015445 0.019885
0 0.574016 0.863255 0.016969 0.021906
0 0.599672 0.863760 0.017719 0.024271
0 0.627984 0.863245 0.021766 0.024615
0 0.657816 0.864094 0.019742 0.026292
0 0.689543 0.865781 0.021508 0.029667
0 0.722656 0.865781 0.022016 0.029667
0 0.718484 0.903359 0.021766 0.029323
0 0.684738 0.902182 0.019992 0.028990
0 0.654277 0.901844 0.020242 0.024938
0 0.623941 0.897630 0.018727 0.025948
0 0.597527 0.898307 0.017977 0.023927
0 0.571359 0.897969 0.016203 0.021917
0 0.546336 0.895781 0.017219 0.022917
0 0.712547 0.940604 0.020000 0.024938
0 0.680063 0.938583 0.020750 0.024937
0 0.649598 0.935380 0.019492 0.025948
0 0.621539 0.933359 0.020000 0.025281
0 0.593480 0.930323 0.021508 0.026625
0 0.569594 0.928135 0.017719 0.021563
0 0.617875 0.966052 0.017219 0.022583
0 0.645809 0.969089 0.018992 0.025948
0 0.706859 0.973979 0.021766 0.028313
