0 0.1765159999999999 0.08262400000000003 0.1387 0.104026
0 0.5595000000000001 0.132506 0.129234 0.099288
0 0.890466 0.14893200000000006 0.160766 0.108512
0 0.4050419999999999 0.33803800000000006 0.14815 0.103824
0 0.731284 0.34397600000000006 0.1576 0.1156
0 0.23009999999999997 0.5401879999999999 0.145 0.110876
0 0.567374 0.5626500000000001 0.157616 0.123176
0 0.9156839999999999 0.5851059999999999 0.160766 0.125538
0 0.39086599999999994 0.789482 0.1513 0.118212
0 0.748624 0.814538 0.15445 0.13475
