0 0.878872 0.15603199999999995 0.04596 0.075202
0 0.844562 0.20524600000000004 0.054108 0.0713
0 0.810218 0.257914 0.058754 0.074394
0 0.942878 0.1502239999999999 0.049462 0.066636
0 0.911448 0.20096399999999992 0.043636 0.072062
0 0.80702 0.35865400000000003 0.05936 0.086816
0 0.910286 0.29125599999999996 0.049462 0.072826
0 0.87596 0.3462559999999999 0.047138 0.068206
0 0.84367 0.401278 0.059326 0.07592
0 0.93793 0.432264 0.053502 0.068206
0 0.907962 0.4838119999999999 0.047104 0.068968
0 0.87335 0.540762 0.057004 0.082152
0 0.967946 0.47212999999999994 0.04606 0.068834
0 0.939664 0.524664 0.048148 0.073452
0 0.905808 0.5800000000000001 0.054444 0.070672
0 0.869848 0.6315919999999999 0.050942 0.06973
0 0.97037 0.5674440000000001 0.045388 0.075336
0 0.936868 0.6190580000000001 0.049562 0.072556
0 0.81409 0.06441800000000009 0.056262 0.079418
0 0.882206 0.05728599999999995 0.051886 0.069104
0 0.844866 0.1092820000000001 0.051886 0.06583
0 0.945724 0.05213000000000001 0.042154 0.066502
0 0.910808 0.10412599999999994 0.048014 0.06843
0 0.974882 0.10062799999999994 0.048282 0.069776
0 0.809344 0.1626240000000001 0.06165 0.080582
0 0.879462 0.25018000000000007 0.05064 0.072826
0 0.844242 0.3032520000000001 0.050034 0.072062
0 0.97458 0.18894600000000006 0.046532 0.06973
0 0.944024 0.24125599999999991 0.04596 0.070494
0 0.973418 0.28697400000000006 0.052356 0.065874
0 0.942004 0.33773600000000004 0.051212 0.071256
0 0.907676 0.38809399999999994 0.05239 0.06973
0 0.872172 0.44544800000000007 0.052356 0.07592
0 0.970218 0.37726400000000004 0.048316 0.072826
0 0.967306 0.6556280000000001 0.045522 0.073318
0 0.904158 0.6737219999999999 0.049932 0.070404
0 0.936464 0.7128479999999999 0.047004 0.066502
0 0.96803 0.75047 0.048452 0.065516
0 0.902374 0.7658959999999999 0.045354 0.074036
0 0.933484 0.801884 0.049462 0.073992
0 0.966886 0.838206 0.046902 0.0774
