0 0.44714199999999993 0.48807599999999995 0.015428 0.026666
0 0.6954 0.04361999999999999 0.013086 0.02781
0 0.7119420000000001 0.0776380000000001 0.012858 0.02659
0 0.6754720000000001 0.05160000000000009 0.013228 0.026324
0 0.6922280000000001 0.08601999999999999 0.012858 0.02659
0 0.653686 0.0604579999999999 0.014914 0.026134
0 0.672572 0.09775200000000006 0.014286 0.028648
0 0.39308600000000005 0.1829719999999999 0.018286 0.034666
0 0.4196580000000001 0.17173400000000005 0.018286 0.034666
0 0.38965800000000006 0.23382799999999992 0.018286 0.034666
0 0.4156580000000001 0.22049600000000003 0.018286 0.034666
0 0.386514 0.2894479999999999 0.018286 0.034666
0 0.41280000000000006 0.27611399999999997 0.018286 0.034666
0 0.4388000000000001 0.264686 0.018286 0.034666
0 0.4413720000000001 0.20906599999999997 0.018286 0.034666
0 0.44422800000000007 0.15992399999999996 0.018286 0.034666
0 0.4688000000000001 0.1469720000000001 0.018286 0.034666
0 0.4648000000000001 0.19687600000000005 0.018286 0.034666
0 0.4625140000000001 0.25249600000000005 0.018286 0.034666
0 0.4590860000000001 0.3008759999999999 0.018286 0.034666
0 0.4350860000000001 0.313828 0.018286 0.034666
0 0.41080000000000005 0.32602 0.018286 0.034666
0 0.4859420000000001 0.28792400000000007 0.018286 0.034666
0 0.4890859999999999 0.23725799999999997 0.018286 0.034666
0 0.4925139999999999 0.18392399999999998 0.018286 0.034666
0 0.49565799999999993 0.13630399999999998 0.018286 0.034666
0 0.5222279999999999 0.12411400000000006 0.018286 0.034666
0 0.515658 0.1732579999999999 0.018286 0.034666
0 0.5396860000000001 0.16158000000000006 0.017658 0.033638
0 0.5439419999999999 0.11382800000000004 0.018286 0.034666
0 0.384514 0.34087599999999996 0.018286 0.034666
0 0.382514 0.3892580000000001 0.018286 0.034666
0 0.40680000000000005 0.37554200000000004 0.018286 0.034666
0 0.4316580000000001 0.363734 0.018286 0.034666
0 0.4553720000000001 0.3511040000000001 0.018286 0.033028
0 0.48268599999999995 0.334152 0.017486 0.031886
0 0.506114 0.3208200000000001 0.017486 0.031886
0 0.5653999999999999 0.10083799999999998 0.014572 0.028572
0 0.5904 0.09207600000000005 0.014286 0.029334
0 0.6113999999999999 0.08083799999999997 0.014 0.028952
0 0.6675420000000001 0.14727599999999996 0.013714 0.026972
0 0.5619719999999999 0.14959999999999996 0.015714 0.030096
0 0.5859719999999999 0.1389339999999999 0.015142 0.030858
0 0.6071139999999999 0.12807600000000008 0.014572 0.029714
0 0.629114 0.11797999999999997 0.013428 0.028572
0 0.649114 0.1090279999999999 0.014 0.029714
0 0.6329720000000001 0.0718859999999999 0.013714 0.028572
0 0.512542 0.22617200000000004 0.017428 0.033142
0 0.5351140000000001 0.21493399999999996 0.015142 0.032
0 0.6548579999999999 0.514742 0.012286 0.026286
0 0.6357139999999999 0.5276959999999999 0.012286 0.026286
0 0.6574279999999999 0.4728380000000001 0.012286 0.026286
0 0.6394280000000001 0.4854099999999999 0.012286 0.026286
0 0.6614279999999999 0.4316960000000001 0.012286 0.026286
0 0.6419999999999999 0.4431240000000001 0.012286 0.026286
0 0.6242859999999999 0.41798 0.012286 0.026286
0 0.6211420000000001 0.45798000000000005 0.012286 0.026286
0 0.5994280000000001 0.4728380000000001 0.012286 0.026286
0 0.5802860000000001 0.4854099999999999 0.012286 0.026286
0 0.6171420000000001 0.500648 0.012286 0.026286
0 0.607286 0.390552 0.012858 0.025904
0 0.5860000000000001 0.4006479999999999 0.013714 0.024762
0 0.6037140000000001 0.43093399999999993 0.013714 0.024762
0 0.5822860000000001 0.443886 0.013714 0.024762
0 0.565714 0.41341000000000006 0.013714 0.024762
0 0.542 0.42826600000000004 0.013714 0.024762
0 0.562 0.45455200000000007 0.013714 0.024762
0 0.5965720000000001 0.514742 0.013714 0.024762
0 0.6134280000000001 0.5425519999999999 0.013714 0.024762
0 0.5914280000000001 0.555504 0.013714 0.024762
0 0.5900000000000001 0.5966480000000001 0.013714 0.024762
0 0.573142 0.568076 0.013714 0.024762
0 0.553142 0.584838 0.013714 0.024762
0 0.529428 0.6012200000000001 0.013714 0.024762
0 0.5548580000000001 0.5421720000000001 0.013714 0.024762
0 0.577428 0.52922 0.013714 0.024762
0 0.56 0.501028 0.013714 0.024762
0 0.535428 0.5174099999999999 0.013714 0.024762
0 0.538572 0.4736 0.013714 0.024762
0 0.517142 0.4876959999999999 0.013714 0.024762
0 0.519142 0.44274199999999997 0.013714 0.024762
0 0.497142 0.45645800000000003 0.013714 0.024762
0 0.494 0.5014099999999999 0.013714 0.024762
0 0.512858 0.532076 0.013142 0.027048
0 0.532572 0.5616000000000001 0.013142 0.027048
0 0.509714 0.5741719999999999 0.013142 0.027048
0 0.487714 0.590552 0.013142 0.027048
0 0.507428 0.6172200000000001 0.013142 0.027048
0 0.46514199999999994 0.608838 0.013142 0.027048
0 0.49 0.5468 0.014286 0.028686
0 0.5928580000000001 0.31283799999999995 0.016572 0.028572
0 0.468572 0.56162 0.014286 0.028686
0 0.4415720000000001 0.579504 0.013428 0.028952
0 0.470286 0.5179800000000001 0.015428 0.02781
0 0.44371399999999994 0.53379 0.015428 0.026666
0 0.42028599999999994 0.5496000000000001 0.017142 0.026286
0 0.42328600000000005 0.502934 0.016858 0.028952
0 0.42437199999999997 0.06697200000000003 0.018 0.030476
0 0.450086 0.055924000000000085 0.016858 0.030476
0 0.4753719999999999 0.04658999999999991 0.017142 0.030096
0 0.503058 0.033809999999999896 0.015258 0.0296
0 0.5259419999999999 0.0235240000000001 0.015258 0.0296
0 0.3965719999999999 0.13040000000000007 0.018286 0.033142
0 0.42108600000000007 0.11916199999999999 0.018286 0.033142
0 0.44794200000000006 0.10811400000000004 0.018286 0.033142
0 0.4722280000000001 0.0959239999999999 0.018286 0.033142
0 0.4993719999999999 0.0844959999999999 0.018286 0.033142
0 0.5239419999999999 0.07230399999999992 0.018286 0.033142
0 0.5468 0.06392400000000009 0.018286 0.033142
0 0.568514 0.05401999999999996 0.018286 0.033142
0 0.5928 0.04411399999999999 0.018286 0.033142
0 0.614228 0.034972 0.018286 0.033142
0 0.637686 0.025771999999999906 0.017086 0.031504
0 0.8048 0.03306600000000004 0.013142 0.02621
0 0.787086 0.04221000000000008 0.013142 0.02621
0 0.7550859999999999 0.014019999999999921 0.013142 0.02621
0 0.769372 0.05097200000000002 0.013142 0.02621
0 0.7516579999999999 0.058210000000000095 0.013142 0.02621
0 0.734972 0.024075999999999986 0.013942 0.027276
0 0.7153719999999999 0.03283799999999992 0.013142 0.026514
0 0.730542 0.06773399999999996 0.0148 0.02621
0 0.5582 0.20403799999999994 0.014114 0.032304
0 0.5825419999999999 0.19226600000000005 0.014572 0.030858
0 0.603542 0.18198000000000003 0.015428 0.03162
0 0.6244000000000001 0.1703619999999999 0.013142 0.029714
0 0.6439140000000001 0.15874199999999994 0.012972 0.029334
0 0.6869719999999999 0.13702799999999993 0.013142 0.025524
0 0.705972 0.12537200000000004 0.012858 0.025066
0 0.726542 0.11756199999999994 0.012286 0.024686
0 0.7461139999999999 0.10788599999999993 0.012286 0.024686
0 0.764114 0.09797999999999996 0.012286 0.024686
0 0.781542 0.087696 0.012286 0.024686
0 0.798686 0.07969599999999999 0.012286 0.024686
0 0.794686 0.1189340000000001 0.012286 0.024686
0 0.776972 0.13112400000000002 0.012286 0.024686
0 0.7604 0.140266 0.012286 0.024686
0 0.7415419999999999 0.1509339999999999 0.012286 0.024686
0 0.7206859999999999 0.160458 0.012286 0.024686
0 0.7018279999999999 0.1703619999999999 0.012286 0.024686
0 0.771828 0.1715040000000001 0.012286 0.024686
0 0.7555419999999999 0.18141000000000007 0.012286 0.024686
0 0.736972 0.19055200000000005 0.012286 0.024686
0 0.7163999999999999 0.20312400000000008 0.012286 0.024686
0 0.6975420000000001 0.2134100000000001 0.012286 0.024686
0 0.6841140000000001 0.17798000000000003 0.012286 0.024686
0 0.6644000000000001 0.19055200000000005 0.012286 0.024686
0 0.6786859999999999 0.22217200000000004 0.012286 0.024686
0 0.6606860000000001 0.23360000000000003 0.012286 0.024686
0 0.6429720000000001 0.20121999999999995 0.012286 0.024686
0 0.6212580000000001 0.2111240000000001 0.012286 0.024686
0 0.600686 0.223314 0.012286 0.024686
0 0.638142 0.245676 0.015142 0.026742
0 0.6172580000000001 0.25760000000000005 0.015142 0.026742
0 0.5968279999999999 0.2684580000000001 0.015714 0.028572
0 0.574972 0.282934 0.016 0.028572
0 0.5505420000000001 0.2976000000000001 0.016286 0.028952
0 0.5285420000000001 0.3090280000000001 0.016286 0.029714
0 0.579542 0.23702800000000002 0.014286 0.027428
0 0.5539719999999999 0.250742 0.014572 0.027428
0 0.531258 0.2625519999999999 0.015428 0.026666
0 0.509258 0.27340999999999993 0.014286 0.026286
0 0.4034279999999999 0.42274199999999995 0.016 0.024
0 0.42900000000000005 0.4103619999999999 0.016286 0.029714
0 0.45342799999999994 0.3949339999999999 0.016572 0.02781
0 0.4795720000000001 0.3817900000000001 0.016286 0.030476
0 0.502572 0.36807600000000007 0.016572 0.029714
0 0.525428 0.35607600000000006 0.016572 0.028572
0 0.547428 0.3421719999999999 0.016572 0.028572
0 0.571142 0.3261719999999999 0.016572 0.028572
0 0.6134280000000001 0.30179 0.016572 0.028572
0 0.543714 0.38369600000000004 0.016572 0.028572
0 0.567142 0.3707419999999999 0.016572 0.028572
0 0.521142 0.398552 0.016572 0.028572
0 0.498286 0.41341000000000006 0.016572 0.028572
0 0.476 0.4263619999999999 0.016572 0.028572
0 0.448858 0.44198000000000004 0.016572 0.028572
0 0.4257139999999999 0.4560759999999999 0.016572 0.028572
0 0.4017139999999999 0.471314 0.016572 0.028572
0 0.589 0.3570279999999999 0.015142 0.025904
0 0.609858 0.3461719999999999 0.014 0.027048
0 0.629286 0.33493400000000007 0.013428 0.026666
0 0.6519999999999999 0.31855199999999995 0.013142 0.025142
0 0.6714279999999999 0.30861000000000005 0.013142 0.025828
0 0.6895720000000001 0.2962659999999999 0.012286 0.026286
0 0.707428 0.2861720000000001 0.012286 0.026286
0 0.73 0.270934 0.012286 0.026286
0 0.745428 0.2602660000000001 0.012286 0.026286
0 0.764 0.24922 0.012286 0.026286
0 0.768286 0.20998000000000006 0.012286 0.026286
0 0.749714 0.22026600000000007 0.012286 0.026286
0 0.730858 0.23245800000000005 0.012286 0.026286
0 0.712286 0.24350399999999994 0.012286 0.026286
0 0.6937139999999999 0.25378999999999996 0.012286 0.026286
0 0.6759999999999999 0.26560000000000006 0.012286 0.026286
0 0.6559999999999999 0.27779 0.012286 0.026286
0 0.6354280000000001 0.28922000000000003 0.012286 0.026286
0 0.761428 0.29302800000000007 0.012286 0.026286
0 0.742286 0.30255199999999993 0.012286 0.026286
0 0.725142 0.31322000000000005 0.012286 0.026286
0 0.738858 0.34407600000000005 0.012286 0.026286
0 0.722 0.3532200000000001 0.012286 0.026286
0 0.700858 0.36617199999999994 0.012286 0.026286
0 0.704858 0.32541 0.012286 0.026286
0 0.686286 0.3375999999999999 0.012286 0.026286
0 0.6691419999999999 0.34826599999999996 0.012286 0.026286
0 0.682572 0.3787419999999999 0.012286 0.026286
0 0.718 0.3947419999999999 0.012286 0.026286
0 0.696572 0.40998 0.012286 0.026286
0 0.6794279999999999 0.41912400000000005 0.012286 0.026286
0 0.6494279999999999 0.3612200000000001 0.012286 0.026286
0 0.6639999999999999 0.39169600000000004 0.012286 0.026286
0 0.6459999999999999 0.40198 0.012286 0.026286
0 0.6262859999999999 0.37569600000000003 0.012286 0.026286
0 0.6931419999999999 0.45036199999999993 0.012286 0.026286
0 0.6751419999999999 0.46026600000000006 0.012286 0.026286
0 0.672858 0.501028 0.012286 0.026286
0 0.4738579999999999 0.4745520000000001 0.016858 0.03162
