0 0.05560399999999999 0.032572000000000045 0.050638 0.027296
0 0.05639599999999989 0.06358799999999998 0.049054 0.026124
0 0.05586800000000003 0.09702199999999994 0.049054 0.025814
0 0.059296000000000015 0.1296060000000001 0.047472 0.026722
0 0.05876999999999999 0.1627639999999999 0.045362 0.022942
0 0.11626399999999992 0.031279999999999974 0.045362 0.021794
0 0.11547200000000002 0.062284000000000006 0.046946 0.023516
0 0.11890200000000006 0.09587400000000001 0.044308 0.022368
0 0.11810999999999994 0.12890000000000001 0.05011 0.022392
0 0.12048400000000004 0.16089799999999999 0.048528 0.022656
0 0.1792959999999999 0.0307059999999999 0.040616 0.020646
0 0.1806160000000001 0.06336199999999992 0.048616 0.02232
0 0.18287999999999993 0.0960160000000001 0.045582 0.021508
0 0.18287999999999993 0.1282540000000001 0.051648 0.023972
0 0.18327399999999994 0.16070600000000002 0.047868 0.021076
0 0.24252800000000008 0.030084 0.044792 0.023564
0 0.24290199999999995 0.062117999999999896 0.048616 0.023134
0 0.24404399999999993 0.09394799999999992 0.04633 0.022344
0 0.2447919999999999 0.12805 0.04633 0.024378
0 0.24632999999999994 0.16071799999999992 0.041758 0.022728
0 0.304044 0.0300720000000001 0.040264 0.021914
0 0.30518599999999996 0.06231999999999993 0.044044 0.0211
0 0.3044180000000001 0.09332600000000002 0.047076 0.025216
0 0.30444000000000004 0.12597999999999998 0.048616 0.025216
0 0.30593399999999993 0.1571880000000001 0.048616 0.024808
0 0.3678459999999999 0.029879999999999907 0.046374 0.023972
0 0.3670979999999999 0.06025199999999997 0.047868 0.026052
0 0.367472 0.091256 0.04255 0.024378
0 0.3685940000000001 0.12433000000000005 0.047868 0.021914
0 0.3678680000000001 0.15781200000000006 0.04633 0.026052
0 0.42822000000000005 0.02656600000000009 0.04255 0.023996
0 0.4286160000000001 0.05777600000000005 0.047824 0.024402
0 0.429384 0.0918779999999999 0.053934 0.024808
0 0.43013199999999996 0.12289400000000006 0.046374 0.023972
0 0.428242 0.1574040000000001 0.050154 0.023564
0 0.492418 0.025943999999999967 0.044792 0.023564
0 0.4905060000000001 0.05839799999999995 0.048616 0.025646
0 0.4893620000000001 0.09043000000000001 0.04633 0.021914
0 0.49202199999999996 0.12227199999999994 0.045582 0.022728
0 0.49090199999999995 0.15555000000000008 0.047824 0.023972
0 0.5524180000000001 0.025322000000000067 0.044792 0.023134
0 0.554308 0.055909999999999904 0.047076 0.023972
0 0.551274 0.08961799999999998 0.051648 0.025216
0 0.553186 0.1214360000000001 0.047824 0.025216
0 0.55356 0.15533400000000008 0.047076 0.026028
0 0.613186 0.05777600000000005 0.044836 0.022728
0 0.615472 0.08817000000000008 0.040264 0.02232
0 0.61622 0.121448 0.049406 0.023564
0 0.6169899999999999 0.15368399999999993 0.044792 0.02689
0 0.6789019999999999 0.02326600000000001 0.048616 0.024808
0 0.6792739999999999 0.05488000000000004 0.055428 0.02689
0 0.678506 0.08940199999999998 0.047824 0.024784
0 0.679648 0.12040600000000001 0.05011 0.023158
0 0.677362 0.151208 0.05011 0.026052
0 0.7396480000000001 0.05488000000000004 0.04255 0.021914
0 0.740022 0.085264 0.047868 0.023158
0 0.7419119999999999 0.11875600000000008 0.051648 0.023972
0 0.7407919999999999 0.1505860000000001 0.049406 0.024808
0 0.06171400000000005 0.21121999999999996 0.049582 0.024114
0 0.06171400000000005 0.24251200000000006 0.041142 0.021244
0 0.06276999999999999 0.2749520000000001 0.045362 0.024114
0 0.06408799999999992 0.3063880000000001 0.040616 0.023254
0 0.064616 0.3346659999999999 0.04589 0.024114
0 0.12263800000000002 0.2092099999999999 0.042726 0.024688
0 0.12448400000000004 0.24079000000000006 0.040088 0.022392
0 0.12448400000000004 0.27136399999999994 0.047472 0.024402
0 0.1271199999999999 0.30452199999999996 0.044308 0.022392
0 0.12580199999999997 0.33610000000000007 0.042726 0.02354
0 0.18540599999999996 0.20720000000000005 0.04589 0.024114
0 0.18751600000000002 0.24064599999999992 0.04589 0.023254
0 0.18672599999999995 0.27122 0.042198 0.021818
0 0.1864619999999999 0.3025119999999999 0.046946 0.024114
0 0.188836 0.3349519999999999 0.044308 0.021818
0 0.2460659999999999 0.20619600000000005 0.042726 0.023254
0 0.2479119999999999 0.24007200000000006 0.044308 0.02268
0 0.24712 0.26992799999999995 0.046946 0.022106
0 0.250286 0.30093400000000003 0.049054 0.02268
0 0.24896800000000008 0.3332299999999999 0.046418 0.024688
0 0.30857200000000007 0.2074879999999999 0.044308 0.024688
0 0.30777999999999994 0.23748799999999992 0.048 0.023254
0 0.308044 0.26892399999999994 0.046418 0.024114
0 0.30989 0.30093400000000003 0.04589 0.02268
0 0.30989 0.3310759999999999 0.04589 0.02555
0 0.3718680000000001 0.2060519999999999 0.052748 0.025264
0 0.3700220000000001 0.23605199999999993 0.049054 0.023254
0 0.3721319999999999 0.26849199999999995 0.046946 0.021532
0 0.370814 0.30093400000000003 0.047472 0.023254
0 0.37266 0.3300719999999999 0.044836 0.025838
0 0.43094600000000005 0.20461799999999997 0.045362 0.021818
0 0.4314720000000001 0.236626 0.043252 0.021532
0 0.43279200000000007 0.267344 0.04378 0.023828
0 0.430682 0.29892399999999997 0.046946 0.023828
0 0.43384599999999995 0.33021600000000007 0.044836 0.024402
0 0.492132 0.2040439999999999 0.042198 0.02354
0 0.49344999999999994 0.23634 0.04589 0.021532
0 0.4945059999999999 0.2693540000000001 0.05011 0.026698
0 0.4950319999999999 0.298492 0.05222 0.029282
0 0.49397800000000003 0.3276319999999999 0.04589 0.02555
0 0.554638 0.2028939999999999 0.040616 0.021818
0 0.5543739999999999 0.235622 0.046418 0.02354
0 0.554638 0.26490400000000003 0.04589 0.024688
0 0.5578019999999999 0.2971999999999999 0.051164 0.026124
0 0.556748 0.3283499999999999 0.049054 0.028134
0 0.617934 0.20232000000000006 0.04589 0.022966
0 0.616616 0.2339 0.043252 0.021244
0 0.616088 0.2644740000000001 0.047472 0.023254
0 0.6176699999999999 0.29562200000000005 0.044308 0.021818
0 0.6770099999999999 0.20160200000000006 0.044836 0.022106
0 0.6767479999999999 0.23404399999999992 0.044308 0.023828
0 0.67411 0.26289399999999996 0.047472 0.02354
0 0.6770099999999999 0.2969139999999999 0.048 0.024402
0 0.6767479999999999 0.326052 0.048528 0.024688
0 0.739252 0.1997359999999999 0.048 0.021818
0 0.7397800000000001 0.23275200000000007 0.046946 0.022966
0 0.7363519999999999 0.2627520000000001 0.044308 0.02268
0 0.7379340000000001 0.295048 0.048528 0.025264
0 0.06773600000000002 0.382752 0.043956 0.02177
0 0.06993399999999994 0.41445 0.043956 0.021052
0 0.12817600000000007 0.38287000000000004 0.044396 0.022488
0 0.18993400000000005 0.380598 0.043956 0.022248
0 0.250154 0.380358 0.042198 0.023684
0 0.13103200000000004 0.413254 0.04044 0.021052
0 0.19235200000000008 0.4126559999999999 0.041758 0.022728
0 0.2508140000000001 0.41062200000000004 0.044396 0.024402
0 0.06905399999999995 0.4441139999999999 0.04044 0.020096
0 0.13213199999999992 0.44459399999999993 0.04088 0.020574
0 0.19279200000000007 0.4436359999999999 0.046154 0.02488
0 0.252572 0.44256000000000006 0.04088 0.022248
0 0.07147199999999998 0.4752160000000001 0.04 0.022966
0 0.13169199999999992 0.474618 0.043516 0.022248
0 0.19125199999999998 0.4728220000000001 0.03956 0.020574
0 0.25432999999999995 0.47354000000000007 0.03912 0.021532
0 0.07254999999999989 0.5061720000000001 0.042154 0.020096
0 0.07252799999999993 0.536076 0.038682 0.020096
0 0.13296799999999998 0.5052160000000001 0.04088 0.020096
0 0.13252799999999998 0.5349999999999999 0.041758 0.020334
0 0.1956039999999999 0.5040199999999999 0.043076 0.022488
0 0.19386799999999993 0.5347599999999999 0.043032 0.022248
0 0.2549459999999999 0.5035400000000001 0.043076 0.02201
0 0.25560399999999994 0.5349999999999999 0.04088 0.023206
0 0.31301 0.37985599999999997 0.043956 0.023924
0 0.31145 0.410358 0.04523 0.022248
0 0.373208 0.3785400000000001 0.041274 0.021292
0 0.4343079999999999 0.3783019999999999 0.045758 0.026076
0 0.37189000000000005 0.4097599999999999 0.04488 0.022966
0 0.432528 0.40808599999999995 0.047472 0.025838
0 0.31472600000000006 0.440264 0.043956 0.02177
0 0.37604400000000004 0.439678 0.045274 0.024426
0 0.4376040000000001 0.43848 0.04699 0.024426
0 0.3158240000000001 0.4720819999999999 0.046154 0.022728
0 0.3767480000000001 0.46957000000000004 0.048352 0.023444
0 0.315164 0.501268 0.045714 0.021292
0 0.375648 0.5015080000000001 0.046154 0.025598
0 0.43694600000000006 0.4696880000000001 0.04488 0.023684
0 0.435384 0.5007900000000001 0.044396 0.023206
0 0.493868 0.37638799999999994 0.04523 0.023684
0 0.4949680000000001 0.406412 0.043032 0.024402
0 0.4956259999999999 0.43811 0.04356 0.023684
0 0.4969460000000001 0.46861200000000003 0.04699 0.02488
0 0.5578240000000001 0.37495199999999995 0.041274 0.02177
0 0.5558240000000001 0.4053340000000001 0.044396 0.02512
0 0.5549679999999999 0.4379900000000001 0.044352 0.025838
0 0.618682 0.37507200000000007 0.041758 0.023444
0 0.617362 0.404976 0.047912 0.025838
0 0.677362 0.3744860000000001 0.046594 0.02323
