0 0.81907 0.401362 0.062592 0.07684
0 0.879952 0.414006 0.059168 0.073242
0 0.935844 0.430382 0.059168 0.077112
0 0.827384 0.476976 0.065526 0.073298
0 0.888948 0.490654 0.057604 0.082452
0 0.949144 0.506076 0.057702 0.076676
0 0.843692 0.554904 0.060392 0.076458
0 0.904058 0.571744 0.060342 0.07951
0 0.960294 0.58861 0.057604 0.082724
0 0.869756 0.71545 0.06313 0.085614
0 0.854524 0.632806 0.060146 0.079346
0 0.912274 0.651254 0.054866 0.07951
0 0.928754 0.73079 0.054866 0.079564
0 0.875134 0.799536 0.062934 0.082562
0 0.888998 0.872834 0.057702 0.070136
0 0.93423 0.808746 0.060342 0.082562
0 0.950684 0.888338 0.065868 0.082724
0 0.902666 0.950926 0.06313 0.085614
0 0.718826 0.2109 0.06308 0.079564
0 0.672176 0.272016 0.052128 0.07951
0 0.727114 0.28733 0.05775 0.073406
0 0.584352 0.320872 0.052128 0.073242
0 0.633668 0.336268 0.05198 0.073406
0 0.683154 0.35 0.052176 0.070354
0 0.738044 0.360844 0.057604 0.073188
0 0.54181 0.383788 0.049388 0.070572
0 0.591222 0.398882 0.054914 0.076348
0 0.644792 0.409646 0.052224 0.073352
0 0.694132 0.424932 0.052128 0.073406
0 0.748998 0.437302 0.057604 0.073624
0 0.504792 0.446348 0.04665 0.067302
0 0.549976 0.455504 0.049584 0.073406
0 0.600832 0.472534 0.052128 0.070736
0 0.65159 0.487656 0.054866 0.076458
0 0.703716 0.499754 0.054866 0.07624
0 0.759976 0.512152 0.057556 0.076512
0 0.466356 0.50139 0.052128 0.07951
0 0.51159 0.518092 0.043814 0.070082
0 0.561076 0.530464 0.049486 0.070408
0 0.61181 0.544224 0.052176 0.073406
0 0.661076 0.567166 0.051932 0.076458
0 0.71335 0.574686 0.052128 0.073624
0 0.772348 0.588528 0.065868 0.076458
0 0.621272 0.620708 0.049388 0.067574
0 0.67066 0.636022 0.049388 0.067466
0 0.72286 0.65278 0.055012 0.076458
0 0.782152 0.66921 0.06308 0.074114
0 0.392274 0.616076 0.04665 0.0703
0 0.440294 0.631362 0.054866 0.076458
0 0.486968 0.646622 0.043864 0.070246
0 0.530856 0.66346 0.049388 0.073406
0 0.473228 0.571662 0.043864 0.061036
0 0.521344 0.591608 0.046798 0.0703
0 0.57066 0.602316 0.052128 0.067302
0 0.429364 0.557766 0.04396 0.06376
0 0.581688 0.677248 0.052274 0.076458
0 0.632372 0.695586 0.049388 0.082616
0 0.683154 0.709346 0.057652 0.07951
0 0.736674 0.727712 0.054866 0.073406
0 0.79154 0.743052 0.060342 0.07357
0 0.40181 0.687902 0.049584 0.067248
0 0.447238 0.704714 0.046552 0.064142
0 0.493766 0.720028 0.052078 0.076458
0 0.541932 0.738256 0.049634 0.070082
0 0.592616 0.753814 0.052128 0.070572
0 0.644744 0.773542 0.052128 0.07951
0 0.69555 0.78733 0.049486 0.076458
0 0.74626 0.805694 0.057604 0.070354
0 0.802444 0.821062 0.054768 0.076676
0 0.36621 0.741444 0.043912 0.070354
0 0.411492 0.758228 0.046454 0.067194
0 0.458092 0.776512 0.046748 0.073134
0 0.50489 0.79346 0.046454 0.064306
0 0.551442 0.808856 0.052128 0.070572
0 0.60357 0.830028 0.052128 0.076186
0 0.654278 0.848474 0.054768 0.076458
0 0.705134 0.863788 0.051834 0.076458
0 0.758606 0.885204 0.054914 0.082562
0 0.814866 0.90199 0.057604 0.085614
0 0.373056 0.81485 0.04665 0.070354
0 0.416968 0.831554 0.04665 0.073134
0 0.463618 0.846976 0.04665 0.067356
0 0.51291 0.866894 0.051932 0.076566
0 0.562298 0.883652 0.051932 0.07902
0 0.613056 0.903678 0.049194 0.070572
0 0.662542 0.923188 0.054866 0.07297
0 0.716014 0.940108 0.057458 0.076186
0 0.338704 0.865314 0.049536 0.073406
0 0.385428 0.88496 0.043912 0.069864
0 0.42934 0.902044 0.043912 0.067302
0 0.473178 0.9203 0.049242 0.073298
0 0.521246 0.940272 0.052176 0.070408
0 0.572054 0.961662 0.054914 0.076458
0 0.344254 0.938638 0.049388 0.067138
0 0.390904 0.955586 0.043912 0.0703
0 0.945134 0.119074 0.065722 0.085558
0 0.786064 0.166486 0.060146 0.082288
0 0.845036 0.175722 0.057604 0.082562
0 0.90132 0.19109 0.054866 0.076676
0 0.958998 0.20169 0.060488 0.079456
0 0.802444 0.24605 0.054768 0.0703
0 0.854694 0.255368 0.054914 0.07673
0 0.912224 0.27049 0.055256 0.076458
0 0.806602 0.322616 0.06308 0.082834
0 0.865624 0.334742 0.054866 0.082562
0 0.923252 0.351554 0.060392 0.085668
