0 0.3105659999999999 0.31262999999999996 0.019726 0.02526
0 0.24992199999999998 0.3393219999999999 0.016796 0.021354
0 0.2732619999999999 0.33841199999999994 0.016602 0.020052
0 0.3222860000000001 0.33632799999999996 0.017774 0.01901
0 0.2616400000000001 0.3611979999999999 0.016406 0.01927
0 0.2851760000000001 0.3602860000000001 0.018554 0.020572
0 0.309102 0.36067800000000005 0.01836 0.023438
0 0.33370999999999995 0.3601559999999999 0.022266 0.023438
0 0.25041 0.384636 0.019336 0.01927
0 0.27336000000000005 0.3839840000000001 0.017968 0.019532
0 0.298554 0.3838539999999999 0.016796 0.019792
0 0.32160199999999994 0.383594 0.017968 0.01927
0 0.34552800000000006 0.3832040000000001 0.017774 0.01901
0 0.2616400000000001 0.408072 0.017968 0.022916
0 0.28576200000000007 0.40885400000000005 0.017774 0.023438
0 0.309296 0.408984 0.01914 0.022656
0 0.3335159999999999 0.40846399999999994 0.017968 0.023698
0 0.3556839999999999 0.40846399999999994 0.016992 0.02526
0 0.023740000000000094 0.34122399999999997 0.016152 0.026042
0 0.015098000000000056 0.368034 0.01871 0.021536
0 0.015009999999999968 0.412396 0.017676 0.02448
0 0.0979779999999999 0.44794200000000006 0.017128 0.02448
0 0.03449199999999997 0.64487 0.015976 0.018594
0 0.022764000000000006 0.70763 0.017676 0.019948
0 0.03368199999999999 0.731484 0.018692 0.018126
0 0.011717999999999895 0.730248 0.019024 0.022214
0 0.033984000000000014 0.6872 0.015976 0.02039
0 0.06847599999999998 0.729792 0.019024 0.021302
0 0.09295000000000009 0.72957 0.019024 0.019922
0 0.06695399999999996 0.687422 0.017344 0.022656
0 0.12404199999999999 0.7057819999999999 0.021406 0.021302
0 0.21257799999999993 0.6203639999999999 0.02039 0.018126
0 0.237568 0.6203639999999999 0.018692 0.018126
0 0.307744 0.53789 0.019708 0.019948
0 0.274786 0.51431 0.01836 0.019036
0 0.11062400000000006 0.4721740000000001 0.015624 0.018152
0 0.2606740000000001 0.44566400000000006 0.015958 0.018568
0 0.12047800000000009 0.409192 0.01834 0.020834
0 0.14341800000000005 0.36295600000000006 0.018008 0.019036
0 0.21326200000000006 0.17513 0.019726 0.022188
0 0.14053800000000005 0.12844999999999995 0.021074 0.023098
0 0.2980560000000001 0.335326 0.020058 0.02086
0 0.025957999999999926 0.39198 0.021836 0.022656
0 0.017079999999999984 0.449986 0.016152 0.021902
0 0.026707999999999954 0.4728380000000001 0.0167 0.01927
0 0.01779200000000003 0.49700600000000006 0.016992 0.01849
0 0.02855399999999997 0.5194799999999999 0.016992 0.019636
0 0.01750000000000007 0.5415620000000001 0.016992 0.020782
0 0.008955999999999964 0.602408 0.017714 0.017058
0 0.02055600000000002 0.623516 0.019278 0.02099
0 0.07802799999999999 0.6235679999999999 0.019336 0.019532
0 0.23892599999999997 0.4466540000000001 0.014688 0.022474
0 0.3087599999999999 0.4452480000000001 0.019708 0.021224
0 0.23585999999999996 0.22248599999999996 0.018008 0.024454
0 0.25982400000000005 0.22429600000000005 0.01836 0.02177
0 0.24703199999999992 0.19876399999999994 0.020742 0.022214
0 0.056758000000000086 0.10511800000000004 0.015976 0.021744
0 0.17577200000000004 0.2489459999999999 0.019708 0.026744
0 0.20075200000000004 0.24872399999999995 0.020058 0.027188
0 0.22471599999999992 0.24847599999999992 0.019042 0.024036
0 0.24851599999999996 0.24731799999999993 0.02039 0.02276
0 0.09216800000000003 0.27681 0.019024 0.023568
0 0.11629800000000001 0.2749999999999999 0.019708 0.02448
0 0.14059599999999994 0.27704400000000007 0.020058 0.024036
0 0.16456000000000004 0.2768219999999999 0.019708 0.027188
0 0.1881839999999999 0.2729680000000001 0.01664 0.026718
0 0.2111240000000001 0.2738799999999999 0.017676 0.025834
0 0.23559599999999992 0.2734239999999999 0.017676 0.024922
0 0.25871 0.27137999999999995 0.02039 0.028072
0 0.13322199999999995 0.33914 0.018672 0.02073
0 0.15574200000000005 0.340052 0.018476 0.02099
0 0.1800299999999999 0.33967400000000003 0.0183 0.019662
0 0.20412999999999992 0.33888000000000007 0.018106 0.02177
0 0.227236 0.33901000000000003 0.0183 0.023072
0 0.23785199999999995 0.36078199999999994 0.01711 0.022032
0 0.203222 0.385416 0.016992 0.022396
0 0.16642599999999996 0.36341200000000007 0.017774 0.020052
0 0.19045 0.3630199999999999 0.018164 0.021874
0 0.21437400000000006 0.36263 0.01914 0.020572
0 0.22589799999999993 0.38333400000000006 0.017968 0.023438
0 0.23859399999999997 0.4085939999999999 0.01836 0.023958
0 0.215352 0.4085939999999999 0.017968 0.021874
0 0.17980400000000007 0.3850260000000001 0.01875 0.021094
0 0.19259800000000005 0.408204 0.018554 0.02526
0 0.1678900000000001 0.40924399999999994 0.01875 0.022136
0 0.14454999999999996 0.41015599999999997 0.017382 0.021876
0 0.155586 0.38711000000000007 0.020312 0.023178
0 0.11945399999999995 0.36354200000000003 0.01914 0.022916
0 0.13175800000000004 0.3868480000000001 0.017578 0.021614
0 0.0962099999999999 0.36341200000000007 0.01875 0.021614
0 0.10880800000000002 0.388412 0.017382 0.023178
0 0.0848819999999999 0.38724000000000003 0.019922 0.021874
0 0.09611400000000003 0.4096359999999999 0.019336 0.022916
0 0.07394600000000007 0.364714 0.01836 0.023698
0 0.06125000000000003 0.389062 0.021876 0.02448
0 0.07199200000000006 0.41289 0.022266 0.025782
0 0.26203200000000004 0.314454 0.017578 0.023698
0 0.28586 0.314584 0.01875 0.022916
0 0.20089800000000002 0.1508339999999999 0.019376 0.022656
0 0.23759799999999998 0.1748559999999999 0.02004 0.02086
0 0.27260799999999996 0.24690199999999995 0.020722 0.022656
0 0.28347600000000006 0.27046799999999993 0.019376 0.02448
0 0.06714799999999999 0.17940200000000006 0.01836 0.022656
0 0.0928119999999999 0.1793880000000001 0.019376 0.024454
0 0.11796800000000007 0.17961000000000005 0.018008 0.021302
0 0.142266 0.1799599999999999 0.019726 0.02289
0 0.1665620000000001 0.17916599999999994 0.018008 0.02401
0 0.19007799999999997 0.17808599999999997 0.018984 0.024922
0 0.056114 0.20471400000000006 0.020118 0.024532
0 0.08033200000000007 0.20546799999999998 0.021524 0.025312
0 0.1043940000000001 0.20376400000000006 0.018126 0.021902
0 0.12846599999999997 0.20264400000000005 0.017558 0.02039
0 0.1535359999999999 0.20184800000000003 0.018984 0.021822
0 0.17647400000000002 0.20206999999999997 0.017832 0.021536
0 0.2008399999999999 0.20151000000000008 0.020118 0.022656
0 0.22462800000000005 0.19962199999999997 0.020664 0.021902
0 0.06828199999999995 0.22887999999999997 0.020118 0.023802
0 0.09251000000000009 0.2279420000000001 0.017558 0.025678
0 0.11629800000000001 0.22900999999999994 0.019708 0.02401
0 0.14026399999999994 0.22720000000000007 0.01666 0.023098
0 0.1638759999999999 0.22652399999999995 0.01834 0.021744
0 0.18920800000000004 0.22651 0.018692 0.02448
0 0.21180599999999994 0.22492200000000007 0.017676 0.021302
0 0.08061600000000002 0.25256600000000007 0.019042 0.02039
0 0.10422799999999999 0.25186200000000003 0.020058 0.020912
0 0.12819399999999992 0.24985600000000008 0.019042 0.023098
0 0.1523239999999999 0.2494019999999999 0.019726 0.025834
0 0.05522399999999994 0.15524800000000005 0.019042 0.022318
0 0.1782220000000001 0.10285199999999994 0.017774 0.023568
0 0.08122000000000007 0.15518199999999993 0.020058 0.02401
0 0.06831000000000009 0.12976600000000005 0.018692 0.020468
0 0.07386800000000004 0.4488939999999999 0.020118 0.022266
0 0.14466800000000002 0.44720000000000004 0.018398 0.023412
0 0.16747 0.44682200000000005 0.017558 0.022656
0 0.19225599999999998 0.446628 0.01955 0.020756
0 0.214912 0.44625000000000004 0.017286 0.025312
0 0.332314 0.44500000000000006 0.017558 0.02177
0 0.35582 0.44454400000000005 0.018126 0.021902
0 0.06433599999999995 0.47201800000000005 0.01582 0.019818
0 0.08711000000000002 0.4721740000000001 0.016054 0.02013
0 0.133378 0.471236 0.01793 0.02013
0 0.155918 0.47107999999999994 0.01582 0.017942
0 0.17975600000000003 0.47075599999999995 0.017714 0.021094
0 0.07495999999999992 0.49389400000000006 0.017226 0.01763
0 0.0980859999999999 0.4948300000000001 0.01582 0.018256
0 0.12216800000000005 0.49373599999999995 0.017696 0.019818
0 0.14470800000000006 0.4934240000000001 0.016054 0.019818
0 0.16806600000000005 0.49278599999999995 0.015586 0.020468
0 0.1908399999999999 0.49326800000000004 0.01629 0.01888
0 0.06292000000000009 0.515598 0.01959 0.020782
0 0.08734400000000009 0.5167060000000001 0.016524 0.020442
0 0.11024400000000001 0.517174 0.01795 0.02013
0 0.13408200000000003 0.515442 0.018398 0.020468
0 0.157802 0.5167060000000001 0.0158 0.017318
0 0.18010799999999993 0.5162359999999999 0.018886 0.019506
0 0.07682600000000006 0.54125 0.018614 0.019844
0 0.09915000000000007 0.539688 0.018418 0.021094
0 0.1224019999999999 0.5395179999999999 0.017226 0.019506
0 0.1455280000000001 0.540144 0.017696 0.019506
0 0.1681839999999999 0.5393619999999999 0.017226 0.019818
0 0.191562 0.538894 0.017226 0.02138
0 0.21398399999999995 0.5384119999999999 0.01629 0.022344
0 0.2376959999999999 0.537318 0.01746 0.020156
0 0.2603519999999999 0.53763 0.016524 0.022032
0 0.2830079999999999 0.5370060000000001 0.01746 0.022032
0 0.20324199999999992 0.471236 0.01793 0.01888
0 0.22660199999999997 0.470286 0.01746 0.020156
0 0.25020599999999993 0.4693480000000001 0.018886 0.017604
0 0.272988 0.46886800000000006 0.016758 0.019192
0 0.29693400000000003 0.46886800000000006 0.016992 0.018568
0 0.31983399999999995 0.46886800000000006 0.01795 0.020442
0 0.34307599999999994 0.46824200000000005 0.018652 0.019818
0 0.21467799999999992 0.49372400000000005 0.01959 0.021718
0 0.2381740000000001 0.492942 0.018886 0.022032
0 0.26106399999999996 0.49278599999999995 0.01748 0.019844
0 0.28548799999999996 0.492162 0.017696 0.022968
0 0.30826200000000004 0.49184800000000006 0.01793 0.021094
0 0.332344 0.4913160000000001 0.01793 0.01961
0 0.20312400000000008 0.5160800000000001 0.016758 0.019818
0 0.2263679999999999 0.515612 0.01746 0.01763
0 0.25020599999999993 0.5149859999999999 0.015098 0.018256
0 0.2977639999999999 0.514818 0.017714 0.019218
0 0.3197080000000001 0.5145059999999999 0.016758 0.020468
0 0.07182599999999995 0.317318 0.019824 0.020834
0 0.09594799999999992 0.31803399999999993 0.019668 0.025182
0 0.11935600000000002 0.31711 0.018868 0.023334
0 0.14246000000000003 0.316198 0.01711 0.022032
0 0.16616199999999992 0.3155460000000001 0.019668 0.022812
0 0.19084999999999996 0.316198 0.01752 0.023072
0 0.21406199999999997 0.316068 0.018672 0.023854
0 0.23697199999999996 0.3143879999999999 0.017696 0.024088
0 0.06064399999999992 0.3414980000000001 0.0175 0.021224
0 0.08434600000000003 0.34097599999999995 0.017714 0.020182
0 0.10804600000000009 0.33926999999999996 0.016718 0.02099
0 0.08038999999999996 0.105078 0.019532 0.024218
0 0.017557999999999963 0.10744799999999999 0.016992 0.02677
0 0.019803999999999933 0.1576439999999999 0.01629 0.02138
0 0.009892000000000012 0.18244799999999994 0.018652 0.021406
0 0.021385999999999905 0.20650999999999997 0.016602 0.020312
0 0.011503999999999959 0.23110600000000003 0.019532 0.022266
0 0.011924000000000046 0.31823 0.018418 0.029844
0 0.28463799999999995 0.446342 0.016308 0.02086
0 0.12149399999999999 0.44755199999999995 0.019708 0.024166
0 0.009864000000000095 0.645052 0.017304 0.017292
0 0.01172799999999996 0.6872780000000001 0.015136 0.017838
0 0.021972000000000103 0.6660159999999999 0.016914 0.017188
0 0.06591799999999992 0.644922 0.016132 0.019376
0 0.08912199999999992 0.6446099999999999 0.01707 0.01875
0 0.11173799999999989 0.6441399999999999 0.016914 0.021562
0 0.134258 0.643516 0.017344 0.020938
0 0.15650399999999998 0.6433599999999999 0.016914 0.02125
0 0.1812499999999999 0.64211 0.017578 0.019374
0 0.201152 0.6419539999999999 0.01621 0.020938
0 0.22599600000000009 0.6419539999999999 0.016132 0.022188
0 0.24814399999999992 0.642266 0.016446 0.020938
0 0.23642600000000003 0.6652340000000001 0.016446 0.020624
0 0.11354400000000009 0.7289460000000001 0.016152 0.021902
0 0.13633800000000007 0.7285680000000001 0.016426 0.019636
0 0.15955999999999992 0.729128 0.018692 0.025286
0 0.18167 0.728372 0.017558 0.022266
0 0.1932720000000001 0.7068479999999999 0.016426 0.025312
0 0.21465800000000002 0.7079819999999999 0.0167 0.025286
0 0.22698200000000002 0.6873959999999999 0.017558 0.025678
0 0.17033199999999993 0.7068479999999999 0.019258 0.020782
0 0.1483779999999999 0.7078 0.020664 0.023412
0 0.10221600000000008 0.707786 0.017832 0.021146
0 0.07969800000000005 0.7104299999999999 0.019824 0.02039
0 0.09060599999999996 0.687408 0.019532 0.021902
0 0.11326199999999997 0.6857040000000001 0.018398 0.02302
0 0.13548800000000005 0.687408 0.016992 0.024922
0 0.15772399999999998 0.6855199999999999 0.01955 0.024166
0 0.18095799999999995 0.685144 0.017266 0.021902
0 0.20276399999999994 0.6866540000000001 0.017832 0.02039
0 0.07842799999999994 0.6660680000000001 0.020098 0.02
0 0.1013679999999999 0.6660680000000001 0.017266 0.020782
0 0.12274399999999996 0.665508 0.016426 0.02039
0 0.14526400000000006 0.6651180000000001 0.01502 0.021902
0 0.16806600000000005 0.66513 0.016992 0.021146
0 0.19171800000000006 0.664752 0.017852 0.024922
0 0.21465800000000002 0.664558 0.017286 0.02302
0 0.28163000000000005 0.575248 0.016426 0.021902
0 0.2704500000000001 0.597526 0.018398 0.024166
0 0.2588379999999999 0.620938 0.018418 0.024166
0 0.258702 0.5760019999999999 0.018692 0.021902
0 0.24792999999999998 0.597526 0.019258 0.023438
0 0.23532200000000003 0.5769660000000001 0.017246 0.023724
0 0.22541999999999995 0.5977079999999999 0.01955 0.023802
0 0.21307600000000004 0.5754300000000001 0.01873 0.024558
0 0.20333 0.597904 0.018964 0.023412
0 0.18917000000000006 0.57599 0.01955 0.025678
0 0.17911199999999994 0.598098 0.018144 0.022292
0 0.19157200000000008 0.618684 0.018692 0.023412
0 0.16821200000000003 0.6213280000000001 0.018418 0.019636
0 0.14639599999999997 0.6207560000000001 0.020098 0.020782
0 0.12275400000000003 0.6220840000000001 0.019258 0.021146
0 0.09896400000000005 0.621888 0.019258 0.020756
0 0.15631799999999996 0.5999479999999999 0.020684 0.023854
0 0.13322199999999995 0.6001700000000001 0.022656 0.022682
0 0.1094440000000001 0.60168 0.020958 0.024192
0 0.08678800000000009 0.600338 0.019824 0.023072
0 0.09892600000000007 0.5781240000000001 0.019336 0.022396
0 0.12104399999999993 0.578646 0.016426 0.024166
0 0.14416000000000007 0.57789 0.017226 0.021928
0 0.16678799999999994 0.576368 0.017286 0.023412
0 0.10421799999999992 0.10403600000000002 0.01875 0.023698
0 0.12882799999999994 0.10338599999999998 0.017188 0.023958
0 0.15216800000000008 0.10338599999999998 0.018946 0.023438
0 0.09230399999999994 0.12955800000000006 0.01914 0.022656
0 0.11603600000000003 0.12890599999999997 0.018554 0.023438
0 0.16515600000000008 0.128776 0.017188 0.022136
0 0.18947200000000008 0.12812599999999996 0.018164 0.020834
0 0.2144919999999999 0.12740799999999997 0.019374 0.021744
0 0.2260359999999999 0.15106799999999998 0.021406 0.024948
0 0.10436599999999996 0.15490800000000005 0.018692 0.023568
0 0.12849599999999994 0.15356799999999993 0.019374 0.02448
0 0.15195399999999992 0.15287800000000007 0.01664 0.022214
0 0.1760839999999999 0.15269599999999994 0.021426 0.022578
