0 0.02623400000000009 0.04319600000000001 0.022134 0.051242
0 0.0626500000000001 0.04864000000000002 0.022766 0.056214
0 0.04403399999999991 0.0880479999999999 0.024466 0.056214
0 0.024599999999999955 0.130946 0.023334 0.051242
0 0.07984999999999998 0.09298800000000007 0.0239 0.056154
0 0.06291599999999997 0.13488199999999995 0.022234 0.055208
0 0.04403399999999991 0.17925999999999997 0.023334 0.057218
0 0.025700000000000056 0.22212999999999994 0.025534 0.060118
0 0.1017840000000001 0.13881600000000005 0.027766 0.059172
0 0.08234999999999992 0.1807399999999999 0.029966 0.058166
0 0.06568400000000008 0.22659800000000008 0.027766 0.061124
0 0.10096599999999989 0.22609400000000002 0.0272 0.06213
0 0.045466000000000006 0.45384599999999997 0.026 0.058934
0 0.08446599999999993 0.454912 0.0272 0.062486
0 0.06546600000000002 0.498934 0.026 0.058224
0 0.02666600000000008 0.5 0.0252 0.057514
0 0.04626599999999992 0.5433140000000001 0.026 0.054674
0 0.08466599999999991 0.545798 0.0268 0.062486
0 0.02746599999999999 0.5915980000000001 0.0252 0.057514
0 0.06666599999999989 0.5876920000000001 0.0252 0.055384
0 0.04826599999999992 0.6356219999999999 0.0252 0.057514
0 0.028466000000000102 0.6824859999999999 0.028 0.054674
0 0.025865999999999945 0.3171600000000001 0.0292 0.068166
0 0.06326600000000004 0.3157399999999999 0.0312 0.069586
0 0.10006599999999999 0.3192900000000001 0.0328 0.075266
0 0.04526600000000003 0.3654440000000001 0.0256 0.053964
0 0.08306600000000008 0.3686400000000001 0.03 0.060356
0 0.0264660000000001 0.4112420000000001 0.0256 0.053254
0 0.06466599999999989 0.41017799999999993 0.0268 0.061066
0 0.10166600000000003 0.4123079999999999 0.0264 0.049704
