0 0.245916 0.975756 0.057634 0.030762
0 0.31575 0.928506 0.056634 0.030038
0 0.3851 0.887488 0.0586 0.0271
0 0.444674 0.847568 0.05665 0.024912
0 0.601916 0.800688 0.048834 0.01905
0 0.546724 0.837312 0.053716 0.02345
0 0.490576 0.8776 0.054684 0.026376
0 0.430024 0.918256 0.05665 0.028562
0 0.363116 0.966232 0.057634 0.027838
0 0.480316 0.955638 0.057634 0.028524
0 0.5394 0.910562 0.0547 0.027824
0 0.597026 0.867344 0.050784 0.024912
0 0.652208 0.829256 0.05175 0.023438
0 0.697624 0.793732 0.046884 0.028562
0 0.794808 0.782376 0.04395 0.026376
0 0.751826 0.820462 0.04785 0.026374
0 0.705434 0.858918 0.052734 0.028562
0 0.651234 0.901406 0.055666 0.030038
0 0.593608 0.945356 0.057616 0.031488
0 0.740108 0.940962 0.057616 0.024176
0 0.7865 0.89555 0.0547 0.0271
0 0.800176 0.976126 0.05665 0.0315
0 0.912976 0.9666 0.057616 0.028576
0 0.95695 0.920088 0.053766 0.026376
0 0.847058 0.929244 0.05665 0.030038
0 0.832408 0.854524 0.050784 0.024174
0 0.878308 0.815338 0.050784 0.0249
0 0.91835 0.779812 0.048834 0.0227
0 0.892476 0.886024 0.053716 0.024176
0 0.937392 0.8461 0.053716 0.026374
0 0.973534 0.805812 0.0498 0.026376
