0 0.6726719999999999 0.630858 0.015058 0.032762
0 0.5742 0.706476 0.014286 0.03238
0 0.5987720000000001 0.70019 0.014286 0.03238
0 0.6233420000000001 0.694096 0.014286 0.03238
0 0.6464859999999999 0.688 0.014286 0.03238
0 0.6684859999999999 0.68381 0.014286 0.03238
0 0.6901999999999999 0.677334 0.014286 0.03238
0 0.7133419999999999 0.67162 0.014286 0.03238
0 0.7342 0.667048 0.014286 0.03238
0 0.7542 0.66019 0.014286 0.03238
0 0.5214859999999999 0.774858 0.017428 0.035048
0 0.545914 0.766858 0.017428 0.035048
0 0.568772 0.76 0.017428 0.035048
0 0.5930580000000001 0.754286 0.017428 0.035048
0 0.620314 0.747048 0.016628 0.035048
0 0.642172 0.740952 0.015772 0.033524
0 0.663486 0.734666 0.014572 0.03238
0 0.6839139999999999 0.729524 0.014572 0.03238
0 0.7073419999999999 0.721524 0.014572 0.03238
0 0.7282 0.716572 0.014572 0.03238
0 0.747342 0.712 0.014572 0.03238
0 0.766772 0.706286 0.014572 0.03238
0 0.490286 0.836762 0.017142 0.03238
0 0.5182 0.827048 0.017142 0.03238
0 0.543058 0.820572 0.017142 0.03238
0 0.5661 0.814096 0.016372 0.03238
0 0.5887720000000001 0.805334 0.017142 0.03238
0 0.6151 0.797714 0.016658 0.03238
0 0.6368579999999999 0.790476 0.016572 0.03238
0 0.658814 0.783904 0.016086 0.031428
0 0.680058 0.777334 0.014572 0.028572
0 0.7024859999999999 0.770666 0.013714 0.027428
0 0.7229140000000001 0.764 0.014572 0.029334
0 0.742486 0.757714 0.013714 0.027428
0 0.7623420000000001 0.750666 0.013428 0.025524
0 0.783628 0.74419 0.013142 0.027048
0 0.46105799999999997 0.89981 0.016572 0.032762
0 0.48562799999999995 0.891048 0.016 0.034286
0 0.5142 0.88038 0.016572 0.032762
0 0.537914 0.87162 0.016 0.032
0 0.5617719999999999 0.865334 0.016858 0.034666
0 0.5850580000000001 0.858666 0.016572 0.034286
0 0.610914 0.849334 0.015142 0.033904
0 0.633772 0.842096 0.014 0.03238
0 0.6536280000000001 0.833714 0.013142 0.03238
0 0.674342 0.827048 0.013428 0.030476
0 0.698914 0.81962 0.012858 0.03162
0 0.718342 0.81238 0.012286 0.029334
0 0.7373419999999999 0.805904 0.013714 0.029334
0 0.7572000000000001 0.797904 0.012286 0.025524
0 0.778386 0.79219 0.012372 0.027048
0 0.797058 0.785334 0.011428 0.02781
0 0.45694199999999996 0.953066 0.018858 0.038248
0 0.4822280000000001 0.945372 0.016286 0.033524
0 0.5099 0.933562 0.016372 0.034286
0 0.534672 0.9248 0.016372 0.034286
0 0.5581 0.916038 0.016372 0.034286
0 0.5806720000000001 0.907658 0.016372 0.034286
0 0.6069580000000001 0.898896 0.016372 0.034286
0 0.6286719999999999 0.892038 0.016372 0.034286
0 0.6503859999999999 0.884304 0.016372 0.033296
0 0.6709579999999999 0.875162 0.016372 0.032534
0 0.6940999999999999 0.8664 0.016372 0.033296
0 0.7138580000000001 0.859542 0.013428 0.029486
0 0.7334719999999999 0.851162 0.013058 0.027962
0 0.752572 0.845828 0.013142 0.0272
0 0.773714 0.836686 0.012572 0.025676
0 0.791614 0.829258 0.011628 0.026058
0 0.809472 0.823466 0.012486 0.025142
0 0.531172 0.975466 0.017428 0.03299
0 0.555172 0.965562 0.017428 0.03299
0 0.5766 0.9568 0.017428 0.03299
0 0.601172 0.946342 0.017428 0.031124
0 0.624314 0.937962 0.017428 0.031124
0 0.6451420000000001 0.930342 0.016 0.0296
0 0.6671720000000001 0.922534 0.016 0.0296
0 0.6894579999999999 0.912628 0.016 0.0296
0 0.7097420000000001 0.905772 0.016 0.0296
0 0.7295860000000001 0.89701 0.0146 0.0296
0 0.7483 0.88939 0.0146 0.0296
0 0.769158 0.88101 0.0146 0.0296
0 0.786872 0.874534 0.0146 0.0296
0 0.8063 0.86539 0.0146 0.0296
0 0.6411 0.975904 0.015228 0.0296
0 0.661958 0.968286 0.015228 0.0296
0 0.685942 0.958762 0.015258 0.0296
0 0.7052860000000001 0.950972 0.012858 0.027658
0 0.7245140000000001 0.944686 0.012858 0.027658
0 0.7433719999999999 0.935924 0.012858 0.027658
0 0.7647999999999999 0.9264 0.012858 0.027658
0 0.7827999999999999 0.91878 0.012858 0.027658
0 0.801658 0.909638 0.012858 0.027658
0 0.739142 0.979962 0.013142 0.02621
0 0.7595719999999999 0.971352 0.012286 0.025142
0 0.7779419999999999 0.96221 0.013142 0.02621
0 0.795658 0.955352 0.013142 0.02621
