0 0.57605 0.053193999999999964 0.129234 0.097162
0 0.872342 0.063944 0.13555 0.094562
0 0.104808 0.2223440000000001 0.126084 0.094562
0 0.396374 0.239838 0.14185 0.096926
0 0.689516 0.253074 0.141834 0.104024
0 0.197792 0.4373499999999999 0.14815 0.103776
0 0.505116 0.45875 0.145 0.104024
0 0.828208 0.48096800000000006 0.15445 0.106388
0 0.298658 0.668912 0.14815 0.10875
0 0.629624 0.6975180000000001 0.14815 0.118212
0 0.090624 0.887826 0.14815 0.11585
0 0.427892 0.9230499999999999 0.16075 0.1253
