0 0.41334399999999993 0.4776879999999999 0.034032 0.04125
0 0.36329600000000006 0.4408859999999999 0.033438 0.043688
0 0.41881199999999996 0.4153960000000001 0.034032 0.042874
0 0.42487600000000003 0.34745800000000004 0.03525 0.0445
0 0.369062 0.374552 0.034032 0.043688
0 0.4351879999999999 0.27868800000000005 0.037688 0.050958
0 0.376344 0.3082180000000001 0.034032 0.043688
0 0.3187040000000001 0.33693799999999996 0.036468 0.042874
0 0.32506999999999997 0.26899000000000006 0.037078 0.046104
0 0.382406 0.2386459999999999 0.037688 0.045292
0 0.4412499999999999 0.20912599999999992 0.03525 0.0445
0 0.32992200000000005 0.19820799999999994 0.038282 0.045292
0 0.38877399999999995 0.16701999999999995 0.03586 0.047792
0 0.33721 0.126614 0.03586 0.046104
0 0.4491480000000001 0.1351039999999999 0.03889 0.045292
0 0.39545399999999997 0.09427000000000008 0.038282 0.049376
0 0.341758 0.05138599999999993 0.036454 0.04773
0 0.4570320000000001 0.06028199999999995 0.037688 0.049354
0 0.2683439999999999 0.29689600000000005 0.036468 0.042084
0 0.2143520000000001 0.32440599999999997 0.036454 0.043688
0 0.16369600000000006 0.284354 0.03464 0.0445
0 0.21738199999999996 0.25887400000000005 0.035234 0.045292
0 0.273196 0.22773 0.03889 0.0445
0 0.27713999999999994 0.157354 0.037062 0.047708
0 0.22071799999999997 0.18809399999999998 0.035844 0.046104
0 0.16521000000000008 0.21761399999999997 0.032828 0.042062
0 0.17036000000000007 0.14845799999999998 0.038282 0.042874
0 0.22618000000000005 0.11690599999999995 0.03586 0.04773
0 0.2835160000000001 0.08414600000000005 0.037688 0.045292
0 0.17218 0.07484399999999991 0.040704 0.04448
0 0.227398 0.04046799999999995 0.040704 0.05177
0 0.11182000000000003 0.3146880000000001 0.036454 0.045292
0 0.059639999999999915 0.34138599999999997 0.030406 0.043688
0 0.059946000000000055 0.2738339999999999 0.033422 0.04125
0 0.1139460000000001 0.247552 0.033422 0.045312
0 0.060851999999999906 0.20871799999999996 0.032828 0.045312
0 0.052967999999999904 0.69651 0.032812 0.035604
0 0.05478200000000011 0.644334 0.027968 0.034792
0 0.05448399999999998 0.5840719999999999 0.028562 0.032354
0 0.05720999999999998 0.5274380000000001 0.03039 0.037208
0 0.05781999999999998 0.46838599999999997 0.032828 0.040438
0 0.05903199999999997 0.4028640000000001 0.034032 0.040438
0 0.10028999999999999 0.677896 0.03161 0.038834
0 0.10210999999999992 0.620468 0.030406 0.040438
0 0.10332000000000008 0.5606040000000001 0.03161 0.037208
0 0.10636000000000001 0.5019579999999999 0.030406 0.034792
0 0.10787400000000003 0.442094 0.033438 0.03802
0 0.10909400000000002 0.37901000000000007 0.032218 0.03802
0 0.14639800000000003 0.7110620000000001 0.03161 0.037208
0 0.1479220000000001 0.654844 0.032218 0.03802
0 0.15095400000000003 0.5966039999999999 0.033438 0.039624
0 0.15246800000000005 0.5379480000000001 0.032812 0.042062
0 0.1545939999999999 0.477282 0.031 0.040438
0 0.15822599999999998 0.41701999999999995 0.033422 0.0445
0 0.15974200000000005 0.352708 0.032828 0.040458
0 0.19403199999999998 0.6896359999999999 0.031 0.03802
0 0.19827400000000006 0.635032 0.03464 0.045312
0 0.200094 0.5739479999999999 0.033438 0.03802
0 0.2018899999999999 0.513282 0.032156 0.03802
0 0.206766 0.45180200000000004 0.032218 0.036396
0 0.21070999999999995 0.3895200000000001 0.032828 0.039624
0 0.23983599999999994 0.7236039999999999 0.03039 0.039624
0 0.24225800000000008 0.6698120000000001 0.03039 0.040458
0 0.24652399999999997 0.61076 0.03164 0.042062
0 0.25136000000000003 0.5500940000000001 0.029188 0.042062
0 0.2543979999999999 0.48739599999999994 0.03161 0.039624
0 0.25985199999999997 0.4271879999999999 0.034046 0.045208
0 0.2637959999999999 0.364042 0.033438 0.038834
0 0.28928200000000004 0.7045939999999999 0.031 0.040438
0 0.29474200000000006 0.6463540000000001 0.03464 0.040458
0 0.29929000000000006 0.586084 0.032828 0.034792
0 0.3041400000000001 0.5254160000000001 0.030406 0.034792
0 0.30960199999999993 0.46475 0.037672 0.039624
0 0.31353999999999993 0.40164599999999995 0.03464 0.04125
0 0.3360000000000001 0.7389380000000001 0.031 0.037958
0 0.3866560000000001 0.7219899999999999 0.034032 0.049354
0 0.3408439999999999 0.681146 0.032218 0.037208
0 0.3945399999999999 0.6588860000000001 0.03161 0.036396
0 0.3999999999999999 0.597416 0.032812 0.033166
0 0.3466180000000001 0.620468 0.03161 0.03398
0 0.351766 0.56223 0.029782 0.037208
0 0.4066719999999999 0.5379579999999999 0.036468 0.037208
0 0.35722600000000004 0.501552 0.031016 0.042062
0 0.1139460000000001 0.17838599999999993 0.03586 0.039646
0 0.06267200000000006 0.13673000000000002 0.03525 0.040458
0 0.11667200000000011 0.10599000000000003 0.037688 0.043688
0 0.06452400000000003 0.0659479999999999 0.034078 0.04773
0 0.11788200000000004 0.0335939999999999 0.037672 0.04773
