0 0.737884 0.6472039999999999 0.067966 0.096732
0 0.666908 0.6899139999999999 0.07131 0.099828
0 0.92617 0.6292040000000001 0.06064 0.089548
0 0.861518 0.668302 0.061978 0.10185
0 0.79486 0.7084299999999999 0.064652 0.118366
0 0.726894 0.757828 0.065988 0.093634
0 0.710572 0.8669039999999999 0.062646 0.099828
0 0.9167 0.73299 0.067716 0.089634
0 0.7033 0.36785 0.067104 0.09587
0 0.772534 0.329118 0.069026 0.093506
0 0.84273 0.29210800000000003 0.065962 0.094494
0 0.922006 0.14363400000000004 0.060168 0.08813
0 0.911392 0.251398 0.061338 0.097634
0 0.964806 0.31363399999999997 0.0617 0.10185
0 0.897884 0.35146199999999994 0.060558 0.090538
0 0.952494 0.4187320000000001 0.059972 0.096732
0 0.831518 0.393548 0.057966 0.087484
0 0.69156 0.472774 0.067298 0.10185
0 0.818204 0.4964299999999999 0.06064 0.08129
0 0.884498 0.46249399999999996 0.062646 0.089548
0 0.747562 0.539182 0.06727 0.102882
0 0.676894 0.5782579999999999 0.065988 0.086408
0 0.938482 0.524732 0.059972 0.084388
0 0.872842 0.5679780000000001 0.064624 0.096732
0 0.806866 0.6075919999999999 0.067326 0.093634
0 0.867214 0.07722600000000002 0.060168 0.09828
0 0.797354 0.1142160000000001 0.071588 0.098452
0 0.78624 0.22369799999999995 0.065572 0.100646
0 0.71642 0.2591399999999999 0.067104 0.098838
0 0.853148 0.1850099999999999 0.065962 0.099484
0 0.84968 0.774602 0.066324 0.083226
0 0.784038 0.818344 0.07326 0.093892
0 0.968802 0.7949679999999999 0.05532 0.084388
0 0.904832 0.839226 0.064652 0.092646
0 0.83819 0.882968 0.064624 0.099784
0 0.767938 0.9257420000000001 0.064122 0.08658
0 0.727506 0.1485160000000001 0.067716 0.100302
0 0.766212 0.4238059999999999 0.075988 0.10886
0 0.890934 0.9463220000000001 0.063872 0.080774
0 0.958732 0.89987 0.059694 0.083612
