0 0.025940000000000074 0.03143999999999991 0.02932 0.04057
0 0.05509999999999993 0.030389999999999917 0.0294 0.037752
0 0.08447000000000005 0.029865999999999948 0.02882 0.036702
0 0.11328999999999989 0.028515999999999986 0.02838 0.036702
0 0.14223000000000008 0.02746599999999999 0.0295 0.03808
0 0.1715199999999999 0.027106000000000074 0.02932 0.037542
0 0.2008399999999999 0.026116000000000028 0.02932 0.0385
0 0.22998999999999992 0.02488800000000002 0.02898 0.04
0 0.2591399999999999 0.024631999999999987 0.02932 0.04051
0 0.28845999999999994 0.023387999999999964 0.02932 0.04018
0 0.30288000000000004 0.060673999999999895 0.02936 0.03805
0 0.2736799999999999 0.061244000000000076 0.02904 0.03853
0 0.24463999999999997 0.061739999999999906 0.02904 0.037542
0 0.21561000000000008 0.06343399999999999 0.02902 0.037572
0 0.18655 0.06421199999999994 0.02866 0.037092
0 0.15721999999999992 0.065218 0.03064 0.03808
0 0.12756999999999996 0.06502199999999991 0.02898 0.03907
0 0.09891000000000005 0.06571199999999999 0.02898 0.03949
0 0.0701099999999999 0.06721200000000005 0.02862 0.03949
0 0.04143000000000008 0.06893600000000011 0.02866 0.03904
0 0.02742 0.18304399999999998 0.02904 0.04147
0 0.05614000000000008 0.18152999999999997 0.02972 0.04042
0 0.08552000000000004 0.18050999999999995 0.0284 0.04048
0 0.11447000000000007 0.18026999999999993 0.02854 0.04006
0 0.14312999999999998 0.1790099999999999 0.02786 0.04018
0 0.1717900000000001 0.17748199999999992 0.02946 0.04024
0 0.2005999999999999 0.17610199999999998 0.0282 0.04108
0 0.22954999999999992 0.17539799999999994 0.02894 0.04141
0 0.25893999999999995 0.175022 0.0294 0.04198
0 0.24537999999999993 0.21310399999999996 0.0296 0.03958
0 0.21611000000000002 0.2137039999999999 0.02862 0.03994
0 0.18714000000000008 0.213854 0.0294 0.04138
0 0.15793999999999997 0.21490199999999993 0.0298 0.04048
0 0.1286400000000001 0.21640199999999998 0.028 0.03928
0 0.09993999999999992 0.21778199999999992 0.0288 0.0385
0 0.07102000000000008 0.21849999999999992 0.02904 0.04066
0 0.04161999999999999 0.2201200000000001 0.0288 0.0403
0 0.027039999999999953 0.10842599999999991 0.02904 0.04042
0 0.05571999999999999 0.1071359999999999 0.02832 0.03886
0 0.08440000000000003 0.10557799999999995 0.02904 0.03988
0 0.11377999999999999 0.1050819999999999 0.02972 0.03991
0 0.1426400000000001 0.10377799999999993 0.02868 0.04042
0 0.17128999999999994 0.102684 0.02862 0.03931
0 0.20029000000000008 0.10176999999999992 0.02938 0.03994
0 0.22967000000000004 0.1010040000000001 0.0289 0.04045
0 0.2590300000000001 0.10030000000000006 0.02982 0.04048
0 0.28909000000000007 0.09995599999999993 0.0303 0.04117
0 0.2736700000000001 0.13715199999999994 0.02922 0.0397
0 0.24409999999999998 0.1377219999999999 0.02992 0.0388
0 0.2152099999999999 0.13853000000000004 0.02786 0.03832
0 0.18689 0.1392199999999999 0.03014 0.037662
0 0.1570499999999999 0.13995599999999997 0.02878 0.03823
0 0.12813999999999992 0.1415740000000001 0.02904 0.03979
0 0.09922999999999993 0.1425940000000001 0.02822 0.04021
0 0.07040000000000002 0.14380799999999994 0.02904 0.03904
0 0.04136000000000006 0.144212 0.02904 0.03985
