0 0.161167 0.524806 0.056250 0.039900
0 0.124304 0.616866 0.058525 0.043894
0 0.243629 0.581525 0.060042 0.042750
0 0.364100 0.550456 0.059283 0.038762
0 0.019417 0.554163 0.038767 0.037050
0 0.079079 0.715769 0.054725 0.045600
0 0.208667 0.681850 0.063083 0.042750
0 0.335221 0.645084 0.060808 0.042181
0 0.461771 0.613159 0.058525 0.042181
0 0.615679 0.633112 0.060808 0.045600
0 0.746787 0.594634 0.064608 0.045031
0 0.730067 0.700947 0.069167 0.052444
0 0.869537 0.666744 0.071442 0.051300
0 0.434408 0.715769 0.063083 0.047887
0 0.592496 0.738841 0.066125 0.049569
0 0.297975 0.750825 0.060800 0.047313
0 0.166867 0.787878 0.058517 0.053019
0 0.039179 0.822650 0.061558 0.047312
0 0.263012 0.863694 0.071442 0.054150
0 0.399446 0.827781 0.066125 0.054150
0 0.123542 0.898181 0.070683 0.055862
0 0.223108 0.977591 0.078283 0.044819
0 0.365242 0.948059 0.070683 0.055294
0 0.567033 0.858278 0.065367 0.057006
0 0.540813 0.976453 0.069158 0.047094
0 0.688262 0.944069 0.069158 0.058713
0 0.839512 0.905022 0.070692 0.059281
0 0.709167 0.818659 0.065367 0.054156
0 0.857375 0.780181 0.074483 0.055863
0 0.976571 0.863406 0.046858 0.055863
