0 0.15706599999999993 0.13932600000000006 0.095034 0.073924
0 0.340484 0.10460000000000003 0.1009 0.0748
0 0.521558 0.06196800000000002 0.104416 0.084462
0 0.9235500000000001 0.13228799999999996 0.111466 0.0792
0 0.7278260000000001 0.1718440000000001 0.109116 0.084462
0 0.484642 0.20041200000000003 0.110284 0.078324
0 0.298292 0.24304400000000004 0.105584 0.082712
0 0.11370799999999992 0.2830379999999999 0.09505 0.080076
0 0.06506600000000007 0.4289559999999999 0.098566 0.076562
0 0.254926 0.3872 0.096216 0.08095
0 0.439516 0.3472059999999999 0.104434 0.081838
0 0.6856420000000001 0.3190740000000001 0.11145 0.0836
0 0.8860840000000001 0.27908200000000005 0.1045 0.086238
0 0.847958 0.4249940000000001 0.09855 0.082712
0 0.6463760000000001 0.46631200000000006 0.10795 0.08095
0 0.399084 0.4918 0.1103 0.072176
0 0.607084 0.6161760000000001 0.1045 0.0836
0 0.801658 0.575744 0.109116 0.080088
0 0.756542 0.7278119999999999 0.110284 0.0836
0 0.7213419999999999 0.884288 0.11035 0.085324
0 0.9153500000000001 0.8438380000000001 0.111466 0.088874
0 0.356584 0.64575 0.090466 0.0788
0 0.2077420000000001 0.5341180000000001 0.096316 0.076612
0 0.1734500000000001 0.687888 0.097766 0.08865
0 0.565984 0.767782 0.091934 0.077712
0 0.313534 0.8011619999999999 0.097766 0.0788
0 0.123834 0.8323560000000001 0.1036 0.079888
0 0.26974999999999993 0.947268 0.097766 0.075512
0 0.5273080000000001 0.918812 0.096316 0.082076
