0 0.16094999999999993 0.588588 0.0834 0.06255
0 0.3446340000000001 0.53475 0.0834 0.06255
0 0.3192999999999999 0.675674 0.0834 0.06255
0 0.13666599999999995 0.737432 0.0834 0.062538
0 0.10605799999999999 0.880738 0.083384 0.06255
0 0.29079199999999994 0.823732 0.083384 0.062538
0 0.4818659999999999 0.769894 0.0834 0.062538
0 0.5050840000000001 0.628174 0.0834 0.06255
0 0.4559660000000001 0.915588 0.090734 0.067326
0 0.6856 0.9417 0.090734 0.067326
0 0.716208 0.79285 0.090716 0.067326
0 0.9030579999999999 0.73585 0.090716 0.067326
0 0.7394339999999999 0.646388 0.090734 0.067324
0 0.9262840000000001 0.590176 0.090734 0.067326
0 0.8745499999999999 0.885488 0.090734 0.067326
