0 0.792535 0.616507 0.059926 0.107481
0 0.611323 0.434451 0.066323 0.113292
0 0.516787 0.341005 0.065738 0.110386
0 0.607539 0.614088 0.063417 0.110402
0 0.423417 0.429127 0.068654 0.120077
0 0.330046 0.337133 0.062247 0.108454
0 0.328301 0.521121 0.064568 0.108454
0 0.422837 0.608756 0.065153 0.111360
0 0.143018 0.339065 0.057010 0.106507
0 0.236096 0.429127 0.066323 0.114266
0 0.145070 0.521144 0.058793 0.102689
0 0.052261 0.427666 0.062832 0.109428
0 0.053426 0.604884 0.060501 0.113292
0 0.237261 0.610216 0.063993 0.118145
0 0.057498 0.777743 0.058171 0.102658
0 0.145631 0.699304 0.059916 0.112334
0 0.331504 0.702689 0.063993 0.113292
0 0.238422 0.785966 0.070975 0.115240
0 0.147377 0.873130 0.064578 0.113308
0 0.330919 0.871677 0.059331 0.104590
0 0.241040 0.952048 0.059926 0.092968
0 0.063027 0.950108 0.058756 0.094900
0 0.422252 0.785000 0.062832 0.111360
0 0.421959 0.953022 0.058756 0.092968
0 0.514749 0.701236 0.062832 0.104575
0 0.514461 0.874096 0.061086 0.109428
0 0.606955 0.791298 0.062247 0.110386
0 0.700037 0.708014 0.062247 0.120077
0 0.606086 0.955201 0.065153 0.089598
0 0.695673 0.884266 0.063993 0.118145
0 0.788756 0.790325 0.058180 0.106522
0 0.783227 0.954467 0.057595 0.088130
0 0.880961 0.707048 0.059916 0.110386
0 0.878343 0.885719 0.062832 0.121051
0 0.969968 0.797597 0.057595 0.111360
0 0.965604 0.953988 0.058171 0.089088
0 0.045571 0.063563 0.064568 0.117172
0 0.140107 0.158941 0.068644 0.120077
0 0.049935 0.250456 0.066314 0.117172
0 0.233765 0.061631 0.069814 0.122983
0 0.234930 0.246584 0.062823 0.107481
0 0.327428 0.151206 0.069805 0.112334
0 0.423417 0.062589 0.063993 0.111360
0 0.424875 0.246584 0.069229 0.111376
0 0.519113 0.157488 0.064578 0.117172
0 0.615390 0.067921 0.068644 0.110402
0 0.613649 0.250943 0.062823 0.112334
0 0.710218 0.163787 0.062832 0.122009
0 0.809118 0.072280 0.067484 0.122983
0 0.804754 0.262558 0.068059 0.114266
0 0.901616 0.172017 0.067484 0.128794
0 0.896667 0.356012 0.068059 0.117187
0 0.795734 0.435904 0.062832 0.112334
0 0.888816 0.535162 0.065153 0.115240
0 0.707604 0.350201 0.062247 0.119104
0 0.704401 0.529838 0.063993 0.110402
