0 0.76615 0.554544 0.0834 0.062538
0 0.58035 0.606006 0.0834 0.062538
0 0.4294 0.5205 0.0834 0.06255
0 0.612592 0.46625 0.083384 0.06255
0 0.948766 0.791268 0.0834 0.062538
0 0.713366 0.838774 0.0834 0.06255
0 0.737642 0.694682 0.083384 0.062538
0 0.556074 0.748518 0.083384 0.062538
0 0.396674 0.659844 0.083384 0.062538
0 0.208774 0.714474 0.083384 0.06255
0 0.3629 0.806312 0.0834 0.06255
0 0.515966 0.8934 0.0834 0.06255
0 0.334392 0.9512 0.083384 0.06255
0 0.181334 0.861738 0.0834 0.06255
0 0.923434 0.93695 0.0834 0.06255
