0 0.582621 0.167853 0.067842 0.048681
0 0.049987 0.175828 0.055692 0.043369
0 0.144162 0.127222 0.059742 0.043369
0 0.275804 0.151525 0.059742 0.043362
0 0.150746 0.207347 0.056708 0.042606
0 0.058092 0.258987 0.055700 0.042600
0 0.381112 0.184181 0.061775 0.043362
0 0.487942 0.218356 0.060750 0.046400
0 0.597808 0.254428 0.065817 0.045644
0 0.285929 0.235825 0.055692 0.041850
0 0.160362 0.293162 0.055692 0.044125
0 0.067204 0.342906 0.057725 0.041850
0 0.295550 0.322400 0.058733 0.043362
0 0.393771 0.271137 0.060758 0.044125
0 0.499588 0.306453 0.061775 0.046406
0 0.608946 0.340250 0.063792 0.047162
0 0.167958 0.376322 0.058733 0.044881
0 0.404400 0.356578 0.061767 0.044881
0 0.511738 0.391894 0.061775 0.047163
0 0.310229 0.408600 0.063792 0.045637
0 0.180108 0.461381 0.062783 0.043362
0 0.075304 0.427206 0.059742 0.044888
0 0.620592 0.426447 0.066833 0.050956
0 0.524904 0.478469 0.059742 0.050200
0 0.416558 0.445041 0.063783 0.048706
0 0.319850 0.495178 0.060750 0.045644
0 0.086950 0.515303 0.056700 0.044881
0 0.191246 0.551375 0.056708 0.044125
0 0.329975 0.582516 0.062783 0.048681
0 0.429208 0.530112 0.058733 0.047162
0 0.634263 0.515303 0.065825 0.043369
0 0.535533 0.566566 0.058733 0.045644
0 0.647429 0.605678 0.063792 0.047919
0 0.550217 0.658841 0.059750 0.049444
0 0.439842 0.621247 0.061767 0.047156
0 0.341621 0.675547 0.061775 0.050956
0 0.095558 0.602259 0.063800 0.045644
0 0.199858 0.639472 0.061767 0.048681
0 0.100621 0.692256 0.061775 0.049438
0 0.208462 0.730987 0.060758 0.046400
0 0.450475 0.711241 0.060750 0.047919
0 0.562875 0.753012 0.062783 0.050962
0 0.112267 0.785291 0.058733 0.048681
0 0.217071 0.824403 0.065825 0.049444
0 0.350225 0.765922 0.066833 0.050956
0 0.463133 0.806175 0.059750 0.047925
0 0.365925 0.861613 0.057717 0.049438
0 0.478325 0.902625 0.061767 0.050962
0 0.375546 0.955788 0.064808 0.049437
0 0.232767 0.918572 0.062783 0.046406
0 0.122392 0.877562 0.058733 0.050962
0 0.133025 0.974013 0.065817 0.044887
0 0.027275 0.931863 0.054550 0.047163
0 0.042900 0.093806 0.057717 0.043362
0 0.135554 0.045203 0.060758 0.041844
0 0.264663 0.072922 0.059742 0.042606
0 0.360354 0.023556 0.056708 0.041088
0 0.462121 0.050516 0.061775 0.044881
0 0.371996 0.103678 0.055692 0.041844
0 0.477817 0.135575 0.060750 0.046400
