0 0.895259 0.156425 0.015506 0.022400
0 0.840219 0.155908 0.016538 0.023433
0 0.865800 0.178129 0.016025 0.022392
0 0.890866 0.200529 0.015506 0.021708
0 0.860762 0.221717 0.014213 0.023433
0 0.885828 0.243425 0.014731 0.022050
0 0.810372 0.178300 0.015244 0.024117
0 0.784531 0.154529 0.017312 0.024125
0 0.836072 0.199192 0.013781 0.021250
0 0.832738 0.241975 0.015287 0.022400
0 0.781594 0.199192 0.015075 0.021250
0 0.807328 0.220871 0.014856 0.022108
0 0.756075 0.177083 0.015725 0.021250
0 0.729588 0.154833 0.017013 0.023250
0 0.726572 0.199625 0.014856 0.021533
0 0.752738 0.221158 0.015500 0.023250
0 0.778041 0.241833 0.015719 0.022683
0 0.700194 0.177229 0.017225 0.023825
0 0.673491 0.155121 0.016369 0.023258
0 0.618797 0.156267 0.016369 0.023833
0 0.645497 0.178087 0.016794 0.023258
0 0.671659 0.200200 0.015719 0.022683
0 0.697400 0.221158 0.015925 0.021533
0 0.509834 0.156125 0.015506 0.022400
0 0.563450 0.156267 0.014213 0.021533
0 0.536644 0.178662 0.014862 0.019808
0 0.509616 0.199337 0.015506 0.021542
0 0.562806 0.200200 0.015075 0.021533
0 0.590584 0.178808 0.014644 0.021250
0 0.616856 0.199912 0.013350 0.020392
0 0.642806 0.222163 0.013137 0.020675
0 0.589294 0.222021 0.014638 0.020958
0 0.535672 0.220875 0.013781 0.021533
0 0.510156 0.242117 0.013563 0.020383
0 0.535244 0.263225 0.012488 0.017800
0 0.509509 0.284612 0.013569 0.019242
0 0.561944 0.242404 0.014213 0.022108
0 0.615134 0.242550 0.012919 0.021250
0 0.587678 0.263796 0.014431 0.021242
0 0.641944 0.264800 0.016150 0.021533
0 0.668647 0.243267 0.015294 0.023250
0 0.694594 0.263937 0.015075 0.023258
0 0.723022 0.242262 0.015506 0.023542
0 0.749400 0.264658 0.017013 0.023550
0 0.774594 0.285475 0.016150 0.021533
0 0.803450 0.263937 0.016150 0.020958
0 0.828644 0.285188 0.016150 0.022108
0 0.858147 0.264800 0.017006 0.024983
0 0.881941 0.285758 0.017231 0.023833
0 0.877634 0.326100 0.015069 0.021817
0 0.853087 0.306433 0.016363 0.022683
0 0.825306 0.325954 0.017225 0.022108
0 0.799791 0.305283 0.016581 0.021533
0 0.849425 0.346488 0.015938 0.022392
0 0.873866 0.367163 0.016581 0.020675
0 0.845009 0.387117 0.016581 0.021533
0 0.820894 0.365867 0.016150 0.020383
0 0.795913 0.346775 0.017013 0.021817
0 0.771256 0.325813 0.016800 0.021825
0 0.745956 0.305429 0.016150 0.020675
0 0.869238 0.406925 0.015500 0.021533
0 0.841244 0.425588 0.015938 0.019242
0 0.816372 0.405775 0.015719 0.021533
0 0.792359 0.385679 0.016794 0.019808
0 0.767272 0.366300 0.015719 0.022400
0 0.742184 0.346775 0.017231 0.021817
0 0.717422 0.325817 0.015931 0.021250
0 0.692013 0.305717 0.016362 0.022967
0 0.666494 0.285042 0.015287 0.021817
0 0.614056 0.285188 0.015938 0.020392
0 0.561406 0.284754 0.015288 0.020675
0 0.534922 0.305000 0.013569 0.020383
0 0.509619 0.325529 0.015075 0.021825
0 0.508862 0.364579 0.014425 0.019525
0 0.534491 0.344908 0.013569 0.019817
0 0.559469 0.324808 0.013563 0.020383
0 0.586172 0.305142 0.013131 0.021250
0 0.508756 0.404054 0.013350 0.019808
0 0.533628 0.384533 0.013131 0.020383
0 0.559359 0.364575 0.013781 0.021250
0 0.585525 0.346058 0.014862 0.020383
0 0.584987 0.384958 0.014213 0.018950
0 0.558822 0.403908 0.014856 0.018950
0 0.611797 0.324667 0.013569 0.018950
0 0.610613 0.365725 0.013350 0.018950
0 0.609106 0.405058 0.015075 0.020100
0 0.639359 0.304854 0.014856 0.020092
0 0.637853 0.346054 0.014856 0.020958
0 0.635591 0.385537 0.013781 0.019525
0 0.664450 0.325237 0.013350 0.019525
0 0.662831 0.365867 0.014000 0.020383
0 0.661003 0.404629 0.014644 0.018658
0 0.689750 0.345629 0.013563 0.018375
0 0.714622 0.365292 0.013781 0.019233
0 0.712363 0.405492 0.014425 0.019817
0 0.685119 0.423867 0.013350 0.018667
0 0.739062 0.385679 0.014425 0.019242
0 0.736372 0.425017 0.013356 0.017517
0 0.764153 0.405350 0.013781 0.018950
0 0.863963 0.444829 0.014425 0.020958
0 0.860516 0.482008 0.014431 0.017800
0 0.837259 0.462342 0.015294 0.016367
0 0.812384 0.444108 0.014644 0.017800
0 0.787837 0.424583 0.013350 0.016083
0 0.832847 0.500817 0.013781 0.019233
0 0.809372 0.481721 0.014644 0.018375
0 0.785037 0.461913 0.015075 0.018375
0 0.761028 0.443392 0.014856 0.019233
0 0.709456 0.443533 0.014213 0.018950
0 0.733356 0.462054 0.013350 0.018092
0 0.683166 0.461904 0.015044 0.018358
0 0.706762 0.480288 0.014000 0.018375
0 0.731094 0.499092 0.015288 0.019233
0 0.755213 0.518475 0.016150 0.018950
0 0.781916 0.499525 0.013569 0.017800
0 0.805709 0.518904 0.015506 0.018658
0 0.829075 0.536850 0.013562 0.017800
0 0.857072 0.519625 0.014856 0.018950
0 0.853087 0.555367 0.015075 0.018667
0 0.825416 0.572021 0.013994 0.019242
0 0.849641 0.591258 0.014644 0.019817
0 0.802159 0.554508 0.014856 0.018667
0 0.778366 0.536850 0.014644 0.018950
0 0.752628 0.553646 0.014856 0.018092
0 0.728512 0.535412 0.014000 0.018375
0 0.680166 0.498950 0.013781 0.018950
0 0.704503 0.516896 0.013781 0.018092
0 0.678984 0.533687 0.013994 0.017225
0 0.655191 0.515604 0.014644 0.017225
0 0.702025 0.552496 0.013562 0.017508
0 0.725819 0.571158 0.013350 0.017517
0 0.677153 0.569867 0.015069 0.018950
0 0.653034 0.552067 0.012056 0.016083
0 0.628916 0.532542 0.012919 0.016650
0 0.658741 0.442817 0.013569 0.018667
0 0.634300 0.423004 0.014213 0.018092
0 0.583050 0.422575 0.014213 0.017233
0 0.533088 0.422000 0.013350 0.018383
0 0.508112 0.441092 0.013350 0.019233
0 0.557425 0.441238 0.012488 0.017225
0 0.608028 0.442529 0.014644 0.017508
0 0.632684 0.461479 0.013994 0.019242
0 0.630641 0.496938 0.013781 0.018375
0 0.606737 0.479137 0.014213 0.017808
0 0.582187 0.460187 0.014638 0.017808
0 0.532550 0.459183 0.012275 0.016367
0 0.508216 0.477271 0.012706 0.017508
0 0.532444 0.495646 0.012925 0.018092
0 0.507572 0.514021 0.014431 0.018658
0 0.556562 0.478133 0.014213 0.018083
0 0.581325 0.496508 0.014213 0.019817
0 0.605447 0.515171 0.013781 0.017508
0 0.556241 0.514167 0.013569 0.017800
0 0.531259 0.531537 0.014856 0.018658
0 0.507463 0.548763 0.012487 0.018658
0 0.506709 0.582933 0.014431 0.018667
0 0.531044 0.565133 0.013137 0.016367
0 0.555422 0.549883 0.013994 0.019233
0 0.580400 0.533083 0.013563 0.018950
0 0.604194 0.550604 0.014213 0.019525
0 0.507722 0.618217 0.013781 0.018667
0 0.531088 0.600704 0.015288 0.019242
0 0.554884 0.584196 0.013781 0.019525
0 0.579431 0.568404 0.014213 0.019525
0 0.627991 0.567971 0.013131 0.018092
0 0.603441 0.585200 0.014431 0.017517
0 0.578141 0.601708 0.015506 0.018950
0 0.554450 0.617933 0.013350 0.017517
0 0.530547 0.634871 0.013781 0.017508
0 0.507400 0.650375 0.014425 0.018667
0 0.530116 0.667604 0.013781 0.017508
0 0.507506 0.682417 0.014213 0.016667
0 0.553375 0.651813 0.013350 0.017508
0 0.577600 0.635733 0.013563 0.016933
0 0.601609 0.619083 0.012919 0.015217
0 0.626484 0.603287 0.013569 0.016942
0 0.651356 0.586058 0.013350 0.015217
0 0.649956 0.620800 0.013563 0.017517
0 0.624975 0.636738 0.013562 0.016075
0 0.600966 0.652958 0.015069 0.016367
0 0.577600 0.668608 0.014862 0.017233
0 0.624116 0.670042 0.012706 0.016650
0 0.648234 0.653392 0.013569 0.017233
0 0.672566 0.638604 0.013131 0.016942
0 0.674828 0.604008 0.012494 0.016650
0 0.700559 0.587354 0.013994 0.016075
0 0.697975 0.621233 0.014425 0.018383
0 0.695822 0.655258 0.013569 0.016367
0 0.723603 0.604579 0.013569 0.016075
0 0.721556 0.639175 0.014213 0.015217
0 0.749334 0.588358 0.013781 0.017517
0 0.775069 0.570700 0.012275 0.016083
0 0.799294 0.589075 0.013788 0.017233
0 0.822228 0.606592 0.013569 0.017800
0 0.844731 0.624104 0.012925 0.013775
0 0.773022 0.606162 0.013781 0.015792
0 0.746213 0.622812 0.013563 0.014642
0 0.769791 0.640329 0.012919 0.014642
0 0.795741 0.623100 0.013131 0.016367
0 0.818566 0.641329 0.013569 0.017225
0 0.841931 0.659133 0.012925 0.014350
0 0.838484 0.692579 0.014219 0.015792
0 0.816197 0.674925 0.014856 0.016083
0 0.792616 0.658413 0.013781 0.016942
0 0.834719 0.724742 0.014425 0.017517
0 0.812859 0.708087 0.013781 0.017508
0 0.831272 0.759050 0.014431 0.018950
0 0.828041 0.789488 0.013994 0.016075
0 0.823628 0.820638 0.015931 0.016942
0 0.506644 0.715408 0.014213 0.016650
0 0.529687 0.699183 0.014213 0.016367
0 0.552947 0.684688 0.013781 0.017225
0 0.576847 0.702204 0.013781 0.017225
0 0.552406 0.717417 0.015725 0.017800
0 0.529472 0.732350 0.013781 0.016650
0 0.506109 0.746563 0.013569 0.016942
0 0.506322 0.777717 0.014856 0.016650
0 0.506000 0.809013 0.013350 0.017225
0 0.529041 0.763358 0.012919 0.016083
0 0.528397 0.794654 0.014644 0.016075
0 0.527747 0.825092 0.014644 0.016650
0 0.551331 0.747279 0.013137 0.016075
0 0.551759 0.780008 0.013994 0.017800
0 0.551116 0.811021 0.014856 0.016658
0 0.600319 0.684975 0.014213 0.016650
0 0.598812 0.717708 0.013350 0.016650
0 0.575231 0.732925 0.013563 0.015500
0 0.574803 0.763500 0.014856 0.015217
0 0.573725 0.795083 0.012275 0.014067
0 0.572650 0.825521 0.012275 0.014642
0 0.623147 0.702200 0.012919 0.015500
0 0.646081 0.686554 0.012275 0.014642
0 0.670734 0.670187 0.012056 0.016942
0 0.645003 0.718996 0.011844 0.015792
0 0.669553 0.703496 0.012706 0.015792
0 0.693884 0.687558 0.012269 0.015500
0 0.718650 0.672342 0.012275 0.017233
0 0.744384 0.657125 0.013781 0.017800
0 0.766887 0.673921 0.012275 0.015792
0 0.789819 0.691150 0.012925 0.015217
0 0.742125 0.689854 0.013125 0.015508
0 0.716928 0.705075 0.012706 0.014933
0 0.763547 0.705792 0.013781 0.016367
0 0.786053 0.724163 0.011844 0.015792
0 0.808444 0.739100 0.013137 0.015217
0 0.806294 0.771400 0.014000 0.013783
0 0.802419 0.803700 0.012275 0.013500
0 0.799416 0.834150 0.013169 0.013533
0 0.777759 0.818771 0.012919 0.015508
0 0.781097 0.786042 0.013569 0.013783
0 0.783681 0.755750 0.012700 0.015217
0 0.761072 0.738812 0.013569 0.015792
0 0.758597 0.770825 0.013781 0.015500
0 0.756119 0.803700 0.012275 0.016367
0 0.753747 0.833417 0.012706 0.016083
0 0.597628 0.749862 0.013569 0.016658
0 0.596656 0.781304 0.013350 0.015792
0 0.595053 0.812317 0.014019 0.016367
0 0.621100 0.734933 0.012700 0.016083
0 0.620241 0.767237 0.012706 0.015792
0 0.618516 0.797383 0.012706 0.014067
0 0.617547 0.827242 0.012056 0.012917
0 0.643281 0.749862 0.013137 0.017225
0 0.641988 0.781733 0.014000 0.014933
0 0.641234 0.812600 0.012494 0.014067
0 0.667722 0.735508 0.012919 0.014933
0 0.691084 0.720004 0.012706 0.014925
0 0.714019 0.737229 0.012062 0.014358
0 0.738675 0.720721 0.012275 0.013492
0 0.736844 0.752879 0.012488 0.012925
0 0.734369 0.785325 0.014425 0.015217
0 0.712187 0.767808 0.012275 0.014067
0 0.690222 0.752163 0.012706 0.014358
0 0.665891 0.766517 0.012706 0.013783
0 0.664491 0.798675 0.012056 0.012633
0 0.662447 0.828533 0.010981 0.012633
0 0.686562 0.815471 0.013562 0.016358
0 0.687853 0.783029 0.011844 0.014642
0 0.710144 0.800113 0.013350 0.014358
0 0.707775 0.830833 0.012062 0.014933
0 0.731894 0.816333 0.013350 0.012917
0 0.456644 0.161696 0.013350 0.019242
0 0.402809 0.160833 0.013781 0.020383
0 0.429728 0.182508 0.012919 0.018950
0 0.456753 0.204908 0.012706 0.018950
0 0.404531 0.204621 0.014638 0.020092
0 0.431016 0.225887 0.013781 0.019558
0 0.457397 0.247112 0.013569 0.019525
0 0.376431 0.181650 0.013137 0.018950
0 0.348866 0.159400 0.013569 0.019233
0 0.378150 0.224429 0.012275 0.017225
0 0.351234 0.203329 0.013131 0.017508
0 0.323347 0.181221 0.012494 0.019242
0 0.295031 0.159400 0.014000 0.018083
0 0.297828 0.201317 0.012706 0.018667
0 0.325394 0.223712 0.012275 0.018658
0 0.353063 0.245679 0.013350 0.017808
0 0.404747 0.245679 0.012919 0.018375
0 0.300412 0.244533 0.013138 0.018950
0 0.272309 0.223137 0.013781 0.019808
0 0.270372 0.180787 0.013781 0.019525
0 0.241625 0.158537 0.013562 0.019242
0 0.245072 0.200887 0.013131 0.017225
0 0.247441 0.242954 0.012706 0.016942
0 0.220306 0.221846 0.013562 0.018375
0 0.217294 0.179350 0.013137 0.018950
0 0.188650 0.157529 0.013138 0.018375
0 0.136537 0.157821 0.012275 0.018375
0 0.083675 0.157963 0.013350 0.018092
0 0.112206 0.179354 0.013137 0.017808
0 0.088409 0.200029 0.013781 0.017225
0 0.140094 0.200604 0.014213 0.018375
0 0.164534 0.178925 0.013994 0.018667
0 0.192097 0.200600 0.013131 0.018950
0 0.167228 0.220988 0.013781 0.017225
0 0.115972 0.221275 0.014644 0.017800
0 0.092825 0.241658 0.012700 0.017800
0 0.144291 0.242092 0.012706 0.017517
0 0.195759 0.241229 0.012706 0.019242
0 0.119959 0.263196 0.013994 0.018375
0 0.097025 0.283292 0.014213 0.018383
0 0.147416 0.283150 0.013781 0.017517
0 0.171531 0.262908 0.013350 0.020100
0 0.223431 0.263483 0.013350 0.017800
0 0.275434 0.264200 0.013569 0.017517
0 0.328194 0.265492 0.014000 0.017800
0 0.379766 0.266642 0.013781 0.017800
0 0.431128 0.267500 0.012706 0.016650
0 0.458259 0.288604 0.013131 0.018658
0 0.432631 0.308271 0.012275 0.017225
0 0.458150 0.328654 0.012488 0.017225
0 0.406469 0.287742 0.012488 0.016367
0 0.406778 0.327808 0.012306 0.017783
0 0.380953 0.307121 0.012706 0.017225
0 0.354359 0.286738 0.013781 0.018375
0 0.433172 0.347750 0.012494 0.017517
0 0.382244 0.346317 0.012700 0.017517
0 0.355972 0.327654 0.014856 0.018092
0 0.329163 0.306833 0.013350 0.017800
0 0.302353 0.286021 0.013994 0.018658
0 0.250887 0.284296 0.013137 0.016942
0 0.278019 0.304679 0.013137 0.016942
0 0.226231 0.303392 0.014212 0.016650
0 0.198450 0.283146 0.014213 0.018092
0 0.175084 0.303392 0.014856 0.018950
0 0.123619 0.302096 0.013138 0.018092
0 0.100584 0.322767 0.013581 0.019800
0 0.127925 0.342154 0.013562 0.019525
0 0.150750 0.322629 0.013138 0.018375
0 0.154628 0.361963 0.013569 0.017225
0 0.178422 0.343017 0.012919 0.018950
0 0.201788 0.324350 0.014862 0.020100
0 0.205662 0.362679 0.014425 0.018092
0 0.229350 0.343587 0.014000 0.018375
0 0.254006 0.325208 0.013350 0.017800
0 0.256378 0.364546 0.013781 0.015508
0 0.280497 0.344896 0.014644 0.018625
0 0.304934 0.325783 0.013569 0.018950
0 0.307519 0.364979 0.013138 0.018092
0 0.331425 0.345454 0.013137 0.017508
0 0.358125 0.365408 0.014425 0.017800
0 0.108759 0.401154 0.014431 0.019242
0 0.131372 0.381488 0.013994 0.017808
0 0.135356 0.419963 0.014213 0.018375
0 0.112747 0.437475 0.013781 0.017233
0 0.158828 0.400867 0.013781 0.018083
0 0.181441 0.382637 0.014644 0.019525
0 0.116187 0.474517 0.013350 0.016650
0 0.139338 0.456713 0.014425 0.018375
0 0.161628 0.438625 0.013781 0.017800
0 0.185422 0.421113 0.014856 0.019525
0 0.208569 0.401442 0.014213 0.018083
0 0.232366 0.383354 0.014856 0.020958
0 0.258638 0.403167 0.014862 0.018667
0 0.282863 0.383067 0.014213 0.019233
0 0.458044 0.368425 0.014000 0.018667
0 0.408731 0.367275 0.014000 0.019233
0 0.459228 0.406467 0.013356 0.017233
0 0.433925 0.387800 0.014425 0.018950
0 0.409056 0.406179 0.014213 0.018375
0 0.383534 0.386942 0.014431 0.017800
0 0.359094 0.404167 0.015075 0.017800
0 0.333363 0.386225 0.014000 0.018667
0 0.309566 0.403167 0.014644 0.018667
0 0.459875 0.444654 0.014213 0.018375
0 0.433819 0.425558 0.014213 0.018667
0 0.435862 0.462746 0.014000 0.018375
0 0.410559 0.443796 0.012919 0.018375
0 0.384719 0.424558 0.013350 0.017800
0 0.360603 0.442500 0.014644 0.017517
0 0.334331 0.422687 0.012487 0.016942
0 0.311181 0.441496 0.014862 0.017808
0 0.285231 0.422546 0.013350 0.017225
0 0.287709 0.458579 0.012706 0.015792
0 0.261331 0.440775 0.014213 0.017517
0 0.235166 0.420679 0.014431 0.016358
0 0.212341 0.439342 0.014431 0.017517
0 0.188544 0.457717 0.014213 0.018667
0 0.165178 0.474942 0.013569 0.016367
0 0.143000 0.494042 0.014000 0.018950
0 0.459656 0.481262 0.013350 0.017508
0 0.460306 0.517583 0.013350 0.018950
0 0.460303 0.552321 0.013781 0.018375
0 0.460413 0.586062 0.014000 0.018092
0 0.436403 0.568400 0.013781 0.017800
0 0.436294 0.534379 0.014425 0.019242
0 0.435434 0.499350 0.013569 0.018667
0 0.410775 0.480254 0.014213 0.020675
0 0.386228 0.461450 0.014644 0.018083
0 0.386875 0.497196 0.014213 0.019525
0 0.411744 0.516004 0.014425 0.018658
0 0.388919 0.533804 0.013137 0.018658
0 0.412716 0.550888 0.013781 0.018375
0 0.361894 0.479250 0.013787 0.018667
0 0.336700 0.460729 0.015075 0.019525
0 0.363725 0.515429 0.014425 0.019808
0 0.339931 0.532367 0.014213 0.017517
0 0.338316 0.497342 0.013569 0.019233
0 0.312903 0.478821 0.014431 0.020092
0 0.315381 0.513996 0.014213 0.018092
0 0.289753 0.496046 0.014644 0.019525
0 0.263591 0.477383 0.013569 0.017800
0 0.237966 0.458867 0.014431 0.019817
0 0.266606 0.514567 0.014000 0.018667
0 0.241625 0.495329 0.014425 0.018092
0 0.214600 0.477383 0.014213 0.018950
0 0.217722 0.512704 0.014431 0.018375
0 0.192097 0.494900 0.013131 0.018383
0 0.169487 0.511408 0.013562 0.017517
0 0.146553 0.528921 0.013781 0.016942
0 0.124697 0.545579 0.013569 0.016942
0 0.127928 0.581467 0.012706 0.018083
0 0.149997 0.564383 0.012919 0.016083
0 0.172716 0.546867 0.012706 0.017800
0 0.194787 0.530217 0.013350 0.017800
0 0.132125 0.614342 0.012925 0.017800
0 0.175731 0.580604 0.013562 0.016942
0 0.178531 0.615492 0.013562 0.017233
0 0.198450 0.564529 0.013788 0.016942
0 0.200603 0.598550 0.013356 0.016083
0 0.220631 0.547879 0.013350 0.019242
0 0.223428 0.582475 0.013781 0.017800
0 0.243566 0.530217 0.013569 0.017233
0 0.246047 0.566538 0.014656 0.018092
0 0.248300 0.599983 0.014425 0.017800
0 0.269187 0.548450 0.013137 0.018667
0 0.271234 0.583188 0.013781 0.018092
0 0.292016 0.530646 0.013569 0.016942
0 0.293847 0.566104 0.013781 0.017225
0 0.317103 0.549167 0.015069 0.020100
0 0.318181 0.583479 0.015075 0.019808
0 0.340897 0.566104 0.014431 0.019525
0 0.364262 0.550600 0.013788 0.017800
0 0.365772 0.584629 0.012919 0.015792
0 0.389025 0.567688 0.013350 0.019808
0 0.413038 0.585200 0.013137 0.017517
0 0.436725 0.601279 0.012275 0.018092
0 0.460844 0.619508 0.012275 0.016650
0 0.460734 0.652963 0.012494 0.018092
0 0.437372 0.635592 0.014431 0.018950
0 0.414328 0.618508 0.012706 0.016367
0 0.390213 0.601567 0.013137 0.016367
0 0.414975 0.652529 0.013137 0.017225
0 0.391178 0.635875 0.014644 0.017800
0 0.367709 0.618650 0.014644 0.016650
0 0.342944 0.600992 0.012925 0.017517
0 0.343913 0.634871 0.013137 0.016942
0 0.320225 0.617354 0.012700 0.016942
0 0.321409 0.650379 0.012494 0.014642
0 0.295894 0.600558 0.013137 0.017800
0 0.298153 0.633721 0.013356 0.016942
0 0.273281 0.616496 0.013137 0.016942
0 0.275109 0.649658 0.013781 0.016650
0 0.250350 0.633004 0.014213 0.017225
0 0.226122 0.615492 0.013131 0.016083
0 0.227953 0.648796 0.013781 0.017225
0 0.203509 0.632288 0.013994 0.016942
0 0.156481 0.630554 0.013563 0.016058
0 0.134494 0.647358 0.014638 0.017800
0 0.138263 0.679521 0.013562 0.016075
0 0.159688 0.663583 0.012488 0.016933
0 0.181978 0.647933 0.014856 0.016650
0 0.142459 0.712537 0.012919 0.016658
0 0.163562 0.696175 0.014212 0.017800
0 0.184775 0.681254 0.014000 0.017825
0 0.205666 0.665017 0.013569 0.016367
0 0.209537 0.697462 0.012275 0.015792
0 0.230534 0.681529 0.012919 0.016658
0 0.187466 0.713542 0.012919 0.017517
0 0.233119 0.713113 0.012063 0.016075
0 0.253147 0.667317 0.013781 0.017517
0 0.254653 0.697179 0.012494 0.015792
0 0.276944 0.683108 0.013137 0.017517
0 0.298691 0.666313 0.012706 0.018375
0 0.301169 0.698900 0.013350 0.016367
0 0.323025 0.683250 0.013563 0.016650
0 0.368356 0.651813 0.013350 0.016942
0 0.345422 0.668050 0.012706 0.018400
0 0.346819 0.699758 0.012488 0.016367
0 0.368894 0.684112 0.013137 0.018375
0 0.391503 0.668033 0.013569 0.018950
0 0.437694 0.668467 0.012925 0.016367
0 0.415622 0.684112 0.013569 0.016075
0 0.460734 0.684975 0.012494 0.014933
0 0.437803 0.700479 0.012706 0.015508
0 0.461381 0.717421 0.012925 0.017225
0 0.438231 0.732779 0.013562 0.016942
0 0.415513 0.716271 0.014213 0.017225
0 0.392900 0.699904 0.014213 0.017225
0 0.461166 0.748862 0.012494 0.015792
0 0.461597 0.779296 0.012056 0.014642
0 0.462134 0.810733 0.012706 0.015500
0 0.439309 0.764363 0.012706 0.015792
0 0.439200 0.794654 0.012062 0.016075
0 0.439522 0.823942 0.011844 0.014350
0 0.415725 0.746683 0.012050 0.015467
0 0.415944 0.777429 0.013350 0.016075
0 0.417019 0.810300 0.013350 0.015217
0 0.395809 0.824517 0.014431 0.016650
0 0.394841 0.794367 0.012919 0.014933
0 0.394409 0.762637 0.013781 0.015792
0 0.393319 0.731775 0.014612 0.017233
0 0.370400 0.716125 0.015288 0.018667
0 0.371153 0.745842 0.013356 0.016650
0 0.372659 0.778000 0.012919 0.017800
0 0.373200 0.809013 0.014000 0.017225
0 0.352097 0.823800 0.014431 0.016367
0 0.350478 0.793221 0.013781 0.016075
0 0.349728 0.762642 0.013569 0.018083
0 0.348328 0.731487 0.014644 0.018375
0 0.324853 0.714975 0.012919 0.016367
0 0.325931 0.746129 0.012063 0.015508
0 0.327325 0.776854 0.013150 0.016075
0 0.329269 0.807717 0.013562 0.015217
0 0.307522 0.821933 0.013569 0.013783
0 0.305475 0.792212 0.012925 0.014642
0 0.304616 0.761496 0.014644 0.015792
0 0.302463 0.730342 0.014213 0.016650
0 0.278772 0.714258 0.012494 0.014933
0 0.280388 0.745417 0.012700 0.016367
0 0.283188 0.774988 0.013562 0.014642
0 0.285019 0.806571 0.013350 0.016942
0 0.257669 0.729621 0.013788 0.017508
0 0.259178 0.760200 0.013781 0.016650
0 0.261006 0.791642 0.012275 0.015217
0 0.263266 0.821217 0.012919 0.015217
0 0.240012 0.807142 0.014213 0.016367
0 0.237856 0.775996 0.014213 0.015508
0 0.235272 0.744983 0.012919 0.016650
0 0.211369 0.728042 0.013350 0.015500
0 0.214172 0.760200 0.013781 0.016650
0 0.218263 0.820925 0.014212 0.018083
0 0.196725 0.806858 0.013350 0.019817
0 0.193175 0.774700 0.014000 0.017517
0 0.190375 0.745125 0.013562 0.019233
0 0.166794 0.729333 0.016362 0.020383
0 0.168841 0.758763 0.013569 0.017225
0 0.172825 0.789488 0.014213 0.015508
0 0.145153 0.743546 0.012269 0.016658
0 0.148706 0.773267 0.012487 0.015217
0 0.174009 0.818917 0.011844 0.015217
