0 0.461054 0.980348 0.027496 0.036876
0 0.457928 0.94885 0.027496 0.036876
0 0.457156 0.913796 0.027458 0.036876
0 0.568852 0.956964 0.027496 0.036876
0 0.652392 0.950672 0.027496 0.036876
0 0.58565 0.879306 0.027496 0.036876
0 0.509492 0.884556 0.027496 0.036876
0 0.540076 0.864296 0.027496 0.036876
0 0.562184 0.856052 0.027496 0.036876
0 0.590208 0.840304 0.027496 0.036876
0 0.609078 0.829068 0.027496 0.036876
0 0.62663 0.820044 0.027496 0.036876
0 0.644218 0.805076 0.027496 0.036876
0 0.471074 0.874056 0.027496 0.036876
0 0.489944 0.860564 0.027496 0.036876
0 0.507532 0.850066 0.027496 0.036876
0 0.525122 0.839566 0.027496 0.036876
0 0.543314 0.826812 0.027496 0.036876
0 0.564822 0.818568 0.027496 0.036876
0 0.58565 0.805076 0.027496 0.036876
0 0.6058 0.795314 0.027496 0.036876
0 0.62727 0.780348 0.027496 0.036876
0 0.646178 0.769068 0.027496 0.036876
0 0.398192 0.879306 0.027496 0.036876
0 0.41838 0.865814 0.027496 0.036876
0 0.43921 0.850802 0.027496 0.036876
0 0.460678 0.840304 0.027496 0.036876
0 0.482788 0.829804 0.027496 0.036876
0 0.502336 0.815574 0.027496 0.036876
0 0.525762 0.80655 0.027496 0.036876
0 0.557628 0.781822 0.027496 0.036876
0 0.581732 0.767592 0.027496 0.036876
0 0.60192 0.758612 0.027496 0.036876
0 0.62663 0.742864 0.027496 0.036876
0 0.648776 0.727852 0.027496 0.036876
0 0.388436 0.853796 0.027496 0.036876
0 0.412504 0.835054 0.027496 0.036876
0 0.430094 0.827548 0.027496 0.036876
0 0.449604 0.815574 0.027496 0.036876
0 0.465236 0.803558 0.027496 0.036876
0 0.480866 0.790846 0.027496 0.036876
0 0.506214 0.780348 0.027496 0.036876
0 0.527044 0.766854 0.027496 0.036876
0 0.541394 0.75783 0.027496 0.036876
0 0.557628 0.746594 0.027496 0.036876
0 0.580414 0.733102 0.027496 0.036876
0 0.603202 0.718092 0.027496 0.036876
0 0.622072 0.70538 0.027496 0.036876
0 0.355894 0.875532 0.027496 0.036876
0 0.333108 0.8823 0.027496 0.036876
0 0.364332 0.83206 0.027496 0.036876
0 0.383202 0.820824 0.027496 0.036876
0 0.409266 0.803558 0.027496 0.036876
0 0.430734 0.793058 0.027496 0.036876
0 0.449604 0.780348 0.027496 0.036876
0 0.467834 0.766854 0.027496 0.036876
0 0.483466 0.757094 0.027496 0.036876
0 0.501658 0.74512 0.027496 0.036876
0 0.521846 0.72937 0.027496 0.036876
0 0.545274 0.71961 0.027496 0.036876
0 0.558946 0.706854 0.027496 0.036876
0 0.577816 0.695618 0.027496 0.036876
0 0.603202 0.675358 0.027496 0.036876
0 0.335706 0.821562 0.027496 0.036876
0 0.62403 0.664122 0.027496 0.036876
0 0.36629 0.801344 0.027496 0.036876
0 0.392316 0.780348 0.027496 0.036876
0 0.411186 0.767592 0.027496 0.036876
0 0.427496 0.756356 0.027496 0.036876
0 0.448286 0.742082 0.027496 0.036876
0 0.463918 0.731584 0.027496 0.036876
0 0.482146 0.718872 0.027496 0.036876
0 0.500376 0.706118 0.027496 0.036876
0 0.521206 0.6941 0.027496 0.036876
0 0.537476 0.67987 0.027496 0.036876
0 0.555028 0.667896 0.027496 0.036876
0 0.574576 0.65514 0.027496 0.036876
0 0.60192 0.639392 0.027496 0.036876
0 0.622712 0.625162 0.027496 0.036876
0 0.311638 0.800564 0.027496 0.036876
0 0.331148 0.785596 0.027496 0.036876
0 0.346102 0.776572 0.027496 0.036876
0 0.362372 0.763818 0.027496 0.036876
0 0.389718 0.741344 0.027496 0.036876
0 0.407306 0.727852 0.027496 0.036876
0 0.42162 0.718092 0.027496 0.036876
0 0.444406 0.704598 0.027496 0.036876
0 0.462636 0.693362 0.027496 0.036876
0 0.479548 0.679132 0.027496 0.036876
0 0.49386 0.670108 0.027496 0.036876
0 0.523164 0.654404 0.027496 0.036876
0 0.536836 0.643904 0.027496 0.036876
0 0.553748 0.626638 0.027496 0.036876
0 0.575216 0.61692 0.027496 0.036876
0 0.332468 0.748112 0.027496 0.036876
0 0.40339 0.6941 0.027496 0.036876
0 0.426178 0.680608 0.027496 0.036876
0 0.450922 0.667896 0.027496 0.036876
0 0.464558 0.653622 0.027496 0.036876
0 0.483466 0.641648 0.027496 0.036876
0 0.913258 0.951236 0.027496 0.036876
0 0.886592 0.922082 0.027496 0.036876
0 0.861732 0.89449 0.027496 0.036876
0 0.794388 0.888242 0.027496 0.036876
0 0.884784 0.961648 0.027496 0.036876
0 0.764746 0.971758 0.027496 0.036876
0 0.702598 0.965684 0.027496 0.036876
0 0.721432 0.963514 0.027496 0.036876
0 0.767006 0.936182 0.027496 0.036876
0 0.837816 0.947462 0.027496 0.036876
0 0.968136 0.887158 0.027496 0.036876
0 0.915404 0.911888 0.027496 0.036876
0 0.9429 0.898438 0.027496 0.036876
0 0.967382 0.84551 0.027496 0.036876
0 0.94064 0.859392 0.027496 0.036876
0 0.915782 0.868938 0.027496 0.036876
0 0.886404 0.881084 0.027496 0.036876
0 0.834426 0.904946 0.027496 0.036876
0 0.839322 0.865466 0.027496 0.036876
0 0.86531 0.852018 0.027496 0.036876
0 0.887532 0.83987 0.027496 0.036876
0 0.915028 0.827288 0.027496 0.036876
0 0.9429 0.812104 0.027496 0.036876
0 0.910886 0.786508 0.027496 0.036876
0 0.88791 0.798222 0.027496 0.036876
0 0.857402 0.816008 0.027496 0.036876
0 0.838568 0.824686 0.027496 0.036876
0 0.819736 0.83423 0.027496 0.036876
0 0.788852 0.849414 0.027496 0.036876
0 0.76663 0.861996 0.027496 0.036876
0 0.74064 0.874578 0.027496 0.036876
0 0.895442 0.753102 0.027496 0.036876
0 0.863428 0.768286 0.027496 0.036876
0 0.837062 0.783904 0.027496 0.036876
0 0.812204 0.795184 0.027496 0.036876
0 0.790358 0.805596 0.027496 0.036876
0 0.767006 0.821214 0.027496 0.036876
0 0.74177 0.8364 0.027496 0.036876
0 0.716158 0.847246 0.027496 0.036876
0 0.647232 0.69063 0.027496 0.036876
0 0.837062 0.743558 0.027496 0.036876
0 0.812204 0.756138 0.027496 0.036876
0 0.789604 0.769588 0.027496 0.036876
0 0.761732 0.783904 0.027496 0.036876
0 0.738758 0.797354 0.027496 0.036876
0 0.719548 0.8082 0.027496 0.036876
0 0.700338 0.81731 0.027496 0.036876
0 0.814086 0.714924 0.027496 0.036876
0 0.787722 0.727506 0.027496 0.036876
0 0.762862 0.742256 0.027496 0.036876
0 0.738758 0.755272 0.027496 0.036876
0 0.717288 0.77089 0.027496 0.036876
0 0.698456 0.779132 0.027496 0.036876
0 0.792242 0.682386 0.027496 0.036876
0 0.769266 0.696702 0.027496 0.036876
0 0.744406 0.71449 0.027496 0.036876
0 0.719548 0.730976 0.027496 0.036876
0 0.697326 0.740954 0.027496 0.036876
0 0.69582 0.700174 0.027496 0.036876
0 0.718794 0.68629 0.027496 0.036876
0 0.765876 0.657658 0.027496 0.036876
0 0.74064 0.668938 0.027496 0.036876
0 0.716724 0.64833 0.027496 0.036876
0 0.34 0.976746 0.027496 0.036876
0 0.352504 0.938048 0.027496 0.036876
0 0.301732 0.971366 0.027496 0.036876
