0 0.752256 0.900189 0.008672 0.012148
0 0.758335 0.520189 0.008662 0.012148
0 0.767891 0.511009 0.008672 0.012148
0 0.777002 0.503001 0.008672 0.012148
0 0.786558 0.494707 0.008662 0.012148
0 0.794561 0.485814 0.008672 0.012148
0 0.803896 0.478112 0.008672 0.012161
0 0.812783 0.469518 0.008672 0.012161
0 0.821230 0.462402 0.008672 0.012148
0 0.829233 0.453809 0.008662 0.012148
0 0.837236 0.446999 0.008672 0.012148
0 0.846123 0.438698 0.008672 0.012161
0 0.854790 0.430996 0.008662 0.012148
0 0.861904 0.422103 0.008672 0.012148
0 0.870352 0.414993 0.008672 0.012148
0 0.722329 0.536191 0.008662 0.012148
0 0.731660 0.527012 0.008672 0.012148
0 0.735664 0.490853 0.008672 0.012148
0 0.726104 0.498861 0.008672 0.012148
0 0.716328 0.507741 0.008672 0.012148
0 0.706104 0.516335 0.008672 0.012148
0 0.695435 0.525527 0.008662 0.012148
0 0.685879 0.534121 0.008672 0.012148
0 0.675210 0.541530 0.008662 0.012148
0 0.765889 0.446999 0.008672 0.012148
0 0.731328 0.689785 0.008672 0.012148
0 0.712993 0.690775 0.008662 0.012148
0 0.703545 0.699668 0.008672 0.012148
0 0.693730 0.710033 0.008672 0.012148
0 0.684287 0.719915 0.008672 0.012148
0 0.673726 0.729551 0.008662 0.012148
0 0.662983 0.739421 0.008662 0.012148
0 0.652427 0.749551 0.008662 0.012148
0 0.642056 0.758444 0.008662 0.012148
0 0.631870 0.770540 0.008662 0.012148
0 0.620386 0.779681 0.008662 0.012148
0 0.721514 0.697936 0.008672 0.012148
0 0.711880 0.707572 0.008662 0.012148
0 0.701509 0.717194 0.008662 0.012148
0 0.691694 0.727324 0.008662 0.012148
0 0.682061 0.736465 0.008672 0.012148
0 0.671133 0.747077 0.008672 0.012148
0 0.661133 0.756712 0.008672 0.012148
0 0.651133 0.767083 0.008672 0.012161
0 0.640020 0.777207 0.008672 0.012148
0 0.629463 0.788073 0.008672 0.012161
0 0.618535 0.798197 0.008672 0.012148
0 0.728921 0.706829 0.008662 0.012148
0 0.719106 0.716458 0.008662 0.012161
0 0.709473 0.726087 0.008672 0.012148
0 0.699844 0.735228 0.008672 0.012148
0 0.689844 0.745846 0.008672 0.012161
0 0.680024 0.754980 0.008662 0.012148
0 0.669653 0.764863 0.008662 0.012148
0 0.658726 0.775970 0.008662 0.012148
0 0.648540 0.785605 0.008662 0.012148
0 0.638350 0.796712 0.008672 0.012148
0 0.627422 0.806842 0.008672 0.012148
0 0.745405 0.704850 0.008662 0.012148
0 0.736885 0.714980 0.008672 0.012148
0 0.727441 0.724603 0.008672 0.012148
0 0.717065 0.733249 0.008662 0.012148
0 0.707622 0.742884 0.008662 0.012148
0 0.697617 0.753496 0.008672 0.012148
0 0.687246 0.763379 0.008672 0.012148
0 0.677246 0.773262 0.008672 0.012148
0 0.667246 0.782884 0.008672 0.012148
0 0.656689 0.793262 0.008672 0.012148
0 0.646318 0.803379 0.008672 0.012148
0 0.762075 0.704108 0.008662 0.012148
0 0.752998 0.713496 0.008672 0.012148
0 0.743740 0.723867 0.008672 0.012161
0 0.815415 0.707572 0.008662 0.012148
0 0.807080 0.716458 0.008672 0.012161
0 0.761147 0.779186 0.008662 0.012148
0 0.789482 0.734238 0.008672 0.012148
0 0.780781 0.743874 0.008672 0.012148
0 0.732627 0.808079 0.008672 0.012148
0 0.723735 0.817956 0.008662 0.012161
0 0.753369 0.772272 0.008672 0.012148
0 0.704844 0.837220 0.008672 0.012148
0 0.785410 0.768561 0.008672 0.012148
0 0.726699 0.800918 0.008672 0.012148
0 0.767813 0.785358 0.008672 0.012148
0 0.757627 0.796224 0.008672 0.012161
0 0.697065 0.830553 0.008662 0.012148
0 0.778184 0.760664 0.008672 0.012161
0 0.769297 0.770046 0.008672 0.012148
0 0.798188 0.725592 0.008662 0.012148
0 0.751704 0.788815 0.008662 0.012161
0 0.741699 0.798939 0.008672 0.012148
0 0.771704 0.752513 0.008662 0.012161
0 0.763369 0.762389 0.008672 0.012148
0 0.714658 0.827832 0.008672 0.012148
0 0.744478 0.781165 0.008662 0.012148
0 0.734849 0.791035 0.008662 0.012148
0 0.776152 0.776960 0.008672 0.012148
0 0.716328 0.810052 0.008672 0.012161
0 0.707065 0.820671 0.008662 0.012148
0 0.749849 0.805111 0.008662 0.012148
0 0.800415 0.765111 0.008662 0.012148
0 0.791523 0.774733 0.008672 0.012148
0 0.783003 0.784121 0.008662 0.012148
0 0.774482 0.793509 0.008672 0.012148
0 0.765591 0.803138 0.008662 0.012161
0 0.756519 0.812272 0.008662 0.012148
0 0.747812 0.822155 0.008672 0.012148
0 0.738555 0.832031 0.008672 0.012161
0 0.729849 0.841660 0.008662 0.012148
0 0.720400 0.851296 0.008672 0.012148
0 0.712065 0.844134 0.008662 0.012148
0 0.721328 0.834251 0.008672 0.012148
0 0.731143 0.824375 0.008672 0.012161
0 0.740220 0.815488 0.008662 0.012148
0 0.636128 0.813757 0.008662 0.012148
0 0.625386 0.824134 0.008662 0.012148
0 0.654648 0.811283 0.008672 0.012148
0 0.644463 0.821165 0.008672 0.012148
0 0.633350 0.831296 0.008672 0.012148
0 0.662803 0.818691 0.008672 0.012148
0 0.652427 0.828574 0.008662 0.012148
0 0.642427 0.840176 0.008662 0.012148
0 0.671504 0.825605 0.008672 0.012148
0 0.661318 0.835983 0.008672 0.012148
0 0.650576 0.847090 0.008672 0.012148
0 0.640205 0.857467 0.008672 0.012148
0 0.669468 0.842650 0.008662 0.012148
0 0.658354 0.852533 0.008662 0.012148
0 0.648354 0.864382 0.008662 0.012148
0 0.686509 0.840423 0.008662 0.012148
0 0.676875 0.850553 0.008672 0.012148
0 0.666875 0.860430 0.008672 0.012161
0 0.656689 0.871790 0.008672 0.012148
0 0.694287 0.847337 0.008672 0.012148
0 0.684468 0.857715 0.008662 0.012148
0 0.675396 0.869316 0.008662 0.012148
0 0.665020 0.878952 0.008672 0.012148
0 0.702622 0.854993 0.008662 0.012148
0 0.692803 0.864629 0.008672 0.012148
0 0.683174 0.875495 0.008672 0.012161
0 0.672803 0.885124 0.008672 0.012148
0 0.709844 0.860924 0.008672 0.012161
0 0.700952 0.872038 0.008662 0.012148
0 0.691694 0.881426 0.008662 0.012148
0 0.680947 0.893522 0.008672 0.012148
0 0.780967 0.800671 0.008672 0.012148
0 0.662246 0.895007 0.008672 0.012148
0 0.670762 0.902910 0.008672 0.012148
0 0.678545 0.909329 0.008672 0.012148
0 0.688174 0.898704 0.008672 0.012148
0 0.697617 0.887598 0.008672 0.012148
0 0.707251 0.878210 0.008662 0.012148
0 0.717065 0.868574 0.008662 0.012148
0 0.726699 0.858457 0.008672 0.012148
0 0.736143 0.848822 0.008672 0.012148
0 0.745405 0.839928 0.008662 0.012148
0 0.754111 0.829069 0.008672 0.012148
0 0.763926 0.819688 0.008672 0.011641
0 0.772812 0.810293 0.008672 0.012148
0 0.789854 0.792025 0.008672 0.012148
0 0.798745 0.783626 0.008662 0.012148
0 0.806523 0.774004 0.008672 0.012148
0 0.813379 0.780423 0.008672 0.012148
0 0.804487 0.788568 0.008662 0.012161
0 0.797080 0.797454 0.008672 0.012148
0 0.787632 0.808574 0.008662 0.012148
0 0.866533 0.786842 0.008672 0.012148
0 0.860605 0.780176 0.008672 0.012148
0 0.854863 0.774245 0.008672 0.012161
0 0.847271 0.782884 0.008662 0.012148
0 0.852827 0.789310 0.008662 0.012161
0 0.858384 0.795488 0.008662 0.012148
0 0.863940 0.801908 0.008662 0.012148
0 0.856348 0.811035 0.008672 0.012148
0 0.851533 0.804616 0.008672 0.012148
0 0.845049 0.798197 0.008672 0.012148
0 0.839121 0.791283 0.008672 0.012148
0 0.831157 0.800423 0.008662 0.012148
0 0.837827 0.808079 0.008662 0.012148
0 0.843013 0.813757 0.008662 0.012148
0 0.848755 0.819928 0.008662 0.012148
0 0.846899 0.836230 0.008662 0.012148
0 0.840791 0.829316 0.008672 0.012148
0 0.835234 0.823145 0.008672 0.012148
0 0.828936 0.816478 0.008672 0.012148
0 0.823008 0.809811 0.008672 0.012148
0 0.815229 0.819681 0.008662 0.012148
0 0.820786 0.826100 0.008662 0.012148
0 0.826714 0.832279 0.008662 0.012161
0 0.833008 0.839440 0.008672 0.012161
0 0.839307 0.844876 0.008672 0.012148
0 0.831714 0.853516 0.008662 0.012161
0 0.824678 0.847832 0.008672 0.012148
0 0.819121 0.841165 0.008672 0.012148
0 0.813379 0.835488 0.008672 0.012148
0 0.806895 0.829069 0.008672 0.012148
0 0.798188 0.838210 0.008662 0.012148
0 0.804673 0.844382 0.008662 0.012148
0 0.811157 0.850801 0.008662 0.012148
0 0.816709 0.857715 0.008672 0.012148
0 0.823193 0.862402 0.008672 0.012148
0 0.815601 0.871543 0.008662 0.012148
0 0.808750 0.866361 0.008672 0.012148
0 0.802637 0.860430 0.008672 0.012161
0 0.796709 0.854004 0.008672 0.012148
0 0.790225 0.847090 0.008672 0.012148
0 0.781152 0.857962 0.008672 0.012148
0 0.787446 0.864382 0.008662 0.012148
0 0.794302 0.869564 0.008662 0.012148
0 0.800415 0.876478 0.008662 0.012148
0 0.806523 0.880189 0.008672 0.012148
0 0.798745 0.891048 0.008662 0.012148
0 0.792266 0.885866 0.008672 0.012148
0 0.785781 0.879199 0.008672 0.012148
0 0.778926 0.873522 0.008672 0.012148
0 0.772632 0.866855 0.008662 0.012148
0 0.764111 0.876725 0.008672 0.012148
0 0.770962 0.882409 0.008662 0.012161
0 0.777446 0.888587 0.008662 0.012148
0 0.784297 0.894264 0.008672 0.012148
0 0.754849 0.886113 0.008662 0.012148
0 0.761890 0.891543 0.008662 0.012148
0 0.767998 0.898210 0.008672 0.012148
0 0.745591 0.893275 0.008662 0.012148
0 0.748999 0.528197 0.008662 0.012148
0 0.759482 0.906361 0.008672 0.012148
0 0.765781 0.913027 0.008672 0.012148
0 0.774482 0.903158 0.008672 0.012148
0 0.736514 0.904876 0.008672 0.012148
0 0.743369 0.910814 0.008672 0.012148
0 0.750220 0.917728 0.008662 0.012148
0 0.726885 0.914264 0.008672 0.012148
0 0.734478 0.921921 0.008662 0.012148
0 0.718364 0.924642 0.008662 0.012148
0 0.705659 0.430397 0.008662 0.012148
0 0.713213 0.441074 0.008672 0.012148
0 0.721660 0.451146 0.008672 0.012161
0 0.731660 0.442259 0.008672 0.012148
0 0.695879 0.438405 0.008672 0.012148
0 0.685435 0.446999 0.008662 0.012148
0 0.693657 0.457077 0.008662 0.012148
0 0.703437 0.448770 0.008672 0.012148
0 0.711660 0.459447 0.008672 0.012148
0 0.700991 0.468040 0.008662 0.012148
0 0.683652 0.466855 0.008672 0.012148
0 0.672764 0.475150 0.008672 0.012148
0 0.662095 0.484329 0.008662 0.012148
0 0.670542 0.495007 0.008662 0.012148
0 0.681436 0.485814 0.008672 0.012148
0 0.691211 0.477520 0.008672 0.012148
0 0.699434 0.487891 0.008672 0.012161
0 0.689658 0.496777 0.008672 0.012148
0 0.679434 0.504785 0.008672 0.012148
0 0.668320 0.513965 0.008672 0.012148
0 0.660317 0.503893 0.008662 0.012161
0 0.657651 0.523457 0.008662 0.012148
0 0.666763 0.533236 0.008662 0.012148
0 0.677207 0.524642 0.008672 0.012148
0 0.687876 0.515749 0.008662 0.012148
0 0.709658 0.478112 0.008672 0.012161
0 0.719438 0.470703 0.008662 0.012161
0 0.729883 0.461217 0.008672 0.012148
0 0.739663 0.453223 0.008662 0.012148
0 0.748999 0.444629 0.008662 0.012148
0 0.697656 0.506556 0.008672 0.012148
0 0.708105 0.497376 0.008672 0.012148
0 0.718105 0.488783 0.008672 0.012148
0 0.727661 0.480189 0.008662 0.012148
0 0.737886 0.471595 0.008662 0.012148
0 0.746777 0.463294 0.008672 0.012161
0 0.756997 0.454408 0.008662 0.012148
0 0.723735 0.681387 0.008662 0.012148
0 0.625015 0.743132 0.008662 0.012148
0 0.622793 0.760905 0.008672 0.012148
0 0.633721 0.751035 0.008672 0.012148
0 0.644834 0.739915 0.008672 0.012148
0 0.654648 0.730781 0.008672 0.012161
0 0.665020 0.721647 0.008672 0.012148
0 0.675396 0.710775 0.008662 0.012148
0 0.685767 0.701152 0.008662 0.012148
0 0.695581 0.691022 0.008662 0.012148
0 0.705215 0.681139 0.008672 0.012148
0 0.883945 0.754486 0.008672 0.012148
0 0.870791 0.755970 0.008672 0.012148
0 0.878203 0.747077 0.008672 0.012148
0 0.885610 0.739173 0.008662 0.012148
0 0.892832 0.730046 0.008672 0.012148
0 0.857090 0.757702 0.008672 0.012148
0 0.865420 0.749551 0.008672 0.012148
0 0.872646 0.740905 0.008672 0.012148
0 0.880054 0.732259 0.008662 0.012148
0 0.887646 0.723867 0.008672 0.012161
0 0.895615 0.714980 0.008672 0.012148
0 0.843384 0.759427 0.008662 0.012161
0 0.851904 0.750540 0.008672 0.012148
0 0.859126 0.741647 0.008662 0.012148
0 0.867090 0.733743 0.008672 0.012148
0 0.874868 0.725592 0.008662 0.012148
0 0.882646 0.716458 0.008672 0.012161
0 0.889316 0.708066 0.008672 0.012148
0 0.897832 0.700163 0.008672 0.012148
0 0.837456 0.752513 0.008662 0.012161
0 0.845605 0.744616 0.008672 0.012148
0 0.853569 0.734980 0.008662 0.012148
0 0.861162 0.726087 0.008672 0.012148
0 0.868389 0.718926 0.008672 0.012148
0 0.876533 0.710527 0.008672 0.012148
0 0.884316 0.701152 0.008672 0.012148
0 0.891538 0.693249 0.008662 0.012148
0 0.898760 0.684850 0.008672 0.012148
0 0.823750 0.754980 0.008672 0.012148
0 0.831528 0.746087 0.008662 0.012148
0 0.839492 0.736465 0.008672 0.012148
0 0.847827 0.728561 0.008662 0.012148
0 0.855234 0.719668 0.008672 0.012148
0 0.863018 0.711022 0.008672 0.012148
0 0.780596 0.686829 0.008672 0.012148
0 0.789482 0.677194 0.008672 0.012148
0 0.797637 0.667806 0.008672 0.012148
0 0.805967 0.659160 0.008672 0.012148
0 0.814673 0.650280 0.008662 0.012148
0 0.823193 0.641634 0.008672 0.012148
0 0.831528 0.634225 0.008662 0.012148
0 0.839307 0.624590 0.008672 0.012148
0 0.847642 0.616439 0.008662 0.012148
0 0.855791 0.607559 0.008672 0.012148
0 0.863755 0.599655 0.008662 0.012148
0 0.871162 0.591751 0.008672 0.012148
0 0.738369 0.698431 0.008672 0.012148
0 0.754849 0.697441 0.008662 0.012148
0 0.747812 0.689538 0.008672 0.012148
0 0.757075 0.678926 0.008662 0.012148
0 0.764482 0.687806 0.008672 0.012148
0 0.773369 0.678184 0.008672 0.012148
0 0.782075 0.669290 0.008662 0.012148
0 0.791338 0.660150 0.008672 0.012148
0 0.799858 0.650775 0.008662 0.012148
0 0.808193 0.642129 0.008672 0.012148
0 0.816895 0.633236 0.008672 0.012148
0 0.825049 0.624590 0.008672 0.012148
0 0.833379 0.616439 0.008672 0.012148
0 0.841162 0.608294 0.008672 0.012161
0 0.849678 0.599902 0.008672 0.012148
0 0.857275 0.591504 0.008672 0.012148
0 0.865234 0.583353 0.008672 0.012148
0 0.859126 0.574460 0.008662 0.012148
0 0.766333 0.670280 0.008662 0.012148
0 0.775967 0.660892 0.008672 0.012148
0 0.784297 0.652493 0.008672 0.012148
0 0.792817 0.644102 0.008662 0.012161
0 0.801523 0.634225 0.008672 0.012148
0 0.810044 0.626074 0.008662 0.012148
0 0.819307 0.617428 0.008672 0.012148
0 0.827637 0.609277 0.008672 0.012148
0 0.835234 0.600397 0.008672 0.012148
0 0.843750 0.592493 0.008672 0.012148
0 0.851533 0.584095 0.008672 0.012148
0 0.740405 0.680645 0.008662 0.012148
0 0.750034 0.670527 0.008662 0.012148
0 0.759111 0.662129 0.008672 0.012148
0 0.768555 0.652493 0.008672 0.012148
0 0.777446 0.644837 0.008662 0.012148
0 0.785410 0.573965 0.008672 0.012148
0 0.792266 0.583600 0.008672 0.012148
0 0.783003 0.591504 0.008662 0.012148
0 0.774482 0.600638 0.008672 0.012161
0 0.765410 0.609277 0.008672 0.012148
0 0.755776 0.617676 0.008662 0.012148
0 0.746333 0.626816 0.008662 0.012148
0 0.737441 0.636693 0.008672 0.012161
0 0.727812 0.644837 0.008672 0.012148
0 0.717993 0.654967 0.008662 0.012148
0 0.707808 0.663366 0.008662 0.012148
0 0.698174 0.673242 0.008672 0.012161
0 0.687803 0.683118 0.008672 0.012148
0 0.677246 0.693743 0.008672 0.012148
0 0.667061 0.702624 0.008672 0.012148
0 0.656875 0.712259 0.008672 0.012148
0 0.646318 0.722389 0.008672 0.012148
0 0.635205 0.732507 0.008672 0.012148
0 0.776523 0.583105 0.008672 0.012148
0 0.767446 0.591504 0.008662 0.012148
0 0.758184 0.600150 0.008672 0.012148
0 0.748926 0.608783 0.008672 0.012148
0 0.738921 0.617923 0.008662 0.012148
0 0.730029 0.627311 0.008672 0.012148
0 0.720029 0.636452 0.008672 0.012148
0 0.710029 0.645579 0.008672 0.012148
0 0.700029 0.655215 0.008672 0.012148
0 0.690024 0.664603 0.008662 0.012148
0 0.680396 0.673978 0.008662 0.012148
0 0.669282 0.684108 0.008662 0.012148
0 0.658911 0.694238 0.008662 0.012148
0 0.648354 0.703861 0.008662 0.012148
0 0.638164 0.714238 0.008672 0.012148
0 0.627051 0.724108 0.008672 0.012148
0 0.628906 0.705098 0.008672 0.012148
0 0.795781 0.548783 0.008672 0.012148
0 0.787080 0.556934 0.008672 0.012148
0 0.777817 0.565078 0.008662 0.012161
0 0.769668 0.574707 0.008672 0.012148
0 0.759854 0.583105 0.008672 0.012148
0 0.750591 0.591257 0.008662 0.012148
0 0.741328 0.600885 0.008672 0.012161
0 0.731514 0.610020 0.008672 0.012148
0 0.722622 0.619408 0.008662 0.012148
0 0.711880 0.627806 0.008662 0.012148
0 0.702622 0.637435 0.008662 0.012161
0 0.656318 0.628053 0.008672 0.012148
0 0.645576 0.638418 0.008672 0.012148
0 0.635576 0.647806 0.008672 0.012148
0 0.729849 0.546061 0.008662 0.012148
0 0.720400 0.554460 0.008672 0.012148
0 0.710400 0.562858 0.008672 0.012148
0 0.700586 0.572480 0.008672 0.012148
0 0.689844 0.581621 0.008672 0.012148
0 0.679282 0.591751 0.008662 0.012148
0 0.669282 0.600397 0.008662 0.012148
0 0.658726 0.609277 0.008662 0.012148
0 0.647983 0.619408 0.008662 0.012148
0 0.637056 0.628548 0.008662 0.012148
0 0.712437 0.544082 0.008662 0.012148
0 0.702437 0.553470 0.008662 0.012148
0 0.691880 0.563105 0.008662 0.012148
0 0.682061 0.571751 0.008672 0.012148
0 0.670762 0.582116 0.008672 0.012148
0 0.660762 0.590762 0.008672 0.012148
0 0.650205 0.600150 0.008672 0.012148
0 0.639277 0.609525 0.008672 0.012148
0 0.694102 0.544082 0.008672 0.012148
0 0.683730 0.552975 0.008672 0.012148
0 0.640947 0.590514 0.008672 0.012148
0 0.651689 0.581126 0.008672 0.012148
0 0.662432 0.571751 0.008672 0.012148
0 0.672988 0.562363 0.008672 0.012148
0 0.664468 0.552233 0.008662 0.012148
0 0.643169 0.570514 0.008662 0.012148
0 0.654277 0.561374 0.008672 0.012148
0 0.645020 0.551491 0.008672 0.012148
0 0.656504 0.541868 0.008672 0.012148
0 0.646870 0.532728 0.008662 0.012148
0 0.648906 0.512728 0.008672 0.012148
0 0.906724 0.622858 0.008662 0.012148
0 0.900986 0.615208 0.008672 0.012161
0 0.895796 0.606816 0.008662 0.012148
0 0.889873 0.599655 0.008672 0.012148
0 0.884502 0.591504 0.008672 0.012148
0 0.878760 0.583600 0.008672 0.012148
0 0.873203 0.575697 0.008672 0.012148
0 0.867646 0.566803 0.008672 0.012148
0 0.861348 0.558405 0.008672 0.012148
0 0.855420 0.549772 0.008672 0.012148
0 0.908760 0.606816 0.008672 0.012148
0 0.903203 0.599160 0.008672 0.012148
0 0.898203 0.591009 0.008672 0.012148
0 0.892461 0.583353 0.008672 0.012148
0 0.886538 0.575202 0.008662 0.012148
0 0.880796 0.567298 0.008662 0.012148
0 0.875610 0.559642 0.008662 0.012148
0 0.869126 0.550267 0.008662 0.012148
0 0.863018 0.541868 0.008672 0.012148
0 0.899502 0.575944 0.008672 0.012148
0 0.905059 0.583105 0.008672 0.012148
0 0.910430 0.591504 0.008672 0.012148
0 0.917100 0.584837 0.008672 0.012148
0 0.912280 0.575944 0.008662 0.012148
0 0.907095 0.568288 0.008662 0.012148
0 0.914688 0.560137 0.008672 0.012148
0 0.908208 0.551491 0.008662 0.012148
0 0.901909 0.559147 0.008662 0.012148
0 0.893945 0.567051 0.008672 0.012148
0 0.888018 0.559147 0.008672 0.012148
0 0.882646 0.550267 0.008672 0.012148
0 0.877275 0.542852 0.008672 0.012161
0 0.890054 0.542852 0.008662 0.012161
0 0.896167 0.551243 0.008662 0.012148
0 0.903022 0.543835 0.008662 0.012148
0 0.911172 0.536432 0.008672 0.012161
0 0.905059 0.527793 0.008672 0.012148
0 0.899687 0.519395 0.008672 0.012148
0 0.906724 0.511243 0.008662 0.012148
0 0.901538 0.503340 0.008662 0.012148
0 0.756777 0.537376 0.008672 0.012148
0 0.772778 0.539160 0.008662 0.012148
0 0.765225 0.528783 0.008672 0.012148
0 0.788779 0.537376 0.008672 0.012148
0 0.781226 0.529382 0.008662 0.012148
0 0.775000 0.520488 0.008672 0.012148
0 0.804561 0.540046 0.008672 0.012148
0 0.797896 0.530566 0.008662 0.012148
0 0.791226 0.521081 0.008662 0.012161
0 0.783892 0.511302 0.008662 0.012161
0 0.820117 0.540345 0.008672 0.012148
0 0.813008 0.531751 0.008672 0.012148
0 0.806118 0.521673 0.008662 0.012148
0 0.799893 0.512487 0.008672 0.012161
0 0.792339 0.503600 0.008662 0.012148
0 0.835234 0.541829 0.008672 0.012148
0 0.843901 0.454993 0.008662 0.012148
0 0.893687 0.510410 0.008662 0.012148
0 0.888350 0.501816 0.008672 0.012148
0 0.882573 0.493822 0.008662 0.012148
0 0.876797 0.484629 0.008672 0.012148
0 0.870796 0.476035 0.008662 0.012148
0 0.864795 0.466257 0.008672 0.012148
0 0.858125 0.457077 0.008672 0.012148
0 0.852349 0.447585 0.008662 0.012148
0 0.895908 0.494707 0.008672 0.012148
0 0.889687 0.484928 0.008672 0.012148
0 0.883906 0.477220 0.008672 0.012148
0 0.878350 0.467741 0.008672 0.012148
0 0.872573 0.459447 0.008662 0.012148
0 0.866572 0.449954 0.008672 0.012148
0 0.860571 0.440775 0.008662 0.012148
0 0.903242 0.486413 0.008672 0.012148
0 0.897686 0.477819 0.008672 0.012148
0 0.891685 0.468626 0.008662 0.012148
0 0.886128 0.460632 0.008662 0.012148
0 0.879907 0.450853 0.008662 0.012148
0 0.874131 0.442546 0.008672 0.012148
0 0.868350 0.432767 0.008672 0.012148
0 0.894131 0.453223 0.008672 0.012148
0 0.888130 0.443730 0.008662 0.012148
0 0.881465 0.434551 0.008672 0.012148
0 0.876348 0.425072 0.008672 0.012148
0 0.739663 0.536790 0.008662 0.012148
0 0.771890 0.475150 0.008662 0.012148
0 0.898130 0.535892 0.008662 0.012148
0 0.891465 0.526712 0.008672 0.012148
0 0.886128 0.518418 0.008662 0.012148
0 0.880796 0.509824 0.008662 0.012148
0 0.875239 0.500632 0.008662 0.012148
0 0.869238 0.492923 0.008672 0.012148
0 0.863018 0.483444 0.008672 0.012148
0 0.856123 0.474850 0.008672 0.012148
0 0.850566 0.465371 0.008672 0.012148
0 0.741665 0.518118 0.008662 0.012148
0 0.750996 0.510117 0.008672 0.012161
0 0.759888 0.501230 0.008662 0.012148
0 0.769224 0.492923 0.008662 0.012148
0 0.779004 0.484928 0.008672 0.012148
0 0.788115 0.476634 0.008672 0.012148
0 0.797007 0.468040 0.008662 0.012148
0 0.805674 0.460033 0.008672 0.012148
0 0.814121 0.452624 0.008672 0.012148
0 0.822563 0.444629 0.008662 0.012148
0 0.830791 0.436621 0.008672 0.012148
0 0.839014 0.428919 0.008672 0.012161
0 0.734478 0.733001 0.008662 0.012148
0 0.724478 0.742389 0.008662 0.012148
0 0.715029 0.751035 0.008672 0.012148
0 0.705215 0.762389 0.008672 0.012148
0 0.695215 0.771035 0.008672 0.012148
0 0.685396 0.780423 0.008662 0.012148
0 0.675024 0.791283 0.008662 0.012148
0 0.665205 0.801413 0.008672 0.012148
0 0.777817 0.702376 0.008662 0.012148
0 0.768926 0.712012 0.008672 0.012148
0 0.759482 0.721152 0.008672 0.012148
0 0.750591 0.730286 0.008662 0.012161
0 0.741143 0.739915 0.008672 0.012148
0 0.732070 0.749303 0.008672 0.012148
0 0.722437 0.759922 0.008662 0.012161
0 0.713364 0.769798 0.008662 0.012148
0 0.702988 0.779434 0.008672 0.012148
0 0.692988 0.789056 0.008672 0.012148
0 0.683359 0.799434 0.008672 0.012148
0 0.674097 0.809564 0.008662 0.012148
0 0.794302 0.702871 0.008662 0.012148
0 0.785225 0.711764 0.008672 0.012148
0 0.776333 0.720905 0.008662 0.012148
0 0.766890 0.730046 0.008662 0.012148
0 0.757998 0.739915 0.008672 0.012148
0 0.749292 0.747324 0.008662 0.012148
0 0.739106 0.757454 0.008662 0.012148
0 0.730771 0.766836 0.008672 0.012161
0 0.720771 0.776712 0.008672 0.012148
0 0.711143 0.785853 0.008672 0.012148
0 0.701509 0.795736 0.008662 0.012148
0 0.691509 0.805853 0.008662 0.012148
0 0.681875 0.815254 0.008672 0.011680
0 0.799858 0.709297 0.008662 0.012161
0 0.791709 0.718431 0.008672 0.012148
0 0.783188 0.727572 0.008662 0.012148
0 0.773188 0.736712 0.008662 0.012148
0 0.765039 0.745352 0.008672 0.012161
0 0.755962 0.754980 0.008662 0.012148
0 0.746699 0.765111 0.008672 0.012148
0 0.737070 0.774245 0.008672 0.012161
0 0.727993 0.784121 0.008662 0.012148
0 0.718364 0.793757 0.008662 0.012148
0 0.708916 0.804121 0.008672 0.012148
0 0.699102 0.813509 0.008672 0.012148
0 0.689102 0.823392 0.008672 0.012148
0 0.678730 0.833262 0.008672 0.012148
0 0.779111 0.818444 0.008672 0.012148
0 0.769854 0.827090 0.008672 0.012148
0 0.761333 0.836478 0.008662 0.012148
0 0.752441 0.846107 0.008672 0.012161
0 0.742813 0.856478 0.008672 0.012148
0 0.734478 0.864876 0.008662 0.012148
0 0.724658 0.876478 0.008672 0.012148
0 0.715771 0.886608 0.008672 0.012148
0 0.705771 0.897220 0.008672 0.012148
0 0.696138 0.906113 0.008662 0.012148
0 0.713735 0.901673 0.008662 0.012148
0 0.723179 0.890306 0.008662 0.012148
0 0.731885 0.882161 0.008672 0.012161
0 0.741514 0.871790 0.008672 0.012148
0 0.750776 0.861660 0.008662 0.012148
0 0.759482 0.852533 0.008672 0.012148
0 0.768555 0.843392 0.008672 0.012148
0 0.777446 0.833509 0.008662 0.012148
0 0.785967 0.823145 0.008672 0.012148
0 0.794673 0.814746 0.008662 0.012148
0 0.802637 0.806100 0.008672 0.012148
0 0.811157 0.795977 0.008662 0.012161
0 0.820044 0.786595 0.008662 0.012148
0 0.817080 0.802402 0.008672 0.012148
0 0.808564 0.812025 0.008672 0.012148
0 0.800415 0.821413 0.008662 0.012148
0 0.792451 0.830306 0.008672 0.012148
0 0.783188 0.838457 0.008662 0.012148
0 0.775225 0.849316 0.008672 0.012148
0 0.766147 0.858704 0.008662 0.012148
0 0.757261 0.869316 0.008662 0.012148
0 0.747998 0.877715 0.008672 0.012148
0 0.739106 0.888340 0.008662 0.012148
0 0.729473 0.898457 0.008672 0.012148
0 0.720400 0.907845 0.008672 0.012148
0 0.710771 0.918223 0.008672 0.012148
0 0.815229 0.763874 0.008662 0.012148
0 0.821157 0.770540 0.008662 0.012148
0 0.829678 0.761647 0.008672 0.012148
0 0.827637 0.777949 0.008672 0.012148
0 0.835605 0.768561 0.008672 0.012148
0 0.825601 0.794251 0.008662 0.012148
0 0.833564 0.784616 0.008672 0.012148
0 0.841162 0.775970 0.008672 0.012148
0 0.849492 0.767083 0.008672 0.012161
0 0.862646 0.763874 0.008672 0.012148
0 0.868389 0.771035 0.008672 0.012148
0 0.873574 0.777454 0.008672 0.012148
0 0.783110 0.365645 0.008662 0.012148
0 0.773003 0.372318 0.008662 0.012161
0 0.779893 0.383874 0.008672 0.012148
0 0.789673 0.375879 0.008662 0.012148
0 0.798340 0.368470 0.008672 0.012148
0 0.797007 0.386543 0.008662 0.012148
0 0.805229 0.379134 0.008662 0.012148
0 0.814121 0.371426 0.008672 0.012148
0 0.787891 0.394251 0.008672 0.012148
0 0.779004 0.401660 0.008672 0.012148
0 0.771445 0.391882 0.008672 0.012148
0 0.762109 0.399577 0.008672 0.012148
0 0.753667 0.388913 0.008662 0.012148
0 0.744775 0.396914 0.008672 0.012161
0 0.736777 0.385944 0.008672 0.012148
0 0.727217 0.394251 0.008672 0.012148
0 0.717217 0.402546 0.008672 0.012148
0 0.725664 0.412624 0.008672 0.012148
0 0.735439 0.405215 0.008672 0.012148
0 0.742998 0.414993 0.008672 0.012148
0 0.752334 0.407884 0.008672 0.012148
0 0.760332 0.417949 0.008672 0.012148
0 0.769668 0.410254 0.008672 0.012148
0 0.776777 0.420033 0.008672 0.012148
0 0.786113 0.412324 0.008672 0.012148
0 0.794785 0.404030 0.008672 0.012148
0 0.804341 0.396322 0.008662 0.012148
0 0.811895 0.388613 0.008672 0.012148
0 0.821006 0.380911 0.008672 0.012161
0 0.830122 0.372910 0.008662 0.012148
0 0.836343 0.384173 0.008662 0.012148
0 0.827676 0.391882 0.008672 0.012148
0 0.819678 0.398991 0.008672 0.012148
0 0.811230 0.406699 0.008672 0.012148
0 0.801675 0.414395 0.008662 0.012148
0 0.793228 0.422402 0.008662 0.012148
0 0.784561 0.430697 0.008672 0.012148
0 0.775889 0.438105 0.008672 0.012148
0 0.767891 0.428327 0.008672 0.012148
0 0.758779 0.435436 0.008672 0.012148
0 0.750557 0.425658 0.008672 0.012148
0 0.740996 0.434551 0.008672 0.012148
0 0.733437 0.423887 0.008672 0.012148
0 0.724106 0.431882 0.008662 0.012148
0 0.715439 0.421510 0.008672 0.012161
0 0.745000 0.481960 0.008672 0.012148
0 0.755220 0.473366 0.008662 0.012148
0 0.763887 0.465072 0.008672 0.012148
0 0.773003 0.456478 0.008662 0.012148
0 0.782334 0.448770 0.008672 0.012148
0 0.791670 0.440475 0.008672 0.012148
0 0.800562 0.432767 0.008662 0.012148
0 0.809009 0.424473 0.008662 0.012148
0 0.817451 0.416478 0.008672 0.012148
0 0.827012 0.409069 0.008672 0.012148
0 0.835234 0.400762 0.008672 0.012148
0 0.843013 0.393952 0.008662 0.012148
0 0.857461 0.396621 0.008672 0.012148
0 0.849238 0.404616 0.008672 0.012148
0 0.840791 0.411732 0.008672 0.012161
0 0.832568 0.420033 0.008672 0.012148
0 0.824121 0.426842 0.008672 0.012148
0 0.815898 0.434551 0.008672 0.012148
0 0.807451 0.442845 0.008672 0.012148
0 0.799004 0.450553 0.008672 0.012148
0 0.789229 0.458548 0.008672 0.012148
0 0.780557 0.466855 0.008672 0.012148
0 0.836343 0.463294 0.008662 0.012161
0 0.762334 0.483145 0.008672 0.012148
0 0.752998 0.491738 0.008672 0.012148
0 0.743662 0.500046 0.008672 0.012148
0 0.734106 0.508639 0.008662 0.012148
0 0.724326 0.516934 0.008672 0.012148
0 0.714102 0.526712 0.008672 0.012148
0 0.704326 0.535605 0.008672 0.012148
0 0.863906 0.406400 0.008672 0.012148
0 0.855679 0.413509 0.008662 0.012148
0 0.847900 0.421217 0.008672 0.012148
0 0.870605 0.702871 0.008672 0.012148
0 0.878760 0.693991 0.008672 0.012148
0 0.885981 0.685345 0.008662 0.012148
0 0.893574 0.677194 0.008672 0.012148
0 0.900986 0.668548 0.008672 0.012148
0 0.808564 0.756960 0.008672 0.012148
0 0.817451 0.747819 0.008672 0.012148
0 0.825415 0.739173 0.008662 0.012148
0 0.833564 0.730046 0.008672 0.012148
0 0.841348 0.720658 0.008672 0.012148
0 0.850049 0.712259 0.008672 0.012148
0 0.857275 0.703366 0.008672 0.012148
0 0.865234 0.694479 0.008672 0.012161
0 0.872832 0.686087 0.008672 0.012148
0 0.880796 0.678184 0.008662 0.012148
0 0.888574 0.669538 0.008672 0.012148
0 0.895059 0.661139 0.008672 0.012148
0 0.902651 0.653236 0.008662 0.012148
0 0.794302 0.758939 0.008662 0.012148
0 0.802451 0.750046 0.008672 0.012148
0 0.810786 0.741400 0.008662 0.012148
0 0.818750 0.732259 0.008672 0.012148
0 0.827451 0.723125 0.008672 0.012161
0 0.835791 0.714238 0.008672 0.012148
0 0.843013 0.705345 0.008662 0.012148
0 0.851533 0.696452 0.008672 0.012148
0 0.859312 0.687565 0.008662 0.012161
0 0.867275 0.679661 0.008672 0.012161
0 0.874868 0.671022 0.008662 0.012148
0 0.882275 0.663118 0.008672 0.012148
0 0.889687 0.654473 0.008672 0.012148
0 0.897466 0.645827 0.008662 0.012148
0 0.904688 0.637676 0.008672 0.012148
0 0.786895 0.751777 0.008672 0.012148
0 0.795410 0.742637 0.008672 0.012148
0 0.804487 0.733249 0.008662 0.012148
0 0.813564 0.724355 0.008672 0.012148
0 0.821528 0.715228 0.008662 0.012148
0 0.829678 0.706335 0.008672 0.012148
0 0.837642 0.697936 0.008662 0.012148
0 0.845977 0.689290 0.008672 0.012148
0 0.853755 0.680404 0.008662 0.012161
0 0.861533 0.672259 0.008672 0.012148
0 0.869497 0.662871 0.008662 0.012148
0 0.877275 0.654967 0.008672 0.012148
0 0.884316 0.646569 0.008672 0.012148
0 0.891909 0.638171 0.008662 0.012148
0 0.899131 0.631009 0.008672 0.012148
0 0.823750 0.698678 0.008672 0.012148
0 0.832271 0.690033 0.008662 0.012148
0 0.840234 0.681882 0.008672 0.012148
0 0.848013 0.673242 0.008662 0.012161
0 0.855977 0.664355 0.008672 0.012148
0 0.863755 0.655462 0.008662 0.012148
0 0.871348 0.647559 0.008672 0.012148
0 0.878203 0.638913 0.008672 0.012148
0 0.886719 0.630514 0.008672 0.012148
0 0.893760 0.622617 0.008672 0.012161
0 0.808931 0.700658 0.008662 0.012148
0 0.817080 0.692012 0.008672 0.012148
0 0.825786 0.683118 0.008662 0.012148
0 0.833564 0.674225 0.008672 0.012148
0 0.841714 0.665833 0.008662 0.012161
0 0.850605 0.657441 0.008672 0.012148
0 0.858198 0.648796 0.008662 0.012148
0 0.865977 0.639902 0.008672 0.012148
0 0.873389 0.632741 0.008672 0.012148
0 0.881538 0.623105 0.008662 0.012148
0 0.888574 0.615208 0.008672 0.012161
0 0.802451 0.692012 0.008672 0.012148
0 0.810972 0.682871 0.008662 0.012148
0 0.818936 0.675215 0.008672 0.012148
0 0.828008 0.666322 0.008672 0.012148
0 0.835234 0.657194 0.008672 0.012148
0 0.843750 0.649290 0.008672 0.012148
0 0.851904 0.640645 0.008672 0.012148
0 0.860234 0.632246 0.008672 0.012148
0 0.867090 0.624342 0.008672 0.012148
0 0.875610 0.615456 0.008662 0.012161
0 0.882275 0.607311 0.008672 0.012148
0 0.787446 0.694238 0.008662 0.012148
0 0.795596 0.684850 0.008672 0.012148
0 0.804302 0.675462 0.008662 0.012148
0 0.812637 0.667806 0.008672 0.012148
0 0.821899 0.658672 0.008662 0.012161
0 0.829678 0.650775 0.008672 0.012148
0 0.837642 0.642624 0.008662 0.012148
0 0.845791 0.633236 0.008672 0.012148
0 0.853755 0.624590 0.008662 0.012148
0 0.861719 0.616191 0.008672 0.012148
0 0.869868 0.608294 0.008662 0.012161
0 0.877090 0.600150 0.008672 0.012148
0 0.771333 0.694727 0.008662 0.012161
0 0.786523 0.635462 0.008672 0.012148
0 0.795044 0.626569 0.008662 0.012148
0 0.803379 0.617428 0.008672 0.012148
0 0.811895 0.609030 0.008672 0.012148
0 0.820786 0.600397 0.008662 0.012148
0 0.828750 0.591504 0.008672 0.012148
0 0.837642 0.583600 0.008662 0.012148
0 0.845420 0.574707 0.008672 0.012148
0 0.732993 0.672012 0.008662 0.012148
0 0.742256 0.662376 0.008672 0.012148
0 0.751885 0.652741 0.008672 0.012148
0 0.760962 0.644102 0.008662 0.012161
0 0.770225 0.635462 0.008672 0.012148
0 0.779297 0.625579 0.008672 0.012148
0 0.788374 0.617676 0.008662 0.012148
0 0.796895 0.608535 0.008672 0.012148
0 0.839678 0.566803 0.008672 0.012148
0 0.805596 0.600391 0.008672 0.012161
0 0.814307 0.591999 0.008672 0.012148
0 0.832456 0.558405 0.008662 0.012148
0 0.840791 0.550013 0.008672 0.012161
0 0.715957 0.673242 0.008672 0.012161
0 0.725400 0.664355 0.008672 0.012148
0 0.735034 0.654225 0.008662 0.012148
0 0.744106 0.645579 0.008662 0.012148
0 0.753740 0.635957 0.008672 0.012148
0 0.763369 0.628548 0.008672 0.012148
0 0.772261 0.618418 0.008662 0.012148
0 0.781152 0.610020 0.008672 0.012148
0 0.790039 0.600150 0.008672 0.012148
0 0.798931 0.591751 0.008662 0.012148
0 0.808008 0.583600 0.008672 0.012148
0 0.816157 0.574954 0.008662 0.012148
0 0.824307 0.566309 0.008672 0.012148
0 0.822822 0.583353 0.008672 0.012148
0 0.854126 0.566803 0.008662 0.012148
0 0.847271 0.557669 0.008662 0.012161
0 0.830786 0.574954 0.008662 0.012148
0 0.826343 0.549030 0.008662 0.012148
0 0.818193 0.556439 0.008672 0.012148
0 0.810229 0.565814 0.008662 0.012148
0 0.800967 0.574212 0.008672 0.012148
0 0.811523 0.547546 0.008672 0.012148
0 0.802637 0.556934 0.008672 0.012148
0 0.793745 0.565319 0.008662 0.012148
0 0.692061 0.647064 0.008672 0.012148
0 0.682061 0.655710 0.008672 0.012148
0 0.671318 0.665833 0.008672 0.012161
0 0.660762 0.675462 0.008672 0.012148
0 0.650576 0.685345 0.008672 0.012148
0 0.640020 0.695462 0.008672 0.012148
0 0.780225 0.547298 0.008672 0.012148
0 0.771333 0.555944 0.008662 0.012148
0 0.761890 0.564831 0.008662 0.012161
0 0.752627 0.573223 0.008672 0.012148
0 0.742998 0.582116 0.008672 0.012148
0 0.733735 0.592246 0.008662 0.012148
0 0.724478 0.600397 0.008662 0.012148
0 0.714102 0.609525 0.008672 0.012148
0 0.704473 0.618913 0.008672 0.012148
0 0.694473 0.628053 0.008672 0.012148
0 0.684102 0.637676 0.008672 0.012148
0 0.673911 0.647064 0.008662 0.012148
0 0.663540 0.656452 0.008662 0.012148
0 0.652798 0.666322 0.008662 0.012148
0 0.641870 0.675215 0.008662 0.012148
0 0.630757 0.686829 0.008662 0.012148
0 0.763740 0.546556 0.008672 0.012148
0 0.754668 0.555202 0.008672 0.012148
0 0.745405 0.564590 0.008662 0.012148
0 0.735957 0.572975 0.008672 0.012148
0 0.725957 0.582363 0.008672 0.012148
0 0.716143 0.591257 0.008672 0.012148
0 0.706694 0.600885 0.008662 0.012161
0 0.696323 0.609277 0.008662 0.012148
0 0.685952 0.618418 0.008662 0.012148
0 0.675767 0.628301 0.008662 0.012148
0 0.665205 0.638665 0.008672 0.012148
0 0.654834 0.647311 0.008672 0.012148
0 0.643906 0.658177 0.008672 0.012161
0 0.632607 0.666816 0.008672 0.012148
0 0.747812 0.546556 0.008672 0.012148
0 0.738184 0.555449 0.008672 0.012148
0 0.727993 0.563848 0.008662 0.012148
0 0.718550 0.572975 0.008662 0.012148
0 0.708545 0.582116 0.008672 0.012148
0 0.698916 0.591504 0.008672 0.012148
0 0.688174 0.600397 0.008672 0.012148
0 0.677988 0.609772 0.008672 0.012148
0 0.667803 0.619160 0.008672 0.012148
0 0.828564 0.532051 0.008672 0.012148
0 0.822344 0.522858 0.008672 0.012148
0 0.815010 0.514264 0.008672 0.012148
0 0.808340 0.504785 0.008672 0.012148
0 0.801230 0.495007 0.008672 0.012148
0 0.849678 0.541530 0.008672 0.012148
0 0.843013 0.532936 0.008662 0.012148
0 0.836123 0.523457 0.008672 0.012148
0 0.830566 0.514264 0.008672 0.012148
0 0.823452 0.506263 0.008662 0.012161
0 0.817007 0.496484 0.008662 0.012161
0 0.809897 0.486999 0.008662 0.012148
0 0.857461 0.533522 0.008672 0.012148
0 0.851016 0.524342 0.008672 0.012148
0 0.844570 0.515449 0.008672 0.012148
0 0.838125 0.506556 0.008672 0.012148
0 0.832344 0.497376 0.008672 0.012148
0 0.825898 0.487891 0.008672 0.012161
0 0.819229 0.478704 0.008672 0.012148
0 0.871240 0.533522 0.008672 0.012148
0 0.865459 0.526120 0.008672 0.012161
0 0.859238 0.516634 0.008672 0.012148
0 0.853237 0.507454 0.008662 0.012148
0 0.847012 0.498861 0.008672 0.012148
0 0.840122 0.489967 0.008662 0.012148
0 0.833677 0.480775 0.008662 0.012148
0 0.827231 0.471296 0.008662 0.012148
0 0.884575 0.534121 0.008662 0.012148
0 0.879019 0.525827 0.008662 0.012148
0 0.872793 0.516934 0.008672 0.012148
0 0.867461 0.508639 0.008672 0.012148
0 0.861240 0.499746 0.008672 0.012148
0 0.855015 0.490553 0.008662 0.012148
0 0.848350 0.481673 0.008672 0.012148
0 0.842124 0.472780 0.008662 0.012148
