0 0.238448 0.5327 0.013106 0.024088
0 0.17931199999999992 0.569396 0.01429 0.020514
0 0.1986380000000001 0.54766 0.013834 0.024088
0 0.1977819999999999 0.51288 0.013106 0.024088
0 0.21725400000000006 0.48818800000000007 0.013106 0.024088
0 0.21897600000000006 0.521568 0.013106 0.024088
0 0.23820200000000002 0.4648840000000001 0.013106 0.024088
0 0.39272799999999997 0.4866520000000001 0.013106 0.0241
0 0.41087000000000007 0.46370200000000006 0.013106 0.024088
0 0.41069599999999995 0.4281999999999999 0.013106 0.024088
0 0.4113800000000001 0.395116 0.013106 0.024088
0 0.42934800000000006 0.3729039999999999 0.013106 0.024088
0 0.429176 0.4059900000000001 0.013106 0.024088
0 0.429176 0.439562 0.013106 0.024088
0 0.43020400000000003 0.47264799999999996 0.013106 0.024088
0 0.448858 0.45187599999999994 0.013106 0.024088
0 0.44903000000000004 0.4185479999999999 0.013106 0.024088
0 0.448858 0.38400999999999996 0.013106 0.024088
0 0.4127559999999999 0.49654200000000004 0.013688 0.0227
0 0.449786 0.484596 0.013524 0.021016
0 0.467168 0.4627380000000001 0.011312 0.02126
0 0.46740800000000005 0.428682 0.011466 0.021246
0 0.46724999999999994 0.39499400000000007 0.010418 0.020038
0 0.4851319999999999 0.44052 0.011648 0.021246
0 0.4859880000000001 0.47360599999999997 0.011648 0.021736
0 0.48557000000000006 0.40622800000000003 0.011812 0.021736
0 0.503784 0.417578 0.011958 0.021736
0 0.5035339999999999 0.4513879999999999 0.01215 0.02126
0 0.522276 0.46297600000000005 0.013352 0.023664
0 0.522276 0.4289259999999999 0.01164 0.021246
0 0.540746 0.44052 0.012678 0.021246
0 0.5571759999999999 0.41660600000000003 0.010928 0.018844
0 0.504208 0.38376600000000005 0.01215 0.020772
0 0.5582020000000001 0.3829180000000001 0.010282 0.019074
0 0.5760099999999999 0.39439 0.01142 0.020682
0 0.59311 0.3714519999999999 0.010282 0.019074
0 0.5756600000000001 0.36179399999999995 0.010282 0.019088
0 0.5936239999999999 0.3381240000000001 0.010292 0.019074
0 0.16921600000000003 0.019087999999999994 0.012204 0.024294
0 0.04367399999999999 0.18566799999999994 0.014326 0.025322
0 0.04556399999999994 0.22431800000000002 0.014316 0.025758
0 0.046740000000000004 0.2616320000000001 0.01448 0.025322
0 0.047846000000000055 0.29861800000000005 0.013214 0.02243
0 0.0686199999999999 0.2739579999999999 0.013214 0.021542
0 0.08883799999999997 0.28640200000000005 0.012432 0.021542
0 0.11063800000000001 0.263296 0.012586 0.023766
0 0.1317299999999999 0.27607399999999993 0.013534 0.023098
0 0.0668120000000001 0.23609199999999997 0.014008 0.024422
0 0.08860599999999996 0.250084 0.013224 0.02266
0 0.0661799999999999 0.1987779999999999 0.01307 0.023548
0 0.06546999999999992 0.1614660000000001 0.013214 0.024422
0 0.06436799999999998 0.12215200000000004 0.013214 0.023534
0 0.08640200000000009 0.09894599999999998 0.013844 0.024652
0 0.08608799999999994 0.13547599999999993 0.014162 0.023984
0 0.0872679999999999 0.174358 0.01337 0.023522
0 0.0882099999999999 0.21099 0.014636 0.023984
0 0.1100859999999999 0.22676000000000007 0.014326 0.023548
0 0.10985800000000001 0.18811599999999995 0.013524 0.024434
0 0.130784 0.203438 0.013224 0.024434
0 0.131648 0.2389779999999999 0.01337 0.024434
0 0.15194799999999997 0.2515240000000001 0.01275 0.023766
0 0.17327399999999993 0.265636 0.013852 0.024434
0 0.15250000000000008 0.2149939999999999 0.013852 0.023534
0 0.1728780000000001 0.22854200000000002 0.01275 0.023534
0 0.19349799999999995 0.2410859999999999 0.01306 0.023766
0 0.213638 0.25342 0.013688 0.023548
0 0.23430400000000007 0.2302059999999999 0.011904 0.02288
0 0.254826 0.24375400000000003 0.01348 0.02509
0 0.2545440000000001 0.20733200000000007 0.012404 0.023766
0 0.275096 0.21788000000000007 0.012596 0.022648
0 0.2945359999999999 0.23242999999999991 0.01306 0.024652
0 0.31515000000000004 0.20899800000000002 0.01307 0.023548
0 0.33458600000000005 0.2214339999999999 0.012906 0.023534
0 0.294918 0.19611200000000006 0.012604 0.023098
0 0.3352139999999999 0.18589999999999995 0.013852 0.023548
0 0.10818799999999995 0.11061600000000005 0.01224 0.022982
0 0.108352 0.14971800000000002 0.011256 0.021594
0 0.1272040000000001 0.08678600000000003 0.012678 0.023754
0 0.1293359999999999 0.12627199999999994 0.012568 0.021286
0 0.14895199999999997 0.10028199999999998 0.013334 0.022674
0 0.15168399999999993 0.1392279999999999 0.013334 0.023136
0 0.129826 0.16382999999999992 0.012896 0.022366
0 0.15173999999999999 0.1774039999999999 0.014098 0.02329
0 0.17245 0.19036000000000008 0.012678 0.022056
0 0.171794 0.15403600000000006 0.01224 0.022828
0 0.41315999999999997 0.057558 0.010602 0.022674
0 0.43174 0.03480799999999995 0.011038 0.020976
0 0.4514579999999999 0.012442000000000064 0.011038 0.020976
0 0.4514579999999999 0.04714599999999991 0.011038 0.020976
0 0.470256 0.025244000000000044 0.011038 0.020976
0 0.48905200000000004 0.03927999999999998 0.011038 0.020976
0 0.4700359999999999 0.06210800000000005 0.011038 0.020976
0 0.450256 0.08478199999999991 0.011038 0.020976
0 0.4314579999999999 0.07120799999999994 0.011038 0.020976
0 0.39264999999999994 0.11748000000000003 0.011238 0.020976
0 0.41211200000000003 0.09449799999999997 0.011038 0.020976
0 0.431384 0.10555200000000009 0.011548 0.0218
0 0.41266 0.12997999999999998 0.011548 0.021786
0 0.4496 0.11995599999999995 0.011548 0.021786
0 0.39266 0.15172800000000009 0.011548 0.021786
0 0.373424 0.1760980000000001 0.011548 0.021786
0 0.353534 0.19769199999999998 0.011548 0.021786
0 0.37254999999999994 0.21172799999999992 0.011548 0.021786
0 0.39254999999999995 0.1890559999999999 0.011548 0.021786
0 0.41255 0.166844 0.011548 0.021786
0 0.412118 0.2003140000000001 0.01154 0.021786
0 0.43124399999999996 0.17825800000000003 0.01154 0.021786
0 0.44883800000000007 0.19075200000000003 0.01154 0.021786
0 0.43113 0.14324599999999998 0.011548 0.021786
0 0.450256 0.15558399999999994 0.011548 0.021786
0 0.46828800000000004 0.16823199999999994 0.011548 0.021786
0 0.4693799999999999 0.1322939999999999 0.011548 0.021786
0 0.468834 0.09681800000000007 0.011548 0.021786
0 0.48763200000000007 0.07553399999999999 0.011548 0.021786
0 0.488834 0.11054600000000003 0.011548 0.021786
0 0.507746 0.08771799999999996 0.01154 0.021786
0 0.5087299999999999 0.05270599999999992 0.01154 0.021786
0 0.506102 0.12273200000000006 0.011548 0.021786
0 0.5083979999999999 0.01615000000000011 0.011548 0.021786
0 0.5262119999999999 0.03049400000000002 0.011548 0.021786
0 0.544354 0.042526000000000064 0.011548 0.021786
0 0.562932 0.020469999999999988 0.011548 0.021786
0 0.581402 0.034041999999999906 0.011548 0.021786
0 0.525992 0.06566200000000011 0.011548 0.021786
0 0.5254460000000001 0.09990399999999999 0.011548 0.021786
0 0.543806 0.0775380000000001 0.011548 0.021786
0 0.562932 0.055790000000000006 0.011548 0.021786
0 0.0301499999999999 0.45320000000000005 0.01336 0.022854
0 0.029139999999999944 0.4178219999999999 0.015328 0.02315
0 0.027714000000000016 0.380174 0.013662 0.0223
0 0.009354000000000084 0.47962799999999994 0.014026 0.023316
0 0.03080599999999989 0.49119599999999997 0.013908 0.022982
0 0.05112399999999995 0.4659580000000001 0.013908 0.02315
0 0.050888000000000044 0.4301539999999999 0.014854 0.023984
0 0.05225400000000002 0.502602 0.013306 0.02297
0 0.07340600000000008 0.4783679999999999 0.015684 0.024832
0 0.07251800000000008 0.442056 0.013434 0.022314
0 0.07447599999999999 0.514588 0.015456 0.021466
0 0.050888000000000044 0.3929180000000001 0.015092 0.022648
0 0.04939800000000005 0.3559319999999999 0.014736 0.023818
0 0.07079199999999997 0.368182 0.01521 0.023484
0 0.071326 0.40474199999999994 0.01438 0.022468
0 0.09295600000000004 0.38075799999999993 0.014854 0.023804
0 0.09123400000000004 0.34352800000000006 0.01378 0.02315
0 0.11244600000000005 0.355348 0.01296 0.022648
0 0.09378400000000009 0.4174040000000001 0.014854 0.023984
0 0.09450399999999992 0.4533799999999999 0.014144 0.022802
0 0.11417199999999994 0.393502 0.014026 0.024152
0 0.11446800000000001 0.4302379999999999 0.014854 0.02482
0 0.09515399999999996 0.4899420000000001 0.013552 0.022814
0 0.09556999999999993 0.527088 0.014854 0.023638
0 0.05367999999999995 0.539164 0.014736 0.023316
0 0.07519199999999993 0.551156 0.014262 0.022802
0 0.09658000000000011 0.56189 0.015692 0.022802
0 0.11749600000000004 0.573464 0.014262 0.024486
0 0.11648400000000003 0.536986 0.013662 0.0223
0 0.1379919999999999 0.548554 0.015092 0.021966
0 0.13948000000000005 0.58185 0.014262 0.019794
0 0.15891199999999994 0.560044 0.014144 0.02248
0 0.11630600000000002 0.501844 0.014016 0.023484
0 0.13734000000000002 0.5130779999999999 0.01521 0.024486
0 0.15849800000000003 0.5259119999999999 0.01521 0.024652
0 0.11547400000000008 0.466542 0.014736 0.023316
0 0.21669800000000006 0.45233199999999996 0.013106 0.0241
0 0.39250000000000007 0.31399200000000005 0.012868 0.023098
0 0.4105700000000001 0.36073200000000005 0.013106 0.024088
0 0.540538 0.40564200000000006 0.01113 0.018354
0 0.5222819999999999 0.39535999999999993 0.010992 0.020282
0 0.5400780000000001 0.3733740000000001 0.011648 0.019318
0 0.611766 0.318014 0.010292 0.019088
0 0.6298900000000001 0.2959320000000001 0.010292 0.019088
0 0.5577000000000001 0.3501540000000001 0.010282 0.019074
0 0.521552 0.3613360000000001 0.010282 0.019074
0 0.540068 0.33786000000000005 0.010282 0.019088
0 0.575324 0.32933199999999996 0.010282 0.019074
0 0.5590839999999999 0.31647800000000004 0.010282 0.019074
0 0.5940399999999999 0.3071140000000001 0.010282 0.019088
0 0.48590200000000006 0.37196000000000007 0.010418 0.020038
0 0.46757800000000005 0.3609199999999999 0.010418 0.020038
0 0.44916200000000006 0.3490420000000001 0.010418 0.020038
0 0.5038260000000001 0.34973600000000005 0.010418 0.020038
0 0.4861979999999999 0.3386960000000001 0.010428 0.020038
0 0.411748 0.32534799999999997 0.012022 0.022828
0 0.43004599999999993 0.33687599999999995 0.012022 0.022828
0 0.42994599999999994 0.30277599999999993 0.012022 0.022828
0 0.41133 0.29075800000000007 0.012022 0.022828
0 0.44936200000000004 0.31550199999999995 0.012022 0.022828
0 0.466194 0.3272360000000001 0.012022 0.022828
0 0.5224279999999999 0.32766000000000006 0.010282 0.019074
0 0.504208 0.316484 0.010292 0.019088
0 0.4858880000000001 0.30390800000000007 0.010282 0.019074
0 0.468256 0.29160600000000003 0.010282 0.019074
0 0.4501360000000001 0.27916399999999997 0.010292 0.019074
0 0.5048999999999999 0.2801419999999999 0.010292 0.019074
0 0.5229239999999999 0.293002 0.010292 0.019088
0 0.540154 0.3055779999999999 0.010292 0.019074
0 0.5594680000000001 0.28391999999999995 0.010282 0.019074
0 0.5416399999999999 0.270502 0.010292 0.019074
0 0.52332 0.25805999999999996 0.010282 0.019074
0 0.5760019999999999 0.2602960000000001 0.010292 0.019074
0 0.5597639999999999 0.2481359999999999 0.010292 0.019074
0 0.541936 0.23681799999999997 0.010282 0.019088
0 0.4676100000000001 0.2563120000000001 0.011194 0.021106
0 0.4858340000000001 0.26889399999999997 0.010792 0.019434
0 0.4864759999999999 0.2338880000000001 0.011092 0.020682
0 0.50499 0.24631800000000004 0.011092 0.020964
0 0.412158 0.2544979999999999 0.012768 0.022494
0 0.4299820000000001 0.26735200000000003 0.011184 0.020822
0 0.44926200000000005 0.24483999999999995 0.01164 0.021632
0 0.5231239999999999 0.22382400000000002 0.011876 0.018728
0 0.5603499999999999 0.214248 0.010702 0.019422
0 0.577636 0.22662000000000004 0.010974 0.020128
0 0.576484 0.2947820000000001 0.010966 0.019408
0 0.5952459999999999 0.2729299999999999 0.010164 0.018894
0 0.612004 0.2850839999999999 0.011438 0.019808
0 0.5956379999999999 0.23912599999999995 0.010838 0.019922
0 0.613032 0.24953800000000004 0.010292 0.017866
0 0.629882 0.262648 0.009928 0.018638
0 0.018761999999999945 0.03425400000000001 0.01348 0.026092
0 0.040802000000000005 0.04713999999999996 0.014026 0.026542
0 0.06352399999999991 0.025919999999999943 0.014298 0.026312
0 0.08552399999999993 0.04030800000000001 0.014764 0.027096
0 0.10682600000000009 0.015584000000000042 0.014016 0.025642
0 0.12709400000000004 0.0296860000000001 0.013388 0.026748
0 0.024863999999999997 0.24941600000000008 0.013534 0.023098
0 0.024467999999999934 0.28484599999999993 0.01336 0.025552
0 0.020934000000000008 0.13359199999999993 0.014472 0.024204
0 0.022977999999999943 0.17168399999999995 0.013224 0.023984
0 0.02345200000000003 0.20988399999999996 0.01448 0.02311
0 0.04304599999999992 0.10837999999999992 0.014326 0.022648
0 0.04414000000000007 0.147802 0.015602 0.024216
0 0.17157599999999995 0.11624600000000007 0.012896 0.023754
0 0.17042800000000002 0.07791799999999993 0.012568 0.021748
0 0.190318 0.08994799999999992 0.011694 0.021748
0 0.19168399999999997 0.12719799999999992 0.011804 0.021286
0 0.19261400000000006 0.16645200000000004 0.011476 0.021748
0 0.1927779999999999 0.2023140000000001 0.012678 0.021902
0 0.2145680000000001 0.2162980000000001 0.010574 0.022416
0 0.21316000000000002 0.17840600000000006 0.010602 0.02036
0 0.23496399999999995 0.19352199999999997 0.010928 0.02252
0 0.21288799999999997 0.14177400000000007 0.01071 0.020206
0 0.212318 0.06663200000000002 0.010974 0.022006
0 0.21233999999999997 0.104576 0.011148 0.02324
0 0.23204399999999992 0.0800780000000001 0.012176 0.02329
0 0.23353000000000002 0.119178 0.01205 0.021286
0 0.253598 0.09550199999999998 0.011912 0.022366
0 0.2539800000000001 0.057943999999999996 0.01224 0.023136
0 0.273598 0.07159399999999994 0.011476 0.021132
0 0.23294199999999998 0.15565600000000002 0.011912 0.02144
0 0.2540340000000001 0.13259599999999994 0.012132 0.02221
0 0.2549079999999999 0.16907399999999995 0.012132 0.022674
0 0.27522800000000003 0.18156799999999995 0.011112 0.02144
0 0.2746360000000001 0.14640199999999992 0.011366 0.020822
0 0.2945819999999999 0.15904800000000008 0.011476 0.021748
0 0.3144720000000001 0.17277600000000004 0.011256 0.02144
0 0.27368400000000004 0.1093059999999999 0.011302 0.020976
0 0.2946359999999999 0.08601600000000009 0.011366 0.02221
0 0.29447200000000007 0.12311000000000005 0.011694 0.022366
0 0.31523600000000007 0.13545000000000007 0.011038 0.02144
0 0.315032 0.09928000000000003 0.010574 0.023136
0 0.29414000000000007 0.047917999999999905 0.011904 0.021594
0 0.31393800000000005 0.06264800000000004 0.012378 0.020206
0 0.33474399999999993 0.038893999999999984 0.012896 0.023598
0 0.33409 0.07652999999999999 0.010928 0.020822
0 0.33436200000000005 0.11246800000000001 0.011912 0.022366
0 0.33430800000000005 0.14902400000000005 0.012022 0.02144
0 0.3537619999999999 0.16166999999999998 0.011148 0.02144
0 0.35403399999999996 0.125116 0.010602 0.021132
0 0.3535980000000001 0.08886799999999995 0.011256 0.020822
0 0.35360199999999997 0.052982000000000085 0.01103 0.021542
0 0.37354200000000004 0.030257999999999896 0.011366 0.022674
0 0.3732200000000001 0.06696600000000008 0.01203 0.022982
0 0.3736520000000001 0.10251999999999994 0.011804 0.023136
0 0.37321399999999993 0.13884399999999997 0.01224 0.022982
0 0.39267399999999997 0.04367600000000005 0.010482 0.02144
0 0.39277800000000007 0.0800780000000001 0.011148 0.022056
0 0.41261400000000004 0.020772000000000013 0.011256 0.02252
0 0.542932 0.11270599999999997 0.011548 0.021786
0 0.5617300000000001 0.0908040000000001 0.011548 0.021786
0 0.579836 0.06874599999999997 0.011402 0.021786
0 0.48652000000000006 0.145424 0.011548 0.0218
0 0.4873780000000001 0.1810480000000001 0.011548 0.021786
0 0.5064839999999999 0.15830999999999995 0.011548 0.021786
0 0.5241720000000001 0.17219800000000007 0.011548 0.0218
0 0.5240260000000001 0.13657399999999997 0.011548 0.021786
0 0.542276 0.14783999999999997 0.011548 0.0218
0 0.560956 0.1265099999999999 0.011548 0.021786
0 0.560392 0.16052 0.011548 0.021786
0 0.579072 0.10316199999999998 0.011548 0.0218
0 0.578498 0.13918999999999992 0.011276 0.0218
0 0.596684 0.1512659999999999 0.011402 0.021786
0 0.59704 0.117456 0.011402 0.0218
0 0.6148640000000001 0.12852200000000003 0.011402 0.0218
0 0.631548 0.14200600000000008 0.011402 0.0218
0 0.5983240000000001 0.08304 0.011402 0.021786
0 0.5980380000000001 0.047012000000000054 0.011394 0.021786
0 0.6150100000000001 0.0953139999999999 0.011402 0.021786
0 0.6328320000000001 0.10759000000000007 0.011402 0.021786
0 0.6506559999999999 0.12087399999999993 0.011402 0.0218
0 0.6170040000000001 0.06049400000000005 0.011402 0.021786
0 0.5991759999999999 0.012596000000000052 0.011394 0.0218
0 0.6171439999999999 0.026483999999999952 0.011394 0.021786
0 0.635256 0.03855999999999993 0.011402 0.0218
0 0.6529419999999999 0.01622199999999996 0.011402 0.0218
0 0.670906 0.029300000000000104 0.011394 0.021786
0 0.6527959999999999 0.050032000000000076 0.011402 0.021786
0 0.633688 0.07257000000000002 0.011402 0.0218
0 0.6517980000000001 0.08484599999999998 0.011394 0.0218
0 0.6691940000000001 0.0643260000000001 0.008844 0.01973
0 0.6684840000000001 0.09732600000000002 0.011394 0.0218
0 0.6679139999999999 0.13274999999999992 0.011402 0.0218
0 0.6855960000000001 0.11181799999999997 0.011394 0.021786
0 0.686448 0.0766 0.011402 0.021786
0 0.687022 0.04379200000000005 0.011402 0.0218
0 0.7054180000000001 0.021652000000000005 0.011402 0.021786
0 0.13585599999999998 0.477776 0.014372 0.02365
0 0.15724399999999994 0.4898579999999999 0.014854 0.022648
0 0.13579600000000003 0.44214 0.01378 0.023484
0 0.13478600000000007 0.405578 0.014144 0.023804
0 0.155702 0.45304600000000006 0.013188 0.021466
0 0.17685799999999996 0.46444799999999997 0.012714 0.021466
0 0.156358 0.41723599999999994 0.013788 0.022648
0 0.17703599999999997 0.4293960000000001 0.01307 0.022802
0 0.134312 0.36926799999999993 0.01438 0.02365
0 0.13407199999999997 0.33288000000000006 0.01295 0.024988
0 0.15439399999999992 0.3448659999999999 0.013434 0.022814
0 0.155524 0.381254 0.013434 0.022814
0 0.17576999999999998 0.35694000000000004 0.013106 0.02365
0 0.17477600000000004 0.32103400000000004 0.012942 0.02194
0 0.1957660000000001 0.33223 0.01357 0.0232
0 0.1760839999999999 0.39232599999999995 0.013096 0.02365
0 0.19664400000000004 0.36901000000000006 0.013106 0.02365
0 0.1959280000000001 0.4045620000000001 0.013096 0.02365
0 0.21672599999999997 0.382096 0.013106 0.02365
0 0.2166079999999999 0.34603399999999995 0.013106 0.023638
0 0.21672599999999997 0.416312 0.013106 0.02365
0 0.236572 0.35787199999999997 0.013106 0.023844
0 0.23716399999999993 0.39349600000000007 0.013106 0.02365
0 0.21529599999999993 0.30997399999999997 0.013106 0.02365
0 0.23538799999999993 0.32238999999999995 0.013106 0.02365
0 0.2562979999999999 0.2985739999999999 0.013106 0.02365
0 0.256416 0.33384400000000003 0.013106 0.024088
0 0.25724400000000003 0.370514 0.013106 0.024088
0 0.2761420000000001 0.3109759999999999 0.013106 0.024088
0 0.29551400000000005 0.28800800000000004 0.013106 0.024088
0 0.276262 0.3458619999999999 0.013106 0.024088
0 0.2959879999999999 0.323728 0.013106 0.024088
0 0.315596 0.29974199999999995 0.013106 0.024088
0 0.3346119999999999 0.2766059999999999 0.013106 0.024088
0 0.33473200000000003 0.311318 0.013106 0.0241
0 0.315242 0.334962 0.013106 0.024088
0 0.296462 0.358444 0.013106 0.024088
0 0.276616 0.382096 0.013106 0.024088
0 0.257482 0.40608 0.013106 0.024088
0 0.23633400000000004 0.429384 0.013106 0.024088
0 0.19700000000000006 0.4414659999999999 0.013106 0.024088
0 0.276262 0.41731399999999996 0.013106 0.024088
0 0.29622400000000004 0.39299400000000007 0.013106 0.024088
0 0.3151219999999999 0.37035400000000007 0.013106 0.0241
0 0.31583399999999995 0.4054040000000001 0.013106 0.0241
0 0.23820200000000002 0.5010540000000001 0.013106 0.024088
0 0.219476 0.5556620000000001 0.01429 0.019474
0 0.1977819999999999 0.475322 0.013106 0.024088
0 0.1778280000000001 0.5003599999999999 0.013106 0.024088
0 0.1783380000000001 0.535134 0.013634 0.0241
0 0.258656 0.5452239999999999 0.013798 0.020862
0 0.25853400000000004 0.512186 0.014536 0.02365
0 0.2577959999999999 0.4763679999999999 0.014044 0.023638
0 0.2577959999999999 0.44072599999999995 0.013552 0.02261
0 0.27787800000000007 0.4518500000000001 0.01479 0.024704
0 0.27787800000000007 0.4887140000000001 0.01479 0.02329
0 0.27788199999999996 0.522796 0.013306 0.02261
0 0.2969759999999999 0.42872200000000005 0.012076 0.021556
0 0.29648399999999997 0.4631559999999999 0.012568 0.021556
0 0.29746800000000007 0.498278 0.012568 0.021568
0 0.2969759999999999 0.531838 0.01306 0.019126
0 0.3171820000000001 0.510102 0.014544 0.022956
0 0.3157019999999999 0.44072 0.012568 0.021208
0 0.3155779999999999 0.47497999999999996 0.013306 0.021556
0 0.33566399999999996 0.48715200000000003 0.012568 0.020862
0 0.3375140000000001 0.520186 0.015282 0.021556
0 0.35623800000000005 0.4977579999999999 0.01479 0.023998
0 0.3745940000000001 0.5097560000000001 0.01602 0.02365
0 0.374846 0.4751540000000001 0.014044 0.021208
0 0.3548819999999999 0.46455 0.014044 0.024344
0 0.33566399999999996 0.4527239999999999 0.014044 0.02365
0 0.354058 0.28909399999999996 0.011976 0.022224
0 0.35405200000000003 0.3243579999999999 0.013096 0.024088
0 0.33454000000000006 0.3468119999999999 0.013106 0.024088
0 0.37356199999999995 0.2659119999999999 0.013096 0.024088
0 0.3737299999999999 0.300926 0.013106 0.024088
0 0.3732200000000001 0.33570600000000006 0.013106 0.024088
0 0.35405200000000003 0.35913799999999996 0.013096 0.024088
0 0.33454000000000006 0.3813500000000001 0.013106 0.024088
0 0.39272799999999997 0.2782260000000001 0.013106 0.024088
0 0.391362 0.34850800000000004 0.013106 0.024088
0 0.374244 0.37096400000000007 0.013096 0.024088
0 0.3543940000000001 0.393432 0.013106 0.024088
0 0.335742 0.41662 0.013106 0.024088
0 0.35422200000000004 0.4289339999999999 0.013106 0.024088
0 0.37339199999999995 0.441492 0.013106 0.024088
0 0.37390199999999996 0.40574599999999994 0.013106 0.024088
0 0.39307000000000003 0.3842540000000001 0.013096 0.024088
0 0.39307000000000003 0.4154119999999999 0.013096 0.024088
0 0.39204400000000006 0.4513879999999999 0.013106 0.024088
0 0.648798 0.23919 0.009072 0.019024
0 0.631384 0.22794399999999992 0.009108 0.018638
0 0.6131420000000001 0.21682599999999996 0.008798 0.017738
0 0.5960019999999999 0.20339400000000007 0.010656 0.018894
0 0.631294 0.19619600000000004 0.011112 0.019408
0 0.6491439999999999 0.2068000000000001 0.010018 0.018508
0 0.6664479999999999 0.18488400000000005 0.009472 0.018894
