0 0.941168 0.953292 0.024438 0.033916
0 0.893056 0.956958 0.024438 0.033916
0 0.843918 0.961084 0.024438 0.0339
0 0.796844 0.966574 0.024438 0.033916
0 0.748044 0.970242 0.024438 0.033916
0 0.702344 0.973458 0.024438 0.033916
0 0.96625 0.884576 0.02445 0.033916
0 0.91505 0.890066 0.02445 0.0339
0 0.865906 0.895108 0.024438 0.033916
0 0.818488 0.900142 0.02445 0.033916
0 0.769694 0.905642 0.024438 0.033916
0 0.722618 0.910224 0.024438 0.033916
0 0.936526 0.824776 0.02445 0.033916
0 0.887532 0.832042 0.024438 0.033916
0 0.840532 0.837976 0.024438 0.033916
0 0.791538 0.841274 0.02445 0.033916
0 0.744532 0.846558 0.024438 0.033916
0 0.700494 0.851826 0.024438 0.033916
0 0.715832 0.649942 0.024438 0.033916
0 0.697518 0.7146 0.024438 0.0339
0 0.719794 0.770674 0.024438 0.033916
0 0.765744 0.763358 0.024438 0.033916
0 0.812132 0.756942 0.024438 0.033916
0 0.862988 0.751908 0.02445 0.033916
0 0.909718 0.742742 0.024438 0.033916
0 0.960238 0.736326 0.02445 0.033916
0 0.984294 0.668058 0.024438 0.033916
0 0.934806 0.674942 0.024438 0.033916
0 0.883262 0.683642 0.02445 0.033916
0 0.835844 0.690976 0.024438 0.033916
0 0.787044 0.6983 0.024438 0.0339
0 0.741688 0.704708 0.02445 0.033916
0 0.957144 0.607124 0.024438 0.033916
0 0.906968 0.615824 0.024438 0.033916
0 0.855432 0.624992 0.024438 0.033916
0 0.809038 0.6337 0.02445 0.0339
0 0.76265 0.640108 0.02445 0.033916
0 0.981194 0.537942 0.023388 0.03115
0 0.928806 0.548924 0.023388 0.03115
0 0.879656 0.558784 0.022688 0.029766
0 0.830344 0.567716 0.020962 0.0284
0 0.784132 0.578266 0.020962 0.0284
