0 0.75259 0.585824 0.035626 0.05608
0 0.733294 0.636954 0.036616 0.054104
0 0.7135 0.686104 0.041564 0.049482
0 0.695192 0.738228 0.043542 0.053444
0 0.673912 0.78837 0.042556 0.061358
0 0.794402 0.580216 0.046018 0.05542
0 0.774612 0.631346 0.043046 0.060038
0 0.753334 0.67984 0.038102 0.05674
0 0.735518 0.73328 0.038102 0.058056
0 0.71721 0.785404 0.040078 0.060698
0 0.655928 0.845118 0.042042 0.058902
0 0.596788 0.8988 0.052018 0.056056
0 0.572204 0.95105 0.04275 0.059852
0 0.637756 0.89262 0.042754 0.057006
0 0.616026 0.945824 0.042042 0.057006
0 0.815682 0.627744 0.04394 0.053834
0 0.79579 0.677624 0.039782 0.050666
0 0.781836 0.728294 0.040374 0.057006
0 0.760458 0.78292 0.041564 0.05384
0 0.694252 0.839132 0.037412 0.052254
0 0.7373 0.835176 0.04038 0.057006
0 0.678812 0.89218 0.043348 0.05384
0 0.722456 0.885052 0.03919 0.052254
0 0.658918 0.942454 0.03919 0.057796
0 0.702268 0.93691 0.041564 0.056216
0 0.841334 0.672004 0.04513 0.059376
0 0.822926 0.725442 0.03563 0.057006
0 0.803034 0.77651 0.039782 0.056216
0 0.782548 0.827972 0.038004 0.053044
0 0.765328 0.881808 0.043944 0.059382
0 0.865382 0.719506 0.042162 0.060962
0 0.84549 0.771362 0.038 0.057006
0 0.8253 0.825596 0.04513 0.057796
0 0.807488 0.877058 0.04394 0.057796
0 0.790862 0.923374 0.041564 0.058586
0 0.746326 0.932478 0.04394 0.057796
0 0.887952 0.76779 0.043356 0.059358
0 0.871024 0.81926 0.04513 0.060962
0 0.851428 0.874682 0.042754 0.056216
0 0.830646 0.922186 0.03919 0.05463
0 0.917932 0.812926 0.03919 0.05463
0 0.895666 0.865976 0.037408 0.060962
0 0.87607 0.91783 0.042158 0.057006
0 0.939606 0.863204 0.039788 0.061754
0 0.92001 0.913874 0.040972 0.058586
0 0.9019 0.964938 0.042754 0.064124
0 0.963356 0.907936 0.046908 0.06255
0 0.94406 0.957018 0.036814 0.060962
0 0.885128 0.224556 0.046172 0.058148
0 0.871018 0.277 0.043612 0.062704
0 0.848788 0.328874 0.045314 0.054722
0 0.827838 0.383596 0.046176 0.063846
0 0.809026 0.43205 0.041042 0.058148
0 0.925314 0.222274 0.046176 0.060426
0 0.907784 0.275858 0.043606 0.06042
0 0.891114 0.335142 0.047884 0.069544
0 0.871446 0.383028 0.053014 0.058142
0 0.852206 0.4292 0.04532 0.063846
0 0.831256 0.478794 0.046172 0.06955
0 0.840236 0.226262 0.050444 0.070686
0 0.800902 0.230828 0.062416 0.068408
0 0.821852 0.281558 0.04788 0.067266
0 0.780382 0.28783 0.05045 0.07297
0 0.73549 0.28726 0.051306 0.069544
0 0.760288 0.329442 0.046176 0.051302
0 0.808172 0.334004 0.044462 0.064982
0 0.785086 0.380176 0.041042 0.070686
0 0.96935 0.219426 0.053866 0.072962
0 0.949254 0.270728 0.049592 0.059284
0 0.936856 0.321462 0.052158 0.062704
0 0.89453 0.423496 0.053014 0.061562
0 0.879996 0.478222 0.059852 0.059284
0 0.857764 0.525538 0.044462 0.055864
0 0.973624 0.320892 0.038482 0.061562
0 0.957808 0.375044 0.042754 0.062704
0 0.934294 0.426916 0.038476 0.054722
0 0.913342 0.471382 0.03762 0.066124
0 0.901372 0.520976 0.042754 0.064988
0 0.87957 0.57855 0.04874 0.07068
0 0.963794 0.466254 0.053014 0.064988
0 0.945836 0.516988 0.044468 0.066124
0 0.925744 0.574562 0.043606 0.062704
0 0.905222 0.621302 0.041898 0.058148
0 0.9661 0.560652 0.043606 0.061562
0 0.95071 0.612524 0.04532 0.064988
0 0.927196 0.664966 0.042754 0.060426
0 0.954564 0.708862 0.041056 0.063846
0 0.976362 0.759024 0.043612 0.061568
0 0.972512 0.662688 0.035912 0.067266
0 0.904388 0.170436 0.05387 0.067266
0 0.524314 0.497636 0.044462 0.064988
0 0.492678 0.603664 0.041042 0.060426
0 0.470446 0.653256 0.046172 0.070686
0 0.452064 0.71083 0.052158 0.080944
0 0.428548 0.758146 0.053014 0.07297
0 0.611532 0.39047 0.04788 0.069544
0 0.590156 0.438922 0.047884 0.063846
0 0.573484 0.497636 0.05045 0.071828
0 0.554244 0.550652 0.049598 0.07297
0 0.538144 0.60328 0.045722 0.06571
0 0.513206 0.656324 0.048098 0.06571
0 0.493314 0.704222 0.041564 0.066506
0 0.59944 0.543778 0.038138 0.072852
0 0.5814 0.59876 0.045356 0.069186
0 0.559752 0.651448 0.041922 0.061858
0 0.615076 0.499104 0.041236 0.064148
0 0.637584 0.448022 0.038834 0.063686
0 0.658546 0.496126 0.042954 0.061858
0 0.641878 0.545608 0.043986 0.059104
0 0.620746 0.596006 0.037454 0.057272
0 0.603048 0.65076 0.0433 0.055902
0 0.582866 0.703592 0.041564 0.068618
0 0.53759 0.70821 0.040078 0.069938
0 0.521754 0.755382 0.041074 0.06532
0 0.476974 0.75967 0.039588 0.06334
0 0.454706 0.806516 0.048496 0.06466
0 0.428234 0.860944 0.05295 0.075876
0 0.68109 0.443312 0.04107 0.058722
0 0.725374 0.437376 0.044538 0.049482
0 0.69915 0.490158 0.037606 0.058722
0 0.686038 0.540956 0.041074 0.053444
0 0.665006 0.593738 0.045524 0.057402
0 0.6467 0.64487 0.040574 0.064654
0 0.625916 0.696334 0.042556 0.059382
0 0.609588 0.748784 0.042556 0.052124
0 0.56431 0.750762 0.044038 0.057402
0 0.543774 0.804206 0.041564 0.05608
0 0.497996 0.81146 0.041084 0.05608
0 0.48316 0.858966 0.050968 0.060044
0 0.415368 0.916038 0.047996 0.069938
0 0.58905 0.79629 0.043046 0.06268
0 0.570496 0.85105 0.042556 0.06268
0 0.528188 0.855996 0.044042 0.055426
0 0.463862 0.913398 0.045028 0.060698
0 0.50493 0.90746 0.045028 0.062018
0 0.54798 0.901522 0.04305 0.06466
0 0.531402 0.954632 0.042556 0.060044
0 0.486376 0.956284 0.044538 0.05542
0 0.437882 0.961228 0.045524 0.06268
0 0.674906 0.33742 0.055422 0.069938
0 0.65412 0.389544 0.0475 0.079172
0 0.70113 0.386904 0.044538 0.072574
0 0.749128 0.486528 0.04255 0.062018
0 0.728098 0.538648 0.037112 0.059382
0 0.710778 0.589124 0.045028 0.050802
0 0.690244 0.640584 0.044532 0.062672
0 0.670944 0.693034 0.042556 0.059376
0 0.651152 0.741528 0.043546 0.05608
0 0.629874 0.79266 0.040574 0.058062
0 0.612308 0.849732 0.04107 0.057402
0 0.772138 0.53271 0.046018 0.054098
