0 0.563258 0.16281999999999996 0.0262 0.043696
0 0.6051280000000001 0.15833399999999997 0.025114 0.0444
0 0.6457280000000001 0.1553420000000001 0.025572 0.046876
0 0.6851579999999999 0.15349600000000008 0.025572 0.043752
0 0.720472 0.14954200000000006 0.023142 0.038286
0 0.740186 0.18020999999999998 0.023714 0.03981
0 0.7014720000000001 0.18659000000000003 0.021714 0.03581
0 0.6644000000000001 0.18497199999999991 0.023572 0.042096
0 0.6253280000000001 0.18906599999999996 0.025142 0.04038
0 0.26429199999999997 0.22194200000000008 0.031728 0.047086
0 0.3134779999999999 0.21690399999999999 0.030786 0.04859
0 0.3603080000000001 0.21199999999999997 0.029272 0.04682
0 0.408836 0.2084760000000001 0.028128 0.046324
0 0.45424200000000003 0.20444799999999996 0.025686 0.041276
0 0.4975780000000001 0.1991719999999999 0.025872 0.0428
0 0.541472 0.19701999999999997 0.026428 0.044552
0 0.5832919999999999 0.19689599999999996 0.024728 0.044304
0 0.2885580000000001 0.2575719999999999 0.028142 0.046838
0 0.337272 0.25543800000000005 0.028514 0.046572
0 0.38415 0.24684799999999996 0.0295 0.04539
0 0.43057199999999995 0.2430859999999999 0.025858 0.0432
0 0.4749000000000001 0.23872399999999994 0.0264 0.041258
0 0.518114 0.23823799999999995 0.026914 0.044666
0 0.561914 0.23143800000000003 0.024572 0.042228
0 0.6012360000000001 0.23062800000000006 0.026614 0.039962
0 0.6417219999999999 0.22664799999999996 0.023758 0.041486
0 0.6806779999999999 0.22302 0.023758 0.039904
0 0.7207079999999999 0.2127239999999999 0.021614 0.038324
0 0.738164 0.24549599999999994 0.022328 0.039904
0 0.7000360000000001 0.2499340000000001 0.023986 0.040552
0 0.661314 0.25468599999999997 0.024942 0.04118
0 0.6209359999999999 0.26102000000000003 0.0259 0.043714
0 0.5802 0.262124 0.0266 0.04021
0 0.537914 0.2668759999999999 0.028028 0.042742
0 0.4949220000000001 0.27463799999999994 0.027072 0.046228
0 0.4509780000000001 0.2762199999999999 0.026614 0.04562
0 0.4066780000000001 0.282076 0.026358 0.042134
0 0.35965 0.2869900000000001 0.026842 0.046248
0 0.3111219999999999 0.29324799999999995 0.030758 0.0468
0 0.2615719999999999 0.2972379999999999 0.034486 0.050934
0 0.2564139999999999 0.3777520000000001 0.028286 0.045142
0 0.30545 0.3708659999999999 0.029728 0.04459
0 0.35334200000000004 0.3650960000000001 0.030142 0.0468
0 0.39979999999999993 0.35779000000000005 0.027258 0.04598
0 0.44418599999999997 0.35062799999999994 0.027258 0.042666
0 0.48867799999999995 0.346228 0.026642 0.043772
0 0.530586 0.33948599999999995 0.026228 0.0424
0 0.572808 0.3352200000000001 0.026842 0.042134
0 0.613278 0.3290280000000001 0.024358 0.0424
0 0.6534279999999999 0.32448600000000005 0.026228 0.044324
0 0.691622 0.317334 0.024158 0.041562
0 0.7311639999999999 0.312924 0.026014 0.04322
0 0.2788139999999999 0.41051400000000005 0.027658 0.045142
0 0.3272280000000001 0.405972 0.026628 0.045428
0 0.3751279999999999 0.4025240000000001 0.027458 0.041848
0 0.41979199999999994 0.39092400000000005 0.026986 0.045772
0 0.4645079999999999 0.38372399999999995 0.026986 0.04398
0 0.507814 0.37859 0.025286 0.040266
0 0.552292 0.37227600000000005 0.026186 0.044362
0 0.591658 0.3659140000000001 0.025772 0.041924
0 0.632136 0.3625339999999999 0.025158 0.04221
0 0.6728080000000001 0.35441999999999996 0.024958 0.04221
0 0.7103360000000001 0.3499620000000001 0.022928 0.037066
0 0.25445000000000007 0.4515340000000001 0.028614 0.047066
0 0.30294200000000004 0.444496 0.0282 0.045448
0 0.34940799999999994 0.4376 0.027386 0.04518
0 0.39617199999999997 0.4309799999999999 0.026772 0.043828
0 0.44100800000000007 0.42516200000000004 0.026786 0.042476
0 0.48472800000000005 0.4184000000000001 0.025372 0.042476
0 0.5276419999999999 0.41042 0.0276 0.043276
0 0.571158 0.4036580000000001 0.025772 0.042742
0 0.6111279999999999 0.39837999999999996 0.025772 0.04518
0 0.652028 0.39208599999999993 0.024028 0.043904
0 0.689708 0.38615200000000005 0.024242 0.041752
0 0.725158 0.38037199999999993 0.025258 0.043638
0 0.27749200000000007 0.4867619999999999 0.028072 0.048496
0 0.325472 0.4778659999999999 0.029086 0.046324
0 0.372336 0.47275200000000006 0.027472 0.041466
0 0.417292 0.465886 0.0301 0.043352
0 0.46142799999999995 0.4553799999999999 0.028686 0.042304
0 0.5060720000000001 0.44944800000000007 0.027486 0.042286
0 0.546986 0.44218 0.025658 0.037962
0 0.5899080000000001 0.4365239999999999 0.027472 0.043904
0 0.628492 0.4296580000000001 0.024642 0.04419
0 0.667886 0.42183799999999994 0.026258 0.043638
0 0.706572 0.41551399999999994 0.026058 0.0396
0 0.274964 0.557734 0.0295 0.047124
0 0.3225420000000001 0.5502 0.030914 0.047676
0 0.3689 0.5411619999999999 0.029086 0.04579
0 0.4333 0.17018 0.025886 0.044552
0 0.520478 0.16270399999999996 0.026928 0.044914
0 0.4781580000000001 0.1685239999999999 0.026028 0.04539
0 0.34404999999999997 0.025058000000000025 0.027758 0.044514
0 0.39080000000000004 0.022551999999999905 0.027342 0.042858
0 0.318592 0.0649900000000001 0.0265 0.045904
0 0.36722199999999994 0.06081000000000003 0.0265 0.043676
0 0.4125000000000001 0.058724 0.026086 0.041752
0 0.458928 0.056076000000000015 0.024628 0.04202
0 0.5057860000000001 0.056637999999999966 0.025686 0.041466
0 0.5485720000000001 0.05288599999999999 0.025686 0.038952
0 0.589464 0.056772000000000045 0.025672 0.040628
0 0.63005 0.05218999999999996 0.022958 0.039238
0 0.6710579999999999 0.05078999999999989 0.024 0.041466
0 0.7093499999999999 0.04690400000000006 0.022958 0.040896
0 0.29428600000000005 0.10407600000000006 0.0288 0.047314
0 0.34247800000000006 0.1026959999999999 0.029558 0.044476
0 0.38997799999999994 0.0993139999999999 0.027014 0.04278
0 0.4352640000000001 0.09791400000000006 0.026814 0.043334
0 0.480642 0.09565800000000002 0.027658 0.04278
0 0.524886 0.09096199999999999 0.023742 0.039066
0 0.5675140000000001 0.091858 0.025086 0.04558
0 0.609758 0.0862099999999999 0.021742 0.039848
0 0.6501220000000001 0.08600000000000008 0.0235 0.040266
0 0.689678 0.08258999999999994 0.023986 0.03901
0 0.7276419999999999 0.0806659999999999 0.022858 0.041562
0 0.2904 0.18040999999999996 0.030372 0.047942
0 0.3397920000000001 0.1791339999999999 0.026528 0.04581
0 0.38615 0.1728479999999999 0.027814 0.046038
0 0.415778 0.533676 0.028386 0.046476
0 0.45772199999999996 0.526438 0.028386 0.045904
0 0.502272 0.5204580000000001 0.026914 0.045638
0 0.5426359999999999 0.51278 0.027128 0.042628
0 0.5865499999999999 0.503466 0.025786 0.044762
0 0.6255 0.4955719999999999 0.024714 0.04619
0 0.6635139999999999 0.48502 0.024458 0.040096
0 0.7035359999999999 0.47875200000000007 0.0239 0.039752
0 0.6809719999999999 0.5181420000000001 0.026058 0.036896
0 0.644042 0.525496 0.024714 0.038686
0 0.6055360000000001 0.5348580000000001 0.023872 0.03901
0 0.5653779999999999 0.54359 0.029328 0.044666
0 0.29764199999999996 0.5962860000000001 0.029572 0.045142
0 0.3451360000000001 0.586152 0.0281 0.04541
0 0.39274999999999993 0.577534 0.027358 0.046076
0 0.43676399999999993 0.5687519999999999 0.026358 0.041772
0 0.4797720000000001 0.5606279999999999 0.029342 0.044762
0 0.523658 0.5524960000000001 0.026114 0.041104
0 0.3206500000000001 0.6294200000000001 0.027842 0.04642
0 0.3682639999999999 0.6196379999999999 0.029586 0.044762
0 0.4132640000000001 0.6090279999999999 0.026614 0.044762
0 0.4576420000000001 0.5999140000000001 0.027342 0.043752
0 0.5001359999999999 0.59198 0.0263 0.04118
0 0.5416859999999999 0.5838380000000001 0.025372 0.04078
0 0.5824640000000001 0.572562 0.023872 0.039448
0 0.6221220000000001 0.561952 0.023614 0.04078
0 0.6607860000000001 0.553828 0.024372 0.039124
0 0.639778 0.5909519999999999 0.022128 0.041104
0 0.6024780000000001 0.6007340000000001 0.024128 0.039448
0 0.5600860000000001 0.6116760000000001 0.025372 0.038134
0 0.5205580000000001 0.620952 0.023372 0.040114
0 0.477414 0.6277619999999999 0.0266 0.040438
0 0.4334420000000001 0.638762 0.027572 0.04118
0 0.3872279999999999 0.648296 0.026542 0.046648
0 0.34163600000000005 0.6613800000000001 0.029042 0.047334
0 0.364428 0.6919040000000001 0.029458 0.044914
0 0.409108 0.6772480000000001 0.029242 0.0468
0 0.45197200000000004 0.66919 0.029458 0.043028
0 0.49665000000000004 0.6595040000000001 0.024414 0.044114
0 0.474564 0.6993039999999999 0.025814 0.042496
0 0.515514 0.6893419999999999 0.027028 0.044134
0 0.538208 0.6495519999999999 0.024414 0.041962
0 0.5786500000000001 0.639724 0.025814 0.044934
0 0.618892 0.6285719999999999 0.025214 0.044114
