0 0.04688000000000003 0.06126199999999993 0.048624 0.046602
0 0.054219999999999935 0.11465999999999998 0.048624 0.046602
0 0.062478000000000034 0.16999999999999993 0.048624 0.046602
0 0.06706400000000001 0.22631 0.048624 0.046602
0 0.077156 0.27776599999999996 0.048624 0.046602
0 0.032202000000000064 0.3399019999999999 0.048624 0.046602
0 0.08082600000000006 0.33116600000000007 0.048624 0.046602
0 0.039541999999999966 0.39135999999999993 0.048624 0.046602
0 0.0890820000000001 0.378738 0.048624 0.046602
0 0.04504599999999992 0.4428160000000001 0.048624 0.046602
0 0.09366999999999992 0.43116599999999994 0.048624 0.046602
0 0.049633999999999956 0.49232999999999993 0.048624 0.046602
0 0.10376199999999991 0.487476 0.048624 0.046602
0 0.05972400000000011 0.549612 0.048624 0.046602
0 0.11109999999999998 0.538932 0.048624 0.046602
0 0.06798199999999999 0.596214 0.048624 0.046602
0 0.11568800000000001 0.5874760000000001 0.048624 0.046602
0 0.07623800000000003 0.6467 0.048624 0.046602
0 0.12302799999999992 0.63699 0.048624 0.046602
0 0.028532000000000002 0.7059219999999999 0.048624 0.046602
0 0.08082600000000006 0.698156 0.048624 0.046602
0 0.1285320000000001 0.6894180000000001 0.048624 0.046602
0 0.135872 0.7389319999999999 0.048624 0.046602
0 0.0982559999999999 0.05543600000000004 0.048624 0.046602
0 0.14963400000000004 0.044758000000000076 0.048624 0.046602
0 0.2010099999999999 0.03601999999999994 0.048624 0.046602
0 0.10009200000000007 0.10689400000000004 0.048624 0.046602
0 0.1569719999999999 0.10203800000000007 0.048624 0.046602
0 0.20834799999999998 0.089418 0.048624 0.046602
0 0.11109999999999998 0.15835 0.048624 0.046602
0 0.1624779999999999 0.1525240000000001 0.048624 0.046602
0 0.21293600000000001 0.14378599999999997 0.048624 0.046602
0 0.1184400000000001 0.21271799999999996 0.048624 0.046602
0 0.16798200000000008 0.20786400000000005 0.048624 0.046602
0 0.21843999999999997 0.1962140000000001 0.048624 0.046602
0 0.12669799999999998 0.266116 0.048624 0.046602
0 0.17532199999999998 0.25349599999999994 0.048624 0.046602
0 0.22853199999999996 0.25155400000000006 0.048624 0.046602
0 0.1285320000000001 0.3195140000000001 0.048624 0.046602
0 0.1817439999999999 0.306894 0.048624 0.046602
0 0.23036600000000007 0.3010679999999999 0.048624 0.046602
0 0.1367879999999999 0.3738840000000001 0.048624 0.046602
0 0.19091799999999992 0.36029200000000006 0.048624 0.046602
0 0.24045800000000006 0.3554360000000001 0.048624 0.046602
0 0.14412800000000003 0.42339799999999994 0.048624 0.046602
0 0.18999999999999995 0.415632 0.048624 0.046602
0 0.2441279999999999 0.4068940000000001 0.048624 0.046602
0 0.15054999999999996 0.47388399999999997 0.048624 0.046602
0 0.19917399999999996 0.4641740000000001 0.048624 0.046602
0 0.24688 0.45543599999999995 0.048624 0.046602
0 0.15880800000000006 0.524368 0.048624 0.046602
0 0.2065140000000001 0.5146599999999999 0.048624 0.046602
0 0.2551380000000001 0.5039800000000001 0.048624 0.046602
0 0.164312 0.574854 0.048624 0.046602
0 0.2147699999999999 0.568058 0.048624 0.046602
0 0.2652300000000001 0.5544659999999999 0.048624 0.046602
0 0.17073399999999994 0.628252 0.048624 0.046602
0 0.217522 0.6166020000000001 0.048624 0.046602
0 0.26798199999999994 0.606894 0.048624 0.046602
0 0.1771560000000001 0.6777660000000001 0.048624 0.046602
0 0.22669800000000007 0.6670879999999999 0.048624 0.046602
0 0.2734859999999999 0.657378 0.048624 0.046602
0 0.18082599999999993 0.7243679999999999 0.048624 0.046602
0 0.23220200000000002 0.7146600000000001 0.048624 0.046602
0 0.27715599999999996 0.7030099999999999 0.048624 0.046602
0 0.18908199999999997 0.7748539999999999 0.048624 0.046602
0 0.23862399999999995 0.7612620000000001 0.048624 0.046602
0 0.28633 0.752524 0.048624 0.046602
0 0.251468 0.026310000000000056 0.048624 0.046602
0 0.2551380000000001 0.08068000000000008 0.048624 0.046602
0 0.305596 0.07388400000000006 0.048624 0.046602
0 0.35789000000000004 0.06126199999999993 0.048624 0.046602
0 0.2633939999999999 0.13407799999999992 0.048624 0.046602
0 0.31568799999999997 0.12145600000000001 0.048624 0.046602
0 0.363394 0.11465999999999998 0.048624 0.046602
0 0.26798199999999994 0.18747599999999998 0.048624 0.046602
0 0.3175220000000001 0.17582600000000004 0.048624 0.046602
0 0.36706400000000006 0.16999999999999993 0.048624 0.046602
0 0.276238 0.23990200000000006 0.048624 0.046602
0 0.3221099999999999 0.2292240000000001 0.048624 0.046602
0 0.37532199999999993 0.22242800000000007 0.048624 0.046602
0 0.2835780000000001 0.2903880000000001 0.048624 0.046602
0 0.3312839999999999 0.28164999999999996 0.048624 0.046602
0 0.37898999999999994 0.27485399999999993 0.048624 0.046602
0 0.28724799999999995 0.3447579999999999 0.048624 0.046602
0 0.3367880000000001 0.3331059999999999 0.048624 0.046602
0 0.3854120000000001 0.3233980000000001 0.048624 0.046602
0 0.2927519999999999 0.39427199999999996 0.048624 0.046602
0 0.3422940000000001 0.38553400000000004 0.048624 0.046602
0 0.3899999999999999 0.3738840000000001 0.048624 0.046602
0 0.29917400000000005 0.4457279999999999 0.048624 0.046602
0 0.3468800000000001 0.4360200000000001 0.048624 0.046602
0 0.39825599999999994 0.43019399999999997 0.048624 0.046602
0 0.305596 0.49718400000000007 0.048624 0.046602
0 0.3523860000000001 0.4855339999999999 0.048624 0.046602
0 0.401926 0.4787380000000001 0.048624 0.046602
0 0.310184 0.549612 0.048624 0.046602
0 0.35605599999999993 0.5369900000000001 0.048624 0.046602
0 0.40834799999999993 0.5282519999999999 0.048624 0.046602
0 0.31568799999999997 0.5942719999999999 0.048624 0.046602
0 0.3624780000000001 0.5845640000000001 0.048624 0.046602
0 0.412018 0.5767960000000001 0.048624 0.046602
0 0.3221099999999999 0.6457280000000001 0.048624 0.046602
0 0.3698159999999999 0.63602 0.048624 0.046602
0 0.41752199999999995 0.62534 0.048624 0.046602
0 0.32577999999999996 0.6952419999999999 0.048624 0.046602
0 0.37715600000000005 0.684564 0.048624 0.046602
0 0.426698 0.6748540000000001 0.048624 0.046602
0 0.4046780000000001 0.05407800000000007 0.048624 0.046602
0 0.45422000000000007 0.04825199999999996 0.048624 0.046602
0 0.49825600000000003 0.03757199999999994 0.048624 0.046602
0 0.4101840000000001 0.10650399999999993 0.048624 0.046602
0 0.4588080000000001 0.09970799999999991 0.048624 0.046602
0 0.5074320000000001 0.08902999999999994 0.048624 0.046602
0 0.41385399999999994 0.15893200000000007 0.048624 0.046602
0 0.46523000000000003 0.14922400000000002 0.048624 0.046602
0 0.51477 0.14145600000000003 0.048624 0.046602
0 0.4202760000000001 0.2084459999999999 0.048624 0.046602
0 0.4725680000000001 0.20262200000000008 0.048624 0.046602
0 0.51477 0.19485400000000008 0.048624 0.046602
0 0.426698 0.26184399999999997 0.048624 0.046602
0 0.47623799999999994 0.25504799999999994 0.048624 0.046602
0 0.520276 0.247282 0.048624 0.046602
0 0.43311999999999995 0.316214 0.048624 0.046602
0 0.480826 0.3065040000000001 0.048624 0.046602
0 0.528532 0.29679600000000006 0.048624 0.046602
0 0.4386239999999999 0.3667 0.048624 0.046602
0 0.48632999999999993 0.35602 0.048624 0.046602
0 0.534036 0.34534 0.048624 0.046602
0 0.441376 0.421068 0.048624 0.046602
0 0.49 0.40747599999999995 0.048624 0.046602
0 0.5404580000000001 0.3967959999999999 0.048624 0.046602
0 0.4487159999999999 0.46863999999999995 0.048624 0.046602
0 0.49550399999999994 0.45699 0.048624 0.046602
0 0.543212 0.450194 0.048624 0.046602
0 0.451468 0.5181560000000001 0.048624 0.046602
0 0.5027520000000001 0.5065040000000001 0.048624 0.046602
0 0.5513760000000001 0.4958260000000001 0.048624 0.046602
0 0.4587159999999999 0.56864 0.048624 0.046602
0 0.4633020000000001 0.617184 0.048624 0.046602
0 0.548624 0.030775999999999915 0.048624 0.046602
0 0.558716 0.08223399999999992 0.048624 0.046602
0 0.601834 0.07252400000000003 0.048624 0.046602
0 0.6495420000000001 0.06572800000000001 0.048624 0.046602
0 0.5605500000000001 0.1336900000000001 0.048624 0.046602
0 0.6082559999999999 0.12203800000000009 0.048624 0.046602
0 0.655046 0.12009800000000004 0.048624 0.046602
0 0.5651379999999999 0.18611599999999995 0.048624 0.046602
0 0.6137619999999999 0.1764079999999999 0.048624 0.046602
0 0.6578900000000001 0.1696120000000001 0.048624 0.046602
0 0.5697239999999999 0.2385440000000001 0.048624 0.046602
0 0.6192660000000001 0.22592199999999996 0.048624 0.046602
0 0.665138 0.21912599999999993 0.048624 0.046602
0 0.573394 0.2880579999999999 0.048624 0.046602
0 0.6229359999999999 0.27932 0.048624 0.046602
0 0.6678900000000001 0.2705820000000001 0.048624 0.046602
0 0.577064 0.33563199999999993 0.048624 0.046602
0 0.626606 0.32883400000000007 0.048624 0.046602
0 0.670642 0.3181560000000001 0.048624 0.046602
0 0.5816520000000001 0.391942 0.048624 0.046602
0 0.586238 0.43757200000000007 0.048624 0.046602
0 0.626606 0.3793200000000001 0.048624 0.046602
0 0.7 0.05796200000000007 0.048624 0.046602
0 0.7458720000000001 0.04825199999999996 0.048624 0.046602
0 0.7880739999999999 0.04242799999999991 0.048624 0.046602
0 0.7 0.10844600000000004 0.048624 0.046602
0 0.7458720000000001 0.1006800000000001 0.048624 0.046602
0 0.7935779999999999 0.09388400000000008 0.048624 0.046602
0 0.7055039999999999 0.159902 0.048624 0.046602
0 0.748624 0.1511659999999999 0.048624 0.046602
0 0.795504 0.142428 0.048624 0.046602
0 0.708348 0.2084459999999999 0.048624 0.046602
0 0.753212 0.199708 0.048624 0.046602
