0 0.855488 0.74925 0.126978 0.18125
0 0.666844 0.748594 0.127022 0.174688
0 0.765356 0.522718 0.126088 0.179938
0 0.862022 0.2902180000000001 0.123244 0.182562
0 0.669178 0.29940600000000006 0.127956 0.187812
0 0.576244 0.524032 0.125112 0.174688
0 0.475844 0.7597499999999999 0.127956 0.183874
0 0.295156 0.7702500000000001 0.130756 0.1865
0 0.102712 0.7564679999999999 0.128978 0.190438
0 0.383466 0.537156 0.127822 0.185188
0 0.196134 0.528624 0.132622 0.189124
0 0.479578 0.305968 0.124222 0.190438
0 0.2928 0.30268800000000007 0.131644 0.183874
0 0.035488 0.537812 0.069112 0.21275
0 0.099022 0.30400000000000005 0.136356 0.19175
