0 0.08938000000000001 0.2614019999999999 0.101034 0.13154
0 0.09969000000000006 0.5917239999999999 0.09869 0.131494
0 0.22358600000000006 0.4953559999999999 0.09862 0.134528
0 0.3256380000000001 0.4051039999999999 0.100932 0.131586
0 0.09169000000000005 0.42197799999999996 0.101034 0.134712
0 0.215414 0.3347119999999999 0.101172 0.131494
0 0.21548199999999995 0.18505799999999994 0.100758 0.125518
0 0.45643199999999995 0.13896599999999992 0.100932 0.131724
0 0.08603399999999994 0.09924200000000005 0.098276 0.131632
0 0.3325180000000001 0.24620599999999992 0.100896 0.131034
0 0.44034400000000007 0.29034399999999994 0.096552 0.128276
