0 0.661163 0.372483 0.031675 0.042167
0 0.655875 0.411617 0.030125 0.040100
0 0.629519 0.380558 0.034638 0.046117
0 0.598213 0.396483 0.034325 0.045700
0 0.690956 0.346175 0.035662 0.047650
0 0.602313 0.348917 0.034375 0.045833
0 0.633944 0.332425 0.034362 0.045817
0 0.607125 0.302167 0.033000 0.044000
0 0.470750 0.915167 0.033250 0.044333
0 0.443231 0.889150 0.033263 0.044367
0 0.377862 0.883033 0.035550 0.047400
0 0.413988 0.861617 0.034400 0.047400
0 0.478212 0.867733 0.034400 0.047400
0 0.449537 0.839442 0.034400 0.042783
0 0.382450 0.834067 0.035550 0.047467
0 0.346900 0.856267 0.035550 0.045867
0 0.316513 0.828750 0.034400 0.045833
0 0.352056 0.805792 0.034387 0.045917
0 0.419700 0.813433 0.032150 0.042867
0 0.483931 0.820333 0.034387 0.044333
0 0.453556 0.792817 0.033262 0.044333
0 0.424313 0.487017 0.032125 0.041300
0 0.460456 0.468650 0.030913 0.041300
0 0.495431 0.449542 0.034362 0.042817
0 0.530375 0.432000 0.033250 0.044333
0 0.465019 0.421258 0.030962 0.041283
0 0.430638 0.437292 0.035525 0.045917
0 0.395125 0.451833 0.033250 0.044333
0 0.358369 0.473167 0.033263 0.044333
0 0.282062 0.509175 0.032125 0.042817
0 0.319312 0.493092 0.037875 0.050517
0 0.536700 0.383000 0.034400 0.044333
0 0.500625 0.401358 0.033250 0.044383
0 0.437500 0.388400 0.033250 0.042867
0 0.400750 0.402908 0.033250 0.044350
0 0.364675 0.423550 0.034400 0.045867
0 0.326831 0.442650 0.034413 0.047367
0 0.294137 0.409008 0.033275 0.044317
0 0.541281 0.336408 0.032112 0.042850
0 0.507456 0.350917 0.033262 0.044333
0 0.472500 0.368500 0.032000 0.042800
0 0.331994 0.390667 0.033262 0.044333
0 0.370987 0.373850 0.033250 0.044333
0 0.338312 0.337167 0.032125 0.044333
0 0.443237 0.337167 0.033275 0.044333
0 0.407681 0.353983 0.033263 0.044367
0 0.376738 0.321867 0.033225 0.044333
0 0.413413 0.301983 0.035550 0.047400
0 0.477625 0.318833 0.031000 0.041333
0 0.449000 0.287500 0.031000 0.039667
0 0.547025 0.285167 0.029800 0.035333
0 0.513775 0.302750 0.029800 0.036700
0 0.768512 0.437725 0.033025 0.043950
0 0.675825 0.488100 0.031600 0.042133
0 0.761656 0.481683 0.030187 0.040300
0 0.586538 0.491767 0.031600 0.042133
0 0.785712 0.512817 0.031600 0.040300
0 0.731456 0.500000 0.030212 0.040300
0 0.756181 0.527475 0.027462 0.040283
0 0.779531 0.555858 0.030213 0.038450
0 0.701237 0.516483 0.030225 0.040300
0 0.726650 0.545817 0.031600 0.040367
0 0.750025 0.574058 0.028800 0.041883
0 0.774038 0.600733 0.030225 0.040300
0 0.642781 0.505358 0.030963 0.041283
0 0.669725 0.533667 0.029825 0.039667
0 0.695525 0.563500 0.030950 0.041333
0 0.720181 0.592517 0.032113 0.041300
0 0.630838 0.858250 0.030375 0.040500
0 0.656537 0.884733 0.030375 0.040500
0 0.544375 0.828650 0.032750 0.043633
0 0.572431 0.853583 0.032712 0.043600
0 0.600500 0.880100 0.030250 0.037467
0 0.626175 0.906558 0.030350 0.040450
0 0.539188 0.874650 0.031625 0.039033
0 0.568931 0.901867 0.030388 0.040500
0 0.533375 0.921333 0.031500 0.042000
0 0.737638 0.454208 0.028850 0.040283
0 0.707419 0.468867 0.028838 0.040300
0 0.682694 0.442308 0.031587 0.042117
0 0.650412 0.456042 0.030225 0.040283
0 0.623650 0.427633 0.031550 0.042067
0 0.618819 0.476192 0.030212 0.040283
0 0.592056 0.444125 0.034387 0.045750
0 0.711538 0.423992 0.031600 0.042117
0 0.743131 0.409342 0.031587 0.042117
0 0.687500 0.394583 0.033125 0.042167
0 0.716869 0.378508 0.034638 0.046183
0 0.389375 0.505333 0.033250 0.047333
0 0.524069 0.480108 0.032138 0.042783
0 0.489106 0.497683 0.033262 0.044300
0 0.456425 0.516858 0.034400 0.045950
0 0.484519 0.546667 0.030962 0.041333
0 0.517775 0.529075 0.035550 0.045817
0 0.418006 0.534408 0.033262 0.044350
0 0.352637 0.522167 0.030975 0.044333
0 0.313650 0.542050 0.035550 0.047400
0 0.275250 0.562692 0.036750 0.045883
0 0.346875 0.575667 0.033250 0.044333
0 0.383625 0.554333 0.035500 0.044333
0 0.413969 0.585608 0.034438 0.042783
0 0.447825 0.567283 0.035550 0.045867
0 0.512000 0.577958 0.033250 0.042750
0 0.477069 0.596292 0.032112 0.042750
0 0.311369 0.595667 0.033237 0.044333
0 0.287844 0.457192 0.032112 0.042817
0 0.270044 0.613942 0.035588 0.047450
0 0.339438 0.625383 0.034375 0.042800
0 0.377869 0.603167 0.033263 0.044333
0 0.444375 0.616975 0.033250 0.044350
0 0.408256 0.636092 0.034413 0.045850
0 0.506856 0.626175 0.034462 0.047350
0 0.302163 0.643000 0.035575 0.047333
0 0.370987 0.655200 0.035550 0.047400
0 0.472456 0.646792 0.032162 0.042817
0 0.438069 0.666633 0.032112 0.042733
0 0.333719 0.675033 0.032112 0.044267
0 0.298169 0.695717 0.034412 0.045867
0 0.263763 0.665933 0.034400 0.047467
0 0.401975 0.684333 0.033300 0.044333
0 0.500600 0.673525 0.033200 0.044383
0 0.465594 0.694992 0.032112 0.041350
0 0.430619 0.714833 0.033263 0.044333
0 0.366400 0.707925 0.033250 0.045817
0 0.257437 0.717167 0.037875 0.049000
0 0.328550 0.725533 0.035550 0.044333
0 0.395069 0.733925 0.033263 0.042850
0 0.493100 0.723242 0.034450 0.042817
0 0.458706 0.741608 0.032088 0.039783
0 0.488531 0.770642 0.032112 0.042817
0 0.289563 0.748475 0.035550 0.044350
0 0.284438 0.799692 0.034375 0.042817
0 0.322263 0.779817 0.036725 0.045867
0 0.358931 0.756167 0.034387 0.047333
0 0.389912 0.785917 0.034400 0.045833
0 0.424881 0.763792 0.033237 0.044417
0 0.743694 0.618500 0.030962 0.041300
0 0.768894 0.645250 0.033212 0.042833
0 0.611813 0.523692 0.030875 0.041283
0 0.639331 0.551225 0.030963 0.041283
0 0.663419 0.580275 0.030962 0.041283
0 0.689188 0.610083 0.032125 0.042833
0 0.714431 0.637617 0.029862 0.039767
0 0.738562 0.662083 0.029875 0.039833
0 0.763194 0.691875 0.030963 0.041250
0 0.579700 0.540517 0.033250 0.047400
0 0.606081 0.568042 0.030962 0.041283
0 0.633625 0.598658 0.031000 0.041350
0 0.658256 0.626917 0.032113 0.042833
0 0.684063 0.654433 0.028675 0.039767
0 0.709281 0.681167 0.030937 0.041333
0 0.733944 0.708700 0.032113 0.041267
0 0.758063 0.735500 0.029875 0.039667
0 0.573012 0.588008 0.031550 0.042050
0 0.599869 0.616042 0.031512 0.042050
0 0.627337 0.646417 0.030375 0.040500
0 0.653050 0.672908 0.030400 0.040517
0 0.678775 0.700933 0.030450 0.040500
0 0.703275 0.727417 0.030375 0.040500
0 0.728394 0.751583 0.029213 0.038833
0 0.752344 0.780333 0.032688 0.043667
0 0.567756 0.637075 0.032713 0.043617
0 0.595213 0.665892 0.031550 0.042050
0 0.622675 0.692367 0.030400 0.042067
0 0.647200 0.718833 0.030375 0.039000
0 0.672900 0.747625 0.030375 0.040417
0 0.697431 0.772592 0.028037 0.037383
0 0.723131 0.799067 0.030362 0.040500
0 0.560719 0.684608 0.030438 0.042117
0 0.588200 0.714175 0.031550 0.042050
0 0.616250 0.740675 0.031500 0.042017
0 0.642544 0.766350 0.030413 0.040500
0 0.667056 0.791283 0.030362 0.040500
0 0.692175 0.819308 0.031550 0.043617
0 0.718463 0.847350 0.030375 0.040500
0 0.556650 0.731333 0.031550 0.042000
0 0.584131 0.757833 0.032737 0.042000
0 0.610375 0.785833 0.031500 0.042000
0 0.636688 0.813867 0.030375 0.038933
0 0.660619 0.837167 0.031513 0.039000
0 0.685687 0.862175 0.030375 0.038983
0 0.550819 0.779600 0.033887 0.045167
0 0.579437 0.805333 0.030375 0.040667
0 0.605137 0.833333 0.030375 0.040500
