0 0.05557600000000007 0.5504 0.083016 0.0564
0 0.11661600000000005 0.44128199999999995 0.074234 0.056438
0 0.16984200000000005 0.3482320000000001 0.075216 0.057862
0 0.21134999999999993 0.2632620000000001 0.0801 0.053474
0 0.2553000000000001 0.1874499999999999 0.070334 0.04395
0 0.29289999999999994 0.11895600000000006 0.0752 0.037362
0 0.07412400000000008 0.08123799999999992 0.067384 0.036624
0 0.11563400000000001 0.02740000000000009 0.0625 0.0315
0 0.20158399999999999 0.0706119999999999 0.064466 0.03735
0 0.16154200000000007 0.13214400000000004 0.066416 0.038812
0 0.11465799999999993 0.2028319999999999 0.066416 0.038088
0 0.06485000000000007 0.27681200000000006 0.072266 0.046876
0 0.32757400000000003 0.059261999999999926 0.062516 0.032224
0 0.451608 0.045700000000000074 0.06445 0.03735
0 0.42181599999999997 0.10541200000000006 0.067366 0.04395
0 0.392034 0.17536200000000002 0.068366 0.04175
0 0.3568659999999999 0.247174 0.072266 0.0461
0 0.318292 0.3284499999999999 0.088884 0.049074
0 0.279226 0.4233119999999999 0.079116 0.051274
0 0.2308840000000001 0.5291619999999999 0.089866 0.063726
0 0.41500000000000004 0.6386620000000001 0.106334 0.07325
0 0.45307600000000003 0.5207379999999999 0.086916 0.061526
0 0.4862660000000001 0.41378800000000004 0.0908 0.063
0 0.516076 0.32149399999999995 0.08595 0.054212
0 0.5448839999999999 0.240556 0.0791 0.047612
0 0.571742 0.16583799999999993 0.074216 0.049074
0 0.59125 0.10026200000000007 0.074166 0.040974
0 0.6103080000000001 0.03875000000000006 0.063484 0.0381
0 0.739234 0.028132000000000046 0.069334 0.037362
0 0.7245839999999999 0.08673799999999998 0.0713 0.041776
0 0.707476 0.15411799999999998 0.08005 0.041762
0 0.689908 0.223344 0.07815 0.049812
0 0.6713579999999999 0.30611199999999994 0.080084 0.05275
0 0.648892 0.3973120000000001 0.08595 0.0564
0 0.6254500000000001 0.502418 0.093766 0.064462
0 0.600058 0.6192500000000001 0.09375 0.068126
0 0.565884 0.749268 0.107434 0.079112
0 0.7411920000000001 0.8807560000000001 0.122084 0.094488
0 0.758284 0.7269319999999999 0.103534 0.073988
0 0.7783 0.5950820000000001 0.1084 0.066662
0 0.794908 0.4819119999999999 0.088884 0.061526
0 0.812 0.38266200000000006 0.084 0.053474
0 0.820784 0.2914620000000001 0.0879 0.055676
0 0.833966 0.21088799999999996 0.081066 0.045426
0 0.8456920000000001 0.13910599999999995 0.07325 0.042488
0 0.8539920000000001 0.07427600000000001 0.072284 0.04175
