0 0.913288 0.323392 0.0267 0.038484
0 0.805618 0.321666 0.027562 0.040766
0 0.859456 0.365016 0.025838 0.0379
0 0.913506 0.409816 0.025412 0.0379
0 0.809062 0.409242 0.029276 0.040184
0 0.862032 0.451774 0.027562 0.039116
0 0.914794 0.494224 0.027138 0.03905
0 0.752862 0.3633 0.026274 0.0379
0 0.697732 0.3188 0.027138 0.038466
0 0.7563 0.448858 0.02455 0.03445
0 0.702468 0.406658 0.026262 0.035016
0 0.646694 0.362442 0.024988 0.038484
0 0.590062 0.3188 0.028 0.036166
0 0.595656 0.402634 0.025412 0.037334
0 0.650788 0.447424 0.02455 0.037316
0 0.706126 0.491358 0.0267 0.035616
0 0.809494 0.491358 0.025838 0.03675
0 0.600824 0.489066 0.026276 0.0379
0 0.544618 0.446274 0.027562 0.039616
0 0.540744 0.361574 0.027562 0.03905
0 0.48325 0.317074 0.027124 0.038484
0 0.490144 0.401774 0.026262 0.03445
0 0.494882 0.485908 0.025412 0.033884
0 0.440612 0.443692 0.027124 0.03675
0 0.434588 0.3587 0.026274 0.0379
0 0.3773 0.315058 0.026276 0.03675
0 0.273074 0.315642 0.02455 0.03675
0 0.16735 0.315926 0.0267 0.036184
0 0.224412 0.358708 0.026274 0.035616
0 0.176818 0.400058 0.027562 0.03445
0 0.280188 0.401208 0.028426 0.03675
0 0.329068 0.35785 0.027988 0.037334
0 0.384194 0.4012 0.026262 0.0379
0 0.334456 0.441976 0.027562 0.03445
0 0.231944 0.44255 0.029288 0.0356
0 0.18565 0.483316 0.0254 0.0356
0 0.288582 0.484184 0.025412 0.035034
0 0.391518 0.482458 0.025412 0.038484
0 0.239918 0.526392 0.027988 0.03675
0 0.19405 0.566584 0.028426 0.036766
0 0.294832 0.5663 0.027562 0.035034
0 0.343062 0.525816 0.0267 0.0402
0 0.446862 0.526966 0.0267 0.0356
0 0.550868 0.5284 0.027138 0.035034
0 0.656388 0.530984 0.028 0.0356
0 0.759532 0.533284 0.027562 0.0356
0 0.862256 0.535 0.025412 0.0333
0 0.916518 0.577208 0.026262 0.037316
0 0.865262 0.616542 0.02455 0.03445
0 0.9163 0.657308 0.024976 0.03445
0 0.812938 0.575484 0.024976 0.032734
0 0.813556 0.655616 0.024612 0.035566
0 0.761906 0.614242 0.025412 0.03445
0 0.708718 0.573476 0.027562 0.03675
0 0.866344 0.6955 0.024988 0.035034
0 0.764488 0.692634 0.0254 0.035034
0 0.711944 0.655308 0.029712 0.036184
0 0.658326 0.613666 0.0267 0.0356
0 0.604706 0.572042 0.027988 0.037316
0 0.501774 0.568592 0.026274 0.033884
0 0.556038 0.609358 0.026274 0.033884
0 0.452462 0.606784 0.028424 0.0333
0 0.3969 0.566292 0.028426 0.036184
0 0.350168 0.606784 0.029712 0.0379
0 0.247238 0.604192 0.026276 0.036184
0 0.201168 0.645534 0.027162 0.0396
0 0.25585 0.684308 0.027124 0.03905
0 0.3015 0.645258 0.026276 0.03675
0 0.309256 0.723926 0.027138 0.03445
0 0.356844 0.686034 0.025838 0.0379
0 0.403576 0.6487 0.029724 0.0402
0 0.411324 0.725358 0.02885 0.036184
0 0.4587 0.687174 0.028 0.03675
0 0.508012 0.650416 0.0267 0.0356
0 0.512756 0.729092 0.027562 0.031016
0 0.560994 0.689792 0.029288 0.03725
0 0.609868 0.651566 0.027138 0.0379
0 0.615038 0.729958 0.026276 0.036184
0 0.66285 0.690908 0.026274 0.035016
0 0.71625 0.730816 0.02885 0.0356
0 0.217518 0.802308 0.028862 0.038484
0 0.262744 0.762976 0.027988 0.035616
0 0.270712 0.839926 0.028426 0.03675
0 0.225494 0.87495 0.027562 0.034466
0 0.317656 0.801734 0.027562 0.036166
0 0.362882 0.765274 0.029288 0.03905
0 0.232374 0.949034 0.0267 0.0333
0 0.278676 0.913426 0.02885 0.03675
0 0.323256 0.87725 0.027562 0.0356
0 0.370844 0.842226 0.029712 0.03905
0 0.417138 0.802884 0.028426 0.036166
0 0.464732 0.766708 0.029712 0.041916
0 0.517276 0.806334 0.029724 0.037334
0 0.565726 0.766134 0.028426 0.038466
0 0.916088 0.73685 0.028 0.037334
0 0.817462 0.73455 0.028 0.038466
0 0.918456 0.812934 0.026712 0.034466
0 0.86785 0.7756 0.02885 0.0379
0 0.818112 0.812358 0.028426 0.03675
0 0.767068 0.773884 0.028862 0.0356
0 0.718188 0.808334 0.03015 0.0356
0 0.666726 0.77245 0.028 0.037334
0 0.619132 0.806334 0.029288 0.037334
0 0.91975 0.889308 0.028426 0.03675
0 0.867638 0.851116 0.028426 0.037334
0 0.871724 0.925492 0.028 0.03675
0 0.821118 0.887592 0.025838 0.03675
0 0.769438 0.849116 0.0267 0.0356
0 0.721206 0.885 0.029288 0.035034
0 0.668662 0.845374 0.024974 0.033884
0 0.622362 0.882992 0.029724 0.035616
0 0.570462 0.845092 0.0267 0.03445
0 0.575418 0.917158 0.025412 0.031584
0 0.522662 0.88155 0.028426 0.035034
0 0.470332 0.841358 0.028862 0.032716
0 0.424682 0.878684 0.028862 0.035034
0 0.377088 0.915434 0.028426 0.037334
0 0.330356 0.949884 0.027138 0.032734
0 0.919312 0.962524 0.0267 0.035016
0 0.82155 0.960508 0.028426 0.04135
0 0.772456 0.9229 0.029288 0.036166
0 0.723788 0.9585 0.027574 0.037334
0 0.6734 0.921458 0.03015 0.03905
0 0.625806 0.957642 0.028862 0.040184
0 0.527182 0.954766 0.027138 0.0356
0 0.475932 0.917734 0.028862 0.039634
0 0.4292 0.954766 0.028426 0.0379
