0 0.33077 0.98135 0.0169 0.032684
0 0.31315000000000004 0.943014 0.02038 0.034812
0 0.32648999999999995 0.90102 0.01934 0.033884
0 0.3966700000000001 0.896342 0.0219 0.034002
0 0.42405000000000004 0.895758 0.01534 0.037212
0 0.4507000000000001 0.896312 0.02044 0.031724
0 0.48099000000000003 0.894078 0.01534 0.027436
0 0.50945 0.891394 0.01678 0.030644
0 0.5386500000000001 0.891934 0.01678 0.031724
0 0.56785 0.89084 0.01534 0.029536
0 0.59778 0.890284 0.01532 0.030644
0 0.62588 0.891934 0.0146 0.031724
0 0.40871999999999997 0.936806 0.0168 0.031754
0 0.44048 0.936806 0.01752 0.033914
0 0.4678500000000001 0.93844 0.01386 0.030644
0 0.4966900000000001 0.935158 0.01314 0.028456
0 0.5266 0.936252 0.0146 0.030644
0 0.5554399999999999 0.933524 0.01388 0.027346
0 0.5842700000000001 0.931334 0.01314 0.029566
0 0.6127400000000001 0.93078 0.0146 0.028456
0 0.64195 0.932968 0.01314 0.028456
0 0.39521000000000006 0.981124 0.01606 0.028456
0 0.4276199999999999 0.977962 0.01516 0.028486
0 0.4536199999999999 0.976746 0.0146 0.028456
0 0.4835499999999999 0.975652 0.01606 0.026266
0 0.5116400000000001 0.974018 0.01532 0.029536
0 0.5401100000000001 0.974018 0.01534 0.027376
0 0.57077 0.972924 0.01534 0.025188
0 0.60141 0.971064 0.01682 0.026686
0 0.6271100000000001 0.969146 0.01754 0.029626
0 0.65452 0.97084 0.01608 0.029956
0 0.4336899999999999 0.620254 0.01554 0.026836
0 0.46243999999999996 0.617616 0.01496 0.025938
0 0.48927999999999994 0.617182 0.01584 0.025968
0 0.51979 0.615412 0.01526 0.027706
0 0.5482499999999999 0.614318 0.01642 0.027256
0 0.5764199999999999 0.614978 0.01584 0.029476
0 0.6053200000000001 0.615652 0.01672 0.029026
0 0.58859 0.577826 0.0179 0.029896
0 0.5605800000000001 0.577826 0.01584 0.028156
0 0.53094 0.577376 0.01292 0.025518
0 0.5029300000000001 0.577152 0.01438 0.027706
0 0.4738800000000001 0.578036 0.0132 0.025938
0 0.44543 0.577812 0.01554 0.026386
0 0.41595000000000004 0.578486 0.01526 0.026836
0 0.38602000000000003 0.579806 0.01408 0.026836
0 0.5723100000000001 0.536252 0.01642 0.030344
0 0.54444 0.536702 0.01408 0.030344
0 0.51627 0.536476 0.01642 0.029896
0 0.45877999999999997 0.536042 0.01584 0.029026
0 0.4300299999999999 0.536476 0.01526 0.029896
0 0.3999600000000001 0.53823 0.01672 0.029926
0 0.05979000000000001 0.832264 0.01614 0.026386
0 0.09031999999999996 0.832038 0.01616 0.026836
0 0.11847000000000008 0.83183 0.01554 0.028156
0 0.07254999999999989 0.789806 0.01526 0.027706
0 0.1029199999999999 0.789596 0.01556 0.024648
0 0.1485399999999999 0.832038 0.017 0.026836
0 0.1324399999999999 0.788486 0.01584 0.027706
0 0.17948999999999993 0.83072 0.01674 0.025098
0 0.16291999999999995 0.789596 0.01584 0.025488
0 0.20900000000000007 0.829176 0.01644 0.027286
0 0.1927000000000001 0.78937 0.01552 0.028576
0 0.2380199999999999 0.828516 0.01584 0.028606
0 0.2233400000000001 0.78916 0.01584 0.028156
0 0.26779 0.826762 0.01554 0.029476
0 0.2521 0.786086 0.017 0.026386
0 0.2807299999999999 0.786522 0.01614 0.027256
0 0.29728 0.827646 0.01584 0.031244
0 0.3266199999999999 0.826986 0.0176 0.032564
0 0.31062999999999996 0.783434 0.0191 0.030794
0 0.32455999999999996 0.744738 0.01584 0.027286
0 0.2944899999999999 0.744288 0.01554 0.026386
0 0.3230900000000001 0.662038 0.01642 0.029026
0 0.30784999999999996 0.703598 0.01646 0.027706
0 0.26559 0.745398 0.01818 0.025968
0 0.27909000000000006 0.704092 0.01466 0.026896
0 0.29201999999999995 0.663374 0.01584 0.028156
0 0.26370000000000005 0.662938 0.015 0.026386
0 0.25048000000000004 0.703824 0.01556 0.025518
0 0.23479000000000005 0.747376 0.01526 0.026386
0 0.2057500000000001 0.746282 0.01466 0.029476
0 0.17596999999999996 0.748036 0.01554 0.027706
0 0.14633999999999991 0.74913 0.01612 0.030794
0 0.11643000000000003 0.748906 0.01618 0.028606
0 0.08576000000000006 0.74913 0.01584 0.029896
0 0.21938999999999997 0.704272 0.01614 0.025518
0 0.23375999999999997 0.664258 0.01556 0.026386
0 0.18989999999999996 0.706462 0.01468 0.027256
0 0.20324999999999993 0.664018 0.01438 0.025068
0 0.15983999999999998 0.706686 0.01496 0.029446
0 0.1294900000000001 0.706686 0.01646 0.027706
0 0.09953999999999996 0.706912 0.01584 0.028156
0 0.07081000000000004 0.708216 0.01698 0.026386
0 0.17479 0.664242 0.01554 0.027256
0 0.1439999999999999 0.664692 0.01672 0.027256
0 0.11454000000000009 0.664032 0.0176 0.026836
0 0.08313999999999999 0.666446 0.01816 0.027286
0 0.30549000000000004 0.62093 0.01702 0.027706
0 0.27676999999999996 0.621574 0.01642 0.029896
0 0.24713000000000007 0.622908 0.01522 0.031664
0 0.31986000000000003 0.580014 0.01584 0.029476
0 0.30313999999999997 0.53868 0.01584 0.027706
0 0.29008999999999996 0.57979 0.01554 0.029026
0 0.27404000000000006 0.5391 0.01632 0.027706
0 0.26004000000000005 0.581334 0.0176 0.028576
0 0.2329000000000001 0.58135 0.01616 0.027706
0 0.21778999999999993 0.622458 0.01762 0.030764
0 0.18755999999999995 0.623344 0.0182 0.029896
0 0.15704000000000007 0.622234 0.01584 0.026836
0 0.12830000000000008 0.6218 0.01584 0.027706
0 0.09821999999999997 0.622668 0.01848 0.030344
0 0.2441899999999999 0.539326 0.01646 0.027256
0 0.20060999999999996 0.582878 0.01614 0.029026
0 0.17188000000000003 0.582444 0.01792 0.028156
0 0.1420999999999999 0.582654 0.01644 0.031214
0 0.11186999999999991 0.581784 0.01702 0.031214
0 0.18537000000000003 0.539986 0.01618 0.026836
0 0.1553199999999999 0.54042 0.01584 0.027706
0 0.1261000000000001 0.53889 0.01672 0.025488
0 0.4019999999999999 0.61982 0.01848 0.025968
0 0.3883700000000001 0.660284 0.01642 0.026836
0 0.41829000000000005 0.660284 0.0141 0.026836
0 0.40480000000000005 0.70162 0.01408 0.025068
0 0.39189000000000007 0.742534 0.01466 0.026836
0 0.42137 0.74099 0.01498 0.026386
0 0.4339900000000001 0.69943 0.01438 0.025968
0 0.4470400000000001 0.659626 0.01468 0.027256
0 0.47608000000000006 0.65919 0.01408 0.024648
0 0.46171000000000006 0.69943 0.01526 0.028606
0 0.44894999999999996 0.74099 0.01554 0.026386
0 0.40728999999999993 0.784108 0.01554 0.026386
0 0.39585000000000004 0.824992 0.0179 0.030794
0 0.4242999999999999 0.824122 0.01556 0.029056
0 0.4361900000000001 0.783224 0.01526 0.027256
0 0.45188000000000006 0.822144 0.01732 0.029476
0 0.46565999999999996 0.78102 0.01672 0.025488
0 0.4816499999999999 0.822144 0.01526 0.026836
0 0.49515 0.779926 0.01526 0.026836
0 0.51041 0.82171 0.01526 0.027706
0 0.4788699999999999 0.74012 0.01554 0.026386
0 0.4922200000000001 0.69943 0.01408 0.026806
0 0.5074799999999999 0.74012 0.01408 0.026386
0 0.5227299999999999 0.779476 0.01642 0.026836
0 0.53813 0.819716 0.01378 0.025518
0 0.55206 0.7797 0.01408 0.027286
0 0.53593 0.737706 0.0135 0.026836
0 0.5214099999999999 0.69877 0.0173 0.027286
0 0.50586 0.65985 0.01612 0.025068
0 0.53549 0.658756 0.01438 0.025518
0 0.5629200000000001 0.657856 0.01524 0.025518
0 0.55016 0.697452 0.01436 0.027286
0 0.5651200000000001 0.7388 0.01496 0.024648
0 0.57788 0.697242 0.01468 0.027706
0 0.59196 0.656326 0.01468 0.025938
0 0.6215900000000001 0.658096 0.0135 0.029476
0 0.60737 0.695698 0.01438 0.025518
0 0.63568 0.695262 0.01408 0.026386
0 0.5938699999999999 0.737032 0.01378 0.023748
0 0.62218 0.735052 0.01348 0.02069
0 0.58037 0.77904 0.01438 0.023328
0 0.6098600000000001 0.779266 0.01408 0.024618
0 0.6383099999999999 0.778156 0.0129 0.026836
0 0.56776 0.81994 0.01436 0.025068
0 0.59534 0.819716 0.01496 0.025518
0 0.62497 0.819506 0.01438 0.024198
0 0.6537200000000001 0.81928 0.0138 0.026386
0 0.08953999999999995 0.905172 0.0176 0.035352
0 0.11840000000000006 0.905712 0.01832 0.035352
0 0.14867999999999992 0.905442 0.01972 0.035892
0 0.17877999999999994 0.903598 0.01936 0.032204
0 0.20904999999999996 0.902534 0.02006 0.031154
0 0.23862000000000005 0.90174 0.02076 0.034842
0 0.26960000000000006 0.90069 0.01796 0.034842
0 0.29828999999999994 0.901484 0.01902 0.032174
0 0.07651000000000008 0.951094 0.02182 0.036402
0 0.1059000000000001 0.94925 0.02076 0.032714
0 0.13651999999999997 0.949776 0.01936 0.033764
0 0.16521999999999992 0.947662 0.01832 0.029536
0 0.1949700000000001 0.946596 0.01654 0.031664
0 0.22646999999999995 0.945548 0.0183 0.031664
0 0.25323000000000007 0.946342 0.01618 0.030074
0 0.28474 0.944768 0.01724 0.032204
