0 0.800996 0.1802140000000001 0.040586 0.041348
0 0.841192 0.18768000000000007 0.042878 0.043642
0 0.882924 0.19428800000000002 0.03905 0.037324
0 0.920436 0.205484 0.048242 0.048232
0 0.964844 0.21466800000000008 0.0375 0.040196
0 0.905508 0.2442439999999999 0.041354 0.038466
0 0.94532 0.25084400000000007 0.042878 0.048232
0 0.864544 0.022872000000000003 0.043646 0.0425
0 0.907422 0.029477999999999893 0.045182 0.041924
0 0.948002 0.03493199999999996 0.035976 0.044786
0 0.974804 0.08489199999999997 0.04211 0.048242
0 0.931536 0.07828600000000008 0.045938 0.045362
0 0.890958 0.06852600000000009 0.041342 0.044218
0 0.849616 0.05847599999999997 0.042878 0.041348
0 0.811334 0.05531799999999998 0.041342 0.043076
0 0.77114 0.04985799999999996 0.046706 0.043642
0 0.73515 0.047568000000000055 0.042122 0.041348
0 0.756966 0.09092199999999995 0.038282 0.036182
0 0.790658 0.10298399999999996 0.036758 0.046514
0 0.831236 0.104414 0.038282 0.039042
0 0.8722 0.11130400000000007 0.043646 0.044794
0 0.916608 0.12107000000000001 0.037514 0.04249
0 0.956042 0.1262399999999999 0.045938 0.040196
0 0.938046 0.167006 0.045182 0.050538
0 0.8967 0.15867600000000004 0.046706 0.040772
0 0.85612 0.15236399999999994 0.04211 0.043066
0 0.816692 0.14375000000000004 0.047474 0.039628
0 0.774942 0.13915999999999995 0.043606 0.037304
0 0.823196 0.22299800000000003 0.04517 0.04996
0 0.864928 0.2284520000000001 0.048998 0.041338
0 0.84196 0.26893600000000006 0.044414 0.051114
0 0.884454 0.27726000000000006 0.040572 0.050538
0 0.925416 0.286162 0.044402 0.053398
0 0.96944 0.30023 0.04823 0.049384
0 0.90819 0.32204999999999995 0.03599 0.039042
0 0.94877 0.33583399999999997 0.04517 0.052822
