0 0.09701599999999999 0.49730399999999997 0.183156 0.294112
0 0.197662 0.21439199999999992 0.184968 0.282912
0 0.412558 0.22419199999999995 0.179532 0.280112
0 0.611124 0.2227920000000001 0.174084 0.271714
0 0.7906519999999999 0.22419199999999995 0.181344 0.280112
0 0.2992140000000001 0.5001040000000001 0.184968 0.294112
0 0.687292 0.49730399999999997 0.166834 0.288512
0 0.5032239999999999 0.5001040000000001 0.172282 0.288512
0 0.8704480000000001 0.48890600000000006 0.159584 0.288512
0 0.778864 0.746604 0.15777 0.271714
0 0.588454 0.7522040000000001 0.175906 0.266114
0 0.3916980000000001 0.770418 0.177708 0.263314
0 0.19675599999999993 0.7774179999999999 0.179532 0.266114
