0 0.183812 0.201475 0.025108 0.025550
0 0.211158 0.179619 0.022417 0.027575
0 0.689071 0.066303 0.038558 0.041694
0 0.676967 0.145997 0.043033 0.045056
0 0.668450 0.221650 0.038550 0.039000
0 0.658138 0.290916 0.039458 0.037656
0 0.847779 0.072356 0.047525 0.049763
0 0.958963 0.026294 0.058275 0.050438
0 0.927579 0.119769 0.056492 0.049087
0 0.828500 0.162809 0.053800 0.045056
0 0.906508 0.209881 0.052000 0.039675
0 0.812362 0.243506 0.050208 0.043713
0 0.888129 0.288228 0.051108 0.039006
0 0.961204 0.338663 0.052008 0.043037
0 0.867054 0.363881 0.046625 0.035637
0 0.796221 0.315459 0.048425 0.038331
0 0.779633 0.384728 0.047517 0.036981
0 0.937892 0.411628 0.044833 0.041019
0 0.845988 0.431131 0.042142 0.036987
0 0.767529 0.444581 0.034075 0.032950
0 0.829846 0.493672 0.040342 0.035644
0 0.917271 0.480894 0.050208 0.039675
0 0.649621 0.353794 0.036758 0.035638
0 0.641996 0.412300 0.037658 0.034300
0 0.635275 0.467778 0.036767 0.032281
0 0.602096 0.249559 0.036758 0.035644
0 0.542021 0.276119 0.029592 0.033625
0 0.594025 0.313444 0.031383 0.035637
0 0.492704 0.238462 0.033175 0.033625
0 0.589546 0.373634 0.033175 0.034969
0 0.538883 0.333284 0.030483 0.032281
0 0.584163 0.429109 0.029592 0.031606
0 0.399904 0.226694 0.025108 0.030263
0 0.443392 0.262000 0.027800 0.032275
0 0.490467 0.298312 0.030483 0.032275
0 0.488671 0.352450 0.025108 0.030262
0 0.536642 0.390778 0.027800 0.031606
0 0.486429 0.404228 0.026008 0.028919
0 0.445183 0.317478 0.024217 0.027569
0 0.442050 0.369597 0.025100 0.029594
0 0.442046 0.418688 0.025108 0.025550
0 0.484638 0.453322 0.026008 0.027569
0 0.530817 0.440881 0.026900 0.026900
0 0.579679 0.479547 0.033175 0.028919
0 0.528571 0.490647 0.029592 0.028244
0 0.484192 0.497369 0.026900 0.024213
0 0.157067 0.360081 0.018683 0.024750
0 0.127492 0.335097 0.014317 0.021481
0 0.208437 0.375259 0.019308 0.022419
0 0.183533 0.386469 0.015567 0.019612
0 0.265412 0.390441 0.019925 0.020081
0 0.270708 0.432234 0.020550 0.022419
0 0.213733 0.413556 0.017433 0.022413
0 0.242996 0.440406 0.019925 0.021950
0 0.275067 0.469363 0.016817 0.021950
0 0.247358 0.477534 0.017433 0.021481
0 0.219650 0.449516 0.015567 0.021481
0 0.191312 0.424063 0.016192 0.021950
0 0.162987 0.397209 0.018058 0.020544
0 0.141813 0.406784 0.018058 0.020081
0 0.168588 0.432469 0.018058 0.019150
0 0.195983 0.458153 0.015567 0.016344
0 0.224937 0.484541 0.016192 0.018681
0 0.174192 0.465859 0.019300 0.019619
0 0.146483 0.442041 0.014950 0.017744
0 0.153642 0.474031 0.011833 0.019150
0 0.199725 0.491544 0.015567 0.017750
0 0.177929 0.497150 0.011825 0.016812
0 0.184467 0.527972 0.014950 0.018681
0 0.205950 0.522834 0.015567 0.020544
0 0.228054 0.518397 0.016192 0.021019
0 0.250779 0.512328 0.016808 0.017281
0 0.276933 0.504153 0.020550 0.019619
0 0.188825 0.557859 0.013700 0.015881
0 0.169525 0.561831 0.013700 0.015412
0 0.158625 0.504387 0.013083 0.017275
0 0.163296 0.534275 0.014942 0.017275
0 0.210929 0.554825 0.016808 0.018212
0 0.232725 0.549919 0.016817 0.019612
0 0.256071 0.545250 0.016192 0.018675
0 0.282533 0.539647 0.015567 0.017744
0 0.309312 0.534044 0.018058 0.019612
0 0.338887 0.527969 0.019925 0.019613
0 0.369400 0.521431 0.016183 0.020550
0 0.405204 0.516297 0.018058 0.024281
0 0.174504 0.589850 0.012458 0.014475
0 0.195050 0.585647 0.013700 0.014481
0 0.214042 0.584481 0.014317 0.016812
0 0.236771 0.580975 0.017442 0.018212
0 0.263238 0.577006 0.018058 0.017750
0 0.285337 0.572569 0.014942 0.019150
0 0.313046 0.568131 0.018058 0.020550
0 0.340758 0.563466 0.021167 0.018681
0 0.372517 0.558559 0.022417 0.021019
0 0.407379 0.554356 0.019925 0.023813
0 0.441942 0.548050 0.021800 0.023350
0 0.178862 0.616003 0.014942 0.017281
0 0.197850 0.614366 0.015567 0.017744
0 0.219646 0.611331 0.014325 0.015413
0 0.184154 0.642853 0.013075 0.014944
0 0.203146 0.640984 0.012458 0.018681
0 0.189758 0.669472 0.013083 0.017744
0 0.207817 0.666438 0.014317 0.015413
0 0.210308 0.691191 0.014317 0.016344
0 0.223696 0.639584 0.014942 0.017744
0 0.226808 0.665738 0.013700 0.015875
0 0.229300 0.690022 0.013700 0.015881
0 0.240508 0.608997 0.013700 0.019144
0 0.244863 0.637481 0.014942 0.018212
0 0.246733 0.664334 0.013700 0.018681
0 0.251092 0.690722 0.014950 0.019144
0 0.255450 0.718275 0.016183 0.018212
0 0.262921 0.606663 0.014942 0.018212
0 0.267592 0.635850 0.014317 0.019612
0 0.270396 0.663400 0.016192 0.019613
0 0.271642 0.691191 0.013700 0.017281
0 0.276621 0.717341 0.012458 0.015406
0 0.288762 0.604094 0.019308 0.019612
0 0.313979 0.600125 0.016192 0.018212
0 0.290321 0.635147 0.013692 0.017281
0 0.293433 0.662700 0.016183 0.018213
0 0.295925 0.691656 0.014950 0.017275
0 0.298725 0.718506 0.014317 0.016812
0 0.301525 0.744194 0.013700 0.017750
0 0.325188 0.747463 0.016192 0.020550
0 0.323321 0.718975 0.014942 0.016812
0 0.320208 0.691188 0.018683 0.019150
0 0.320833 0.662234 0.017433 0.019144
0 0.316475 0.632344 0.018683 0.018212
0 0.342933 0.597322 0.015567 0.021019
0 0.375312 0.594522 0.018058 0.020081
0 0.407383 0.589850 0.021167 0.021950
0 0.343871 0.628844 0.018675 0.018675
0 0.346675 0.661069 0.015567 0.016813
0 0.348229 0.691425 0.019925 0.016813
0 0.349475 0.720375 0.016183 0.016812
0 0.351342 0.747697 0.016183 0.017281
0 0.442392 0.622809 0.023167 0.022419
0 0.478254 0.620569 0.023158 0.022413
0 0.520096 0.617769 0.024658 0.023537
0 0.565679 0.615247 0.026158 0.025219
0 0.616113 0.611881 0.028392 0.027463
0 0.441271 0.659238 0.016442 0.019050
0 0.479375 0.657275 0.023917 0.022975
0 0.515987 0.656994 0.025408 0.023538
0 0.560825 0.655034 0.031383 0.025219
0 0.612004 0.653072 0.029142 0.024656
0 0.352425 0.776081 0.017183 0.017375
0 0.378950 0.778600 0.017933 0.016813
0 0.407717 0.780003 0.018683 0.019619
0 0.409212 0.808025 0.020175 0.016250
0 0.437233 0.812225 0.017933 0.016813
0 0.439100 0.783925 0.023167 0.019613
0 0.471229 0.817269 0.020175 0.020175
0 0.471604 0.845291 0.019425 0.017931
0 0.473100 0.787569 0.020917 0.021300
0 0.441342 0.755066 0.018683 0.019056
0 0.474221 0.758150 0.020175 0.019613
0 0.440971 0.691741 0.019425 0.019056
0 0.440971 0.723125 0.019425 0.020175
0 0.478704 0.692300 0.024658 0.022412
0 0.476088 0.724803 0.020925 0.021294
0 0.515688 0.692300 0.023908 0.023538
0 0.514196 0.727328 0.022408 0.021856
0 0.512700 0.760950 0.022417 0.020737
0 0.509713 0.792053 0.022408 0.022419
0 0.508217 0.822594 0.022417 0.022975
0 0.507096 0.852575 0.023158 0.022412
0 0.539975 0.886759 0.021667 0.019056
0 0.544458 0.858181 0.023167 0.022412
0 0.546700 0.828481 0.026150 0.023538
0 0.578829 0.894606 0.023158 0.021300
0 0.585554 0.864625 0.023158 0.021850
0 0.587421 0.834081 0.023908 0.023537
0 0.548196 0.795975 0.024658 0.023538
0 0.591904 0.801578 0.028392 0.024656
0 0.551929 0.764031 0.023158 0.022413
0 0.597138 0.766834 0.025408 0.023531
0 0.554917 0.729569 0.026150 0.024100
0 0.602742 0.731528 0.027650 0.024656
0 0.559400 0.692581 0.023167 0.022975
0 0.604608 0.691738 0.028400 0.023537
0 0.662508 0.945763 0.023167 0.022488
0 0.710892 0.956497 0.031350 0.022494
0 0.766100 0.967741 0.025900 0.022494
0 0.823688 0.980263 0.026575 0.023000
0 0.703737 0.983331 0.023858 0.019937
0 0.104008 0.047813 0.021517 0.028912
0 0.129567 0.019566 0.022417 0.031606
0 0.163187 0.046466 0.021525 0.031606
0 0.092354 0.124475 0.019725 0.027575
0 0.112079 0.101950 0.019725 0.026900
0 0.072179 0.024609 0.018825 0.028244
0 0.192329 0.016541 0.026008 0.032281
0 0.230887 0.042431 0.024208 0.034300
0 0.199950 0.074037 0.023317 0.030262
0 0.174846 0.101612 0.030492 0.034300
0 0.304858 0.039744 0.025100 0.032950
0 0.271238 0.071684 0.024208 0.032281
0 0.234021 0.100941 0.019725 0.028919
0 0.203092 0.128172 0.022417 0.028244
0 0.144358 0.126494 0.019733 0.027575
0 0.396317 0.037387 0.032283 0.037663
0 0.351038 0.069669 0.027792 0.033625
0 0.498979 0.032681 0.033175 0.040350
0 0.444737 0.069331 0.032275 0.036988
0 0.623167 0.026628 0.044833 0.044381
0 0.557267 0.066978 0.036767 0.036319
0 0.614650 0.107328 0.038550 0.041694
0 0.499429 0.104638 0.037658 0.039000
0 0.397658 0.104300 0.031383 0.036988
0 0.352829 0.134563 0.026008 0.034300
0 0.442046 0.136919 0.028692 0.036312
0 0.551887 0.142297 0.033175 0.034969
0 0.606583 0.180291 0.040350 0.038331
0 0.493604 0.172559 0.038558 0.039006
0 0.545158 0.210216 0.035867 0.032281
0 0.445633 0.201137 0.030483 0.032950
0 0.398108 0.167850 0.032283 0.033625
0 0.357312 0.192397 0.029592 0.034294
0 0.312929 0.160791 0.025108 0.032956
0 0.242542 0.156753 0.024217 0.031606
0 0.175742 0.153056 0.021517 0.028250
0 0.121942 0.148684 0.021517 0.026231
0 0.097733 0.168859 0.016133 0.024881
0 0.150188 0.174578 0.017042 0.025556
0 0.126875 0.195087 0.018833 0.023538
0 0.444733 0.463072 0.023317 0.025556
0 0.403492 0.429447 0.026900 0.028244
0 0.404388 0.473834 0.021525 0.025556
0 0.444288 0.506109 0.026008 0.025556
0 0.402146 0.382709 0.024208 0.027569
0 0.402146 0.334628 0.026008 0.029594
0 0.400800 0.282847 0.028700 0.030931
0 0.316517 0.216606 0.026900 0.028912
0 0.358654 0.248550 0.028692 0.029588
0 0.360450 0.302013 0.019733 0.027575
0 0.321000 0.270403 0.023317 0.028919
0 0.245679 0.209881 0.023308 0.028912
0 0.282442 0.239134 0.021517 0.025556
0 0.216987 0.230056 0.019725 0.027575
0 0.253750 0.258975 0.021517 0.026225
0 0.287821 0.289234 0.021525 0.026231
0 0.362242 0.352112 0.023317 0.026900
0 0.365379 0.397506 0.020625 0.026225
0 0.328617 0.366234 0.022417 0.022869
0 0.291858 0.333956 0.017033 0.022863
0 0.296342 0.376994 0.017033 0.022863
0 0.330863 0.410281 0.016142 0.023537
0 0.334450 0.450631 0.023317 0.020850
0 0.368967 0.482237 0.018833 0.023537
0 0.337137 0.488291 0.019725 0.024881
0 0.303062 0.460381 0.019725 0.022862
0 0.298133 0.421041 0.018833 0.022194
0 0.306654 0.497034 0.021525 0.022194
0 0.255992 0.305041 0.018833 0.021519
0 0.107254 0.213678 0.016192 0.021481
0 0.159558 0.220681 0.018683 0.026150
0 0.134029 0.238894 0.018675 0.023350
0 0.113483 0.256644 0.017433 0.023350
0 0.191317 0.248003 0.021167 0.026619
0 0.165162 0.265981 0.019925 0.023350
0 0.142750 0.281628 0.017433 0.023819
0 0.121262 0.296337 0.018058 0.022413
0 0.224008 0.276253 0.020550 0.025219
0 0.198475 0.291900 0.019300 0.022888
0 0.171704 0.306844 0.018058 0.021013
0 0.148350 0.321556 0.016183 0.019612
0 0.228675 0.321322 0.017433 0.022881
0 0.262608 0.349341 0.020550 0.026619
0 0.201279 0.335097 0.019925 0.024281
0 0.233658 0.363119 0.022417 0.023350
0 0.180417 0.348875 0.020550 0.025688
0 0.375004 0.627909 0.018675 0.018681
0 0.376875 0.661534 0.017433 0.017744
0 0.377808 0.692122 0.020550 0.020081
0 0.376250 0.720844 0.018683 0.018675
0 0.380296 0.749800 0.018058 0.019612
0 0.406137 0.624875 0.018675 0.021013
0 0.408629 0.659431 0.021175 0.019150
0 0.406758 0.691656 0.017433 0.021950
0 0.409875 0.722013 0.021167 0.019150
0 0.408317 0.751897 0.018050 0.020081
0 0.483350 0.540347 0.027400 0.025681
0 0.524446 0.534741 0.029892 0.023819
0 0.574258 0.527272 0.029883 0.027556
0 0.625317 0.520266 0.032383 0.031294
0 0.621583 0.567666 0.032383 0.028019
0 0.570213 0.572569 0.030508 0.025688
0 0.522575 0.577006 0.027400 0.024288
0 0.480858 0.582378 0.022417 0.023819
0 0.443500 0.586347 0.022417 0.021481
0 0.753304 0.505125 0.037358 0.033625
0 0.742092 0.557803 0.035867 0.031381
0 0.816067 0.552478 0.040350 0.034181
0 0.896767 0.541831 0.044833 0.036425
0 0.732754 0.609641 0.030642 0.026344
0 0.802617 0.605156 0.040350 0.033063
0 0.879954 0.599272 0.039608 0.032506
0 0.969992 0.594509 0.040350 0.034181
0 0.723504 0.655947 0.034758 0.029644
0 0.788246 0.654156 0.036125 0.029138
0 0.864917 0.653391 0.044983 0.034756
0 0.947721 0.651091 0.041575 0.034244
0 0.713621 0.700159 0.036808 0.031181
0 0.775979 0.700925 0.040208 0.028625
0 0.846517 0.703228 0.036800 0.029131
0 0.929321 0.703994 0.042942 0.032712
0 0.704083 0.741306 0.031350 0.026575
0 0.764737 0.743862 0.035442 0.027600
0 0.834929 0.749231 0.042258 0.032200
0 0.908875 0.752041 0.036117 0.031694
0 0.971917 0.803409 0.043617 0.034244
0 0.893200 0.797275 0.037483 0.032200
0 0.821642 0.790375 0.037483 0.028625
0 0.756554 0.786031 0.035442 0.027087
0 0.697604 0.781175 0.029308 0.026575
0 0.690450 0.818234 0.029983 0.027094
0 0.748379 0.823344 0.032708 0.027087
0 0.808008 0.831266 0.032033 0.026581
0 0.877867 0.837913 0.036800 0.029650
0 0.953175 0.847878 0.036117 0.030156
0 0.684317 0.850691 0.027267 0.024531
0 0.736454 0.859378 0.027942 0.025556
0 0.796767 0.869091 0.028617 0.026581
0 0.862192 0.876756 0.036800 0.027600
0 0.935796 0.888769 0.031342 0.032200
0 0.674775 0.884938 0.029983 0.027600
0 0.726571 0.893369 0.028625 0.024025
0 0.785183 0.903850 0.031350 0.024537
0 0.848563 0.915094 0.034075 0.026575
0 0.921483 0.929403 0.038167 0.030669
0 0.903083 0.962887 0.038167 0.028112
0 0.836979 0.948831 0.028625 0.023513
0 0.771892 0.935538 0.030667 0.023513
0 0.717371 0.925316 0.029308 0.025556
0 0.668642 0.914837 0.029983 0.025050
