0 0.583768 0.153047 0.154868 0.254531
0 0.594196 0.444742 0.160652 0.249609
0 0.764455 0.295938 0.147525 0.249688
0 0.930224 0.143195 0.139552 0.244953
0 0.771023 0.581945 0.152576 0.241859
0 0.928147 0.432344 0.141466 0.240313
0 0.927938 0.698359 0.144124 0.228250
0 0.209272 0.617078 0.183147 0.289625
0 0.606431 0.717742 0.152271 0.232547
0 0.774134 0.834562 0.145255 0.216406
0 0.205957 0.315664 0.191548 0.278891
0 0.385290 0.460336 0.154470 0.278141
0 0.389674 0.161266 0.158371 0.275156
0 0.385407 0.734281 0.148534 0.239563
0 0.217882 0.885313 0.161976 0.229375
