0 0.8357000000000001 0.11170600000000008 0.075966 0.066312
0 0.703076 0.05659400000000003 0.084684 0.058838
0 0.6893659999999999 0.15793199999999996 0.072234 0.056038
0 0.8207500000000001 0.20976799999999995 0.083434 0.060712
0 0.559858 0.10843200000000008 0.077216 0.056038
0 0.429716 0.054732 0.073466 0.053238
0 0.80145 0.3083119999999999 0.069734 0.059774
0 0.6756759999999999 0.2550680000000001 0.077216 0.057912
0 0.5474000000000001 0.20463199999999993 0.074734 0.050438
0 0.42286599999999996 0.253676 0.074734 0.051376
0 0.2964659999999999 0.2037 0.0685 0.0523
0 0.4259839999999999 0.15700000000000003 0.066 0.0579
0 0.30206599999999995 0.10236200000000006 0.074734 0.0607
0 0.17068400000000006 0.2447999999999999 0.0685 0.048576
0 0.17068400000000006 0.15046800000000005 0.0685 0.050438
0 0.1762919999999999 0.0537939999999999 0.06725 0.055112
0 0.1744159999999999 0.3363320000000001 0.066 0.048562
0 0.2964659999999999 0.2933680000000001 0.066 0.052312
0 0.415392 0.34240000000000004 0.06475 0.05885
0 0.544292 0.3013060000000001 0.073484 0.056962
0 0.6669499999999999 0.34800600000000004 0.069734 0.058838
0 0.786508 0.3979760000000001 0.074716 0.0523
0 0.536816 0.38863800000000004 0.0685 0.048574
0 0.07665799999999989 0.8934679999999999 0.059784 0.038288
0 0.07292399999999999 0.82995 0.052316 0.036424
0 0.07105800000000007 0.761776 0.05105 0.036426
0 0.06794199999999995 0.6917260000000001 0.047316 0.036426
0 0.052999999999999936 0.28729399999999994 0.062266 0.047638
0 0.048642000000000074 0.19530000000000003 0.063516 0.0467
0 0.048642000000000074 0.09909400000000002 0.066016 0.048562
0 0.4110419999999999 0.4316 0.070984 0.048576
0 0.29459199999999996 0.38303200000000004 0.06725 0.050438
0 0.1744159999999999 0.421794 0.066 0.042038
0 0.17442599999999997 0.5039880000000001 0.061016 0.0439
0 0.2902420000000001 0.4670939999999999 0.063516 0.042962
0 0.407926 0.5137940000000001 0.06725 0.048562
0 0.528092 0.477368 0.070984 0.050438
0 0.769692 0.4848380000000001 0.070984 0.048574
0 0.644542 0.525468 0.077216 0.051362
0 0.7584839999999999 0.5693680000000001 0.073466 0.047638
0 0.2896160000000001 0.549282 0.064766 0.042962
0 0.52 0.5600240000000001 0.062266 0.051374
0 0.63395 0.6067260000000001 0.066 0.0495
0 0.7460340000000001 0.6492260000000001 0.0685 0.048574
0 0.5112840000000001 0.638018 0.064766 0.048562
0 0.2865 0.6296120000000001 0.061034 0.0467
0 0.17753400000000008 0.5852440000000001 0.064766 0.042038
0 0.1762840000000001 0.6590320000000001 0.0523 0.043888
0 0.285258 0.701524 0.05355 0.039226
0 0.4035580000000001 0.5931820000000001 0.061016 0.048562
0 0.39858400000000005 0.671168 0.061034 0.040162
0 0.622126 0.6777120000000001 0.057284 0.042026
0 0.5031920000000001 0.709932 0.05605 0.042962
0 0.7304660000000001 0.723006 0.069734 0.042962
0 0.6090420000000001 0.7473000000000001 0.063516 0.0467
0 0.49933399999999994 0.782338 0.058666 0.038326
0 0.39671600000000007 0.742156 0.062266 0.045762
0 0.2827660000000001 0.771582 0.061034 0.042962
0 0.17877600000000005 0.7318819999999999 0.057284 0.038288
0 0.17379999999999995 0.800068 0.059766 0.040162
0 0.718016 0.7916559999999999 0.059766 0.045762
0 0.605934 0.819682 0.064766 0.043888
0 0.7080500000000001 0.8626499999999999 0.0573 0.0439
0 0.5947260000000001 0.8883319999999999 0.059784 0.042962
0 0.4938579999999999 0.8495680000000001 0.057284 0.038288
0 0.5853839999999999 0.952312 0.058534 0.0383
0 0.48762400000000006 0.9158820000000001 0.059784 0.038288
0 0.38550799999999996 0.812206 0.059784 0.042038
0 0.2808999999999999 0.8402320000000001 0.0523 0.034562
0 0.279034 0.902806 0.048566 0.032688
0 0.378034 0.9406380000000001 0.059766 0.0411
0 0.17504199999999992 0.86965 0.06725 0.033626
0 0.17815800000000004 0.929894 0.05355 0.036438
0 0.06545000000000001 0.6193379999999999 0.0523 0.0411
0 0.06295800000000007 0.539944 0.059784 0.041088
0 0.0623419999999999 0.45962400000000003 0.061016 0.0467
0 0.058599999999999985 0.373224 0.056034 0.045776
