0 0.492584 0.04778799999999994 0.070934 0.04655
0 0.2804 0.06963800000000009 0.077266 0.05035
0 0.092292 0.10003800000000007 0.081084 0.05225
0 0.1835 0.18031799999999998 0.081066 0.053212
0 0.413416 0.15561800000000003 0.082334 0.053212
0 0.593926 0.12473800000000002 0.076016 0.05415
0 0.772534 0.09148800000000001 0.081066 0.05035
0 0.702234 0.2097739999999999 0.0798 0.0589
0 0.885916 0.1760440000000001 0.074734 0.056062
0 0.946084 0.060138000000000025 0.076 0.05415
0 0.082916 0.3074380000000001 0.082334 0.06365
0 0.3255 0.2789379999999999 0.078534 0.06175
0 0.518684 0.2452319999999999 0.0798 0.056962
0 0.625716 0.34116199999999997 0.081066 0.0608
0 0.823334 0.3064880000000001 0.081066 0.05985
0 0.430642 0.38106799999999996 0.08615 0.062712
0 0.226692 0.4176439999999999 0.08615 0.065562
0 0.3293 0.5307 0.088666 0.06935
0 0.11585 0.5701320000000001 0.089934 0.070312
0 0.220358 0.6998120000000001 0.106416 0.07885
0 0.447742 0.648512 0.100084 0.07315
0 0.668792 0.6138380000000001 0.088684 0.0684
0 0.7524 0.44995000000000007 0.0912 0.07125
0 0.540216 0.491274 0.095 0.0741
0 0.579484 0.794818 0.092466 0.080762
0 0.912026 0.6689320000000001 0.093716 0.077888
0 0.830966 0.855162 0.1014 0.064576
