0 0.5349999999999999 0.723118 0.1 0.08251
0 0.47019600000000006 0.944818 0.088824 0.073442
0 0.388628 0.909636 0.08902 0.082592
0 0.3034319999999999 0.880608 0.089216 0.073442
0 0.231128 0.843886 0.084804 0.07336
0 0.14431400000000005 0.811822 0.096274 0.082592
0 0.05735200000000007 0.778056 0.09255 0.076276
0 0.473676 0.862268 0.095784 0.079514
0 0.11470599999999997 0.455506 0.103726 0.09174
0 0.194118 0.493766 0.092156 0.076438
0 0.28318599999999994 0.528906 0.099902 0.085668
0 0.3646560000000001 0.561052 0.092648 0.082592
0 0.4519599999999999 0.602348 0.103922 0.079514
0 0.1257839999999999 0.550324 0.096274 0.085588
0 0.21097999999999995 0.579352 0.088824 0.076438
0 0.29431399999999996 0.617612 0.085098 0.073442
0 0.373872 0.652794 0.08147 0.082592
0 0.44970599999999994 0.687936 0.084902 0.079514
0 0.38695999999999997 0.825708 0.092746 0.079758
0 0.3035779999999999 0.793442 0.088922 0.082592
0 0.2240200000000001 0.7583 0.085294 0.080162
0 0.138922 0.724616 0.092746 0.079514
0 0.05549000000000004 0.684858 0.088824 0.079514
0 0.5425 0.805668 0.085 0.076438
0 0.46127399999999996 0.7734 0.085294 0.07911
0 0.381324 0.73838 0.088922 0.076438
0 0.2980400000000001 0.704696 0.09255 0.0766
0 0.21470600000000006 0.669596 0.096274 0.079434
0 0.13250000000000006 0.634008 0.092648 0.079352
0 0.06078399999999995 0.868218 0.1 0.079758
0 0.1460300000000001 0.905102 0.092254 0.079514
0 0.236912 0.938704 0.096176 0.079514
0 0.07029400000000008 0.958582 0.096274 0.08251
