0 0.023063999999999973 0.18263000000000007 0.033766 0.029024
0 0.05501200000000006 0.17999999999999994 0.033766 0.029024
0 0.039323999999999915 0.1489799999999999 0.033766 0.029024
0 0.021870000000000056 0.12689400000000006 0.033766 0.029024
0 0.05558400000000008 0.12058999999999997 0.033766 0.029024
0 0.0694539999999999 0.09482999999999997 0.033766 0.029024
0 0.03693600000000008 0.09587400000000001 0.033766 0.029024
0 0.05096199999999995 0.06580399999999997 0.027532 0.025396
0 0.01719399999999993 0.06988599999999989 0.027532 0.025396
0 0.020883999999999903 0.014103999999999894 0.027532 0.025396
0 0.03438999999999992 0.039954000000000045 0.027532 0.025396
0 0.07122000000000006 0.1478919999999999 0.027532 0.025396
0 0.13148000000000004 0.14018200000000003 0.027532 0.025396
0 0.16321999999999992 0.1342859999999999 0.027532 0.025396
0 0.19589600000000007 0.13065799999999994 0.027532 0.025396
0 0.22555799999999993 0.12975000000000003 0.027532 0.025396
0 0.25516800000000006 0.12612200000000007 0.027532 0.025396
0 0.14607799999999993 0.109796 0.027532 0.025396
0 0.1798439999999999 0.106622 0.027532 0.025396
0 0.20841599999999993 0.10344599999999993 0.027532 0.025396
0 0.23854599999999992 0.10254000000000008 0.027532 0.025396
0 0.269714 0.0970979999999999 0.027532 0.025396
0 0.2837400000000001 0.12294800000000006 0.027532 0.025396
0 0.31438999999999995 0.11886599999999992 0.027532 0.025396
0 0.3424419999999999 0.11523799999999995 0.027532 0.025396
0 0.3710119999999999 0.11297000000000001 0.027532 0.025396
0 0.40161 0.1088880000000001 0.027532 0.025396
0 0.13355800000000007 0.08485199999999993 0.027532 0.025396
0 0.16374 0.08077000000000001 0.027532 0.025396
0 0.19329799999999997 0.07714200000000004 0.027532 0.025396
0 0.22399999999999998 0.07578200000000002 0.027532 0.025396
0 0.255636 0.07034000000000007 0.027532 0.025396
0 0.2993239999999999 0.09482999999999997 0.027532 0.025396
0 0.329974 0.0902940000000001 0.027532 0.025396
0 0.35854600000000003 0.08712000000000009 0.027532 0.025396
0 0.38919400000000004 0.0834919999999999 0.027532 0.025396
0 0.429662 0.10616800000000004 0.027532 0.025396
0 0.415168 0.07895600000000003 0.027532 0.025396
0 0.456728 0.10163199999999994 0.027532 0.025396
0 0.48680600000000007 0.09800399999999998 0.027532 0.025396
0 0.51387 0.0970979999999999 0.027532 0.025396
0 0.386026 0.03133800000000009 0.027532 0.025396
0 0.41257199999999994 0.028164000000000078 0.027532 0.025396
0 0.356468 0.03405799999999992 0.027532 0.025396
0 0.705506 0.021814 0.027532 0.025396
0 0.7299739999999999 0.020907999999999927 0.027532 0.025396
0 0.797506 0.013198000000000043 0.027532 0.025396
0 0.20877999999999997 0.04834399999999994 0.027532 0.025396
0 0.23631200000000008 0.046983999999999915 0.027532 0.025396
0 0.17761000000000005 0.052426000000000084 0.027532 0.025396
0 0.14644199999999996 0.056508 0.027532 0.025396
0 0.25345400000000007 0.019320000000000004 0.027532 0.025396
0 0.2217659999999999 0.02068000000000003 0.027532 0.025396
0 0.19371399999999994 0.021133999999999986 0.027532 0.025396
0 0.28046799999999994 0.013878000000000057 0.027532 0.025396
0 0.2690380000000001 0.042901999999999996 0.027532 0.025396
0 0.28254599999999996 0.06693799999999994 0.027532 0.025396
0 0.3142339999999999 0.06285800000000008 0.027532 0.025396
0 0.3443639999999999 0.06013599999999997 0.027532 0.025396
0 0.371896 0.056508 0.027532 0.025396
0 0.4009879999999999 0.055600000000000094 0.027532 0.025396
0 0.443584 0.02294799999999997 0.027532 0.025396
0 0.4295580000000001 0.051066000000000056 0.027532 0.025396
0 0.4430639999999999 0.07691599999999998 0.027532 0.025396
0 0.4695579999999999 0.07374199999999997 0.027532 0.025396
0 0.6752720000000001 0.07646200000000003 0.027532 0.025396
0 0.651376 0.0796380000000001 0.027532 0.025396
0 0.6238440000000001 0.08190399999999998 0.027532 0.025396
0 0.59839 0.08553199999999994 0.027532 0.025396
0 0.5698179999999999 0.08825400000000005 0.027532 0.025396
0 0.5407280000000001 0.09233599999999997 0.027532 0.025396
0 0.500208 0.07147400000000004 0.027532 0.025396
0 0.529298 0.06784600000000007 0.027532 0.025396
0 0.7017659999999999 0.07328800000000002 0.027532 0.025396
0 0.7531939999999999 0.06830000000000003 0.027532 0.025396
0 0.729298 0.06966000000000006 0.027532 0.025396
0 0.8186500000000001 0.03610000000000002 0.027532 0.025396
0 0.4168320000000001 0.29550999999999994 0.02961 0.027664
0 0.2767280000000001 0.3166899999999999 0.02961 0.027664
0 0.24493600000000004 0.3206340000000001 0.02961 0.027664
0 0.21387 0.322902 0.02961 0.027664
0 0.18275400000000008 0.33079400000000003 0.02961 0.027664
0 0.392104 0.3002720000000001 0.02961 0.027664
0 0.366182 0.30480799999999997 0.02961 0.027664
0 0.33506400000000003 0.30589599999999995 0.02961 0.027664
0 0.30457200000000006 0.3126979999999999 0.02961 0.027664
0 0.782754 0.2168699999999999 0.02961 0.027664
0 0.7588060000000001 0.220634 0.02961 0.027664
0 0.735948 0.22471599999999992 0.02961 0.027664
0 0.706858 0.22789199999999998 0.02961 0.027664
0 0.680364 0.231066 0.02961 0.027664
0 0.6554279999999999 0.23650799999999994 0.02961 0.027664
0 0.6268579999999999 0.2401359999999999 0.02961 0.027664
0 0.600884 0.24330999999999992 0.02961 0.027664
0 0.5759479999999999 0.2469380000000001 0.02961 0.027664
0 0.5458179999999999 0.24920600000000004 0.02961 0.027664
0 0.517766 0.2555559999999999 0.02961 0.027664
0 0.489714 0.25782400000000005 0.02961 0.027664
0 0.461662 0.2605440000000001 0.02961 0.027664
0 0.43361000000000005 0.26508 0.02961 0.027664
0 0.405038 0.270068 0.02961 0.027664
0 0.380104 0.2741499999999999 0.02961 0.027664
0 0.3473759999999999 0.27959200000000006 0.02961 0.027664
0 0.3172459999999999 0.2841260000000001 0.02961 0.027664
0 0.2902340000000001 0.2877559999999999 0.02961 0.027664
0 0.2580260000000001 0.29047599999999996 0.02961 0.027664
0 0.22893600000000003 0.2945580000000001 0.02961 0.027664
0 0.19880600000000004 0.29864 0.02961 0.027664
0 0.16815599999999997 0.303628 0.02961 0.027664
0 0.7458180000000001 0.19659800000000005 0.02961 0.027664
0 0.718286 0.20022600000000002 0.02961 0.027664
0 0.6934020000000001 0.20494400000000002 0.02961 0.027664
0 0.664936 0.21002199999999993 0.02961 0.027664
0 0.6390119999999999 0.21165600000000007 0.02961 0.027664
0 0.619532 0.21415000000000006 0.02961 0.027664
0 0.590754 0.2168699999999999 0.02961 0.027664
0 0.534754 0.22367399999999993 0.02961 0.027664
0 0.5075320000000001 0.227074 0.02961 0.027664
0 0.4771939999999999 0.23319800000000002 0.02961 0.027664
0 0.4469099999999999 0.23791399999999996 0.02961 0.027664
0 0.4196359999999999 0.2426759999999999 0.02961 0.027664
0 0.3885719999999999 0.24471599999999993 0.02961 0.027664
0 0.3612979999999999 0.24811800000000006 0.02961 0.027664
0 0.3317920000000001 0.25151999999999997 0.02961 0.027664
0 0.30379200000000006 0.25492000000000004 0.02961 0.027664
0 0.2734540000000001 0.26031800000000005 0.02961 0.027664
0 0.2431160000000001 0.26439999999999997 0.02961 0.027664
0 0.21355799999999991 0.26916000000000007 0.02961 0.027664
0 0.18088400000000004 0.27188199999999996 0.02961 0.027664
0 0.1676359999999999 0.24675800000000003 0.02961 0.027664
0 0.19641599999999992 0.2433559999999999 0.02961 0.027664
0 0.2251939999999999 0.23859399999999997 0.02961 0.027664
0 0.25787000000000004 0.23383200000000004 0.02961 0.027664
0 0.288208 0.22843600000000008 0.02961 0.027664
0 0.317766 0.22639399999999998 0.02961 0.027664
0 0.346546 0.22095200000000004 0.02961 0.027664
0 0.37766199999999994 0.218912 0.02961 0.027664
0 0.404104 0.21415000000000006 0.02961 0.027664
0 0.43132400000000004 0.21142799999999995 0.02961 0.027664
0 0.46088400000000007 0.2087079999999999 0.02961 0.027664
0 0.49044200000000004 0.206712 0.02961 0.027664
0 0.52 0.20127000000000006 0.02961 0.027664
0 0.5456620000000001 0.19786799999999993 0.02961 0.027664
0 0.5744419999999999 0.193786 0.02961 0.027664
0 0.600884 0.19174599999999997 0.02961 0.027664
0 0.625766 0.18902400000000008 0.02961 0.027664
0 0.6545460000000001 0.1835819999999999 0.02961 0.027664
0 0.6802079999999999 0.18090800000000007 0.02961 0.027664
0 0.70587 0.17818599999999996 0.02961 0.027664
0 0.731584 0.17410400000000004 0.02961 0.027664
0 0.7564679999999999 0.1693420000000001 0.02961 0.027664
0 0.7836879999999999 0.16594200000000003 0.02961 0.027664
0 0.7984420000000001 0.138776 0.02961 0.027664
0 0.772 0.14285799999999993 0.02961 0.027664
0 0.74322 0.14557799999999999 0.02961 0.027664
0 0.7183379999999999 0.15169999999999995 0.02961 0.027664
0 0.6911160000000001 0.15237999999999996 0.02961 0.027664
0 0.6677919999999999 0.1564620000000001 0.02961 0.027664
0 0.637454 0.15850399999999998 0.02961 0.027664
0 0.6102339999999999 0.16321999999999992 0.02961 0.027664
0 0.5845720000000001 0.16594200000000003 0.02961 0.027664
0 0.55891 0.1693420000000001 0.02961 0.027664
0 0.53013 0.17342400000000002 0.02961 0.027664
0 0.50135 0.17546400000000006 0.02961 0.027664
0 0.47563599999999995 0.18158800000000008 0.02961 0.027664
0 0.4469099999999999 0.1829019999999999 0.02961 0.027664
0 0.4181299999999999 0.185624 0.02961 0.027664
0 0.3900779999999999 0.19174599999999997 0.02961 0.027664
0 0.3597919999999999 0.1958279999999999 0.02961 0.027664
0 0.33335000000000004 0.1965079999999999 0.02961 0.027664
0 0.30379200000000006 0.2033100000000001 0.02961 0.027664
0 0.2726759999999999 0.2087079999999999 0.02961 0.027664
0 0.2438959999999999 0.21006799999999992 0.02961 0.027664
0 0.21121999999999996 0.21415000000000006 0.02961 0.027664
0 0.18088400000000004 0.21755199999999997 0.02961 0.027664
0 0.16716799999999998 0.19201800000000002 0.02961 0.027664
0 0.19890999999999992 0.18875200000000003 0.02961 0.027664
0 0.22784399999999994 0.18467199999999995 0.02961 0.027664
0 0.25584399999999996 0.18140599999999996 0.02961 0.027664
0 0.285714 0.17737000000000003 0.02961 0.027664
0 0.3174539999999999 0.17247199999999996 0.02961 0.027664
0 0.34545399999999993 0.1700219999999999 0.02961 0.027664
0 0.37345399999999995 0.16594200000000003 0.02961 0.027664
0 0.403324 0.1643079999999999 0.02961 0.027664
0 0.43132400000000004 0.15941000000000005 0.02961 0.027664
0 0.4602599999999999 0.1553739999999999 0.02961 0.027664
0 0.4891939999999999 0.15129199999999998 0.02961 0.027664
0 0.5171939999999999 0.15047600000000005 0.02961 0.027664
0 0.54426 0.14557799999999999 0.02961 0.027664
0 0.573194 0.14149600000000007 0.02961 0.027664
0 0.601194 0.13904800000000006 0.02961 0.027664
0 0.62826 0.13578200000000007 0.02961 0.027664
0 0.65252 0.13169999999999993 0.02961 0.027664
0 0.68052 0.12847999999999993 0.02961 0.027664
0 0.707584 0.12358200000000008 0.02961 0.027664
0 0.733714 0.12113400000000007 0.02961 0.027664
0 0.7570380000000001 0.11786800000000008 0.02961 0.027664
0 0.7803640000000001 0.11542000000000008 0.02961 0.027664
0 0.806494 0.11133799999999994 0.02961 0.027664
0 0.817714 0.08444399999999996 0.02961 0.027664
0 0.7934540000000001 0.08689400000000003 0.02961 0.027664
0 0.7682599999999999 0.09015799999999996 0.02961 0.027664
0 0.744 0.0942400000000001 0.02961 0.027664
0 0.71787 0.09668999999999994 0.02961 0.027664
0 0.690806 0.10240399999999994 0.02961 0.027664
0 0.6674279999999999 0.10485199999999995 0.02961 0.027664
0 0.6394280000000001 0.10730200000000001 0.02961 0.027664
0 0.6123639999999999 0.10970600000000008 0.02961 0.027664
0 0.5862339999999999 0.11297000000000001 0.02961 0.027664
0 0.5582339999999999 0.11786800000000008 0.02961 0.027664
0 0.5283640000000001 0.12113400000000007 0.02961 0.027664
0 0.5041040000000001 0.12358200000000008 0.02961 0.027664
0 0.473298 0.127664 0.02961 0.027664
0 0.44529799999999997 0.13093 0.02961 0.027664
0 0.41729799999999995 0.13415 0.02961 0.027664
0 0.3864939999999999 0.14067999999999992 0.02961 0.027664
0 0.36223399999999994 0.14149600000000007 0.02961 0.027664
0 0.329558 0.14802800000000005 0.02961 0.027664
0 0.29968799999999995 0.14721000000000006 0.02961 0.027664
0 0.27168799999999993 0.1521079999999999 0.02961 0.027664
0 0.23994800000000005 0.15619000000000005 0.02961 0.027664
0 0.2082599999999999 0.16022599999999998 0.02961 0.027664
0 0.7383900000000001 0.32893400000000006 0.02961 0.027664
0 0.7113240000000001 0.33215400000000006 0.02961 0.027664
0 0.6861299999999999 0.3346039999999999 0.02961 0.027664
0 0.6571940000000001 0.33950199999999997 0.02961 0.027664
0 0.6319999999999999 0.34358200000000005 0.02961 0.027664
0 0.60774 0.35092999999999996 0.02961 0.027664
0 0.5778700000000001 0.35256200000000004 0.02961 0.027664
0 0.5498700000000001 0.35659799999999997 0.02961 0.027664
0 0.5209360000000001 0.36149600000000004 0.02961 0.027664
0 0.49293600000000004 0.3663940000000001 0.02961 0.027664
0 0.46399999999999997 0.36721000000000004 0.02961 0.027664
0 0.43599999999999994 0.37700599999999995 0.02961 0.027664
0 0.409818 0.38022599999999995 0.02961 0.027664
0 0.38093599999999994 0.3843080000000001 0.02961 0.027664
0 0.31932399999999994 0.391656 0.02961 0.027664
0 0.181168 0.16349199999999997 0.029558 0.027664
0 0.35381799999999997 0.3875740000000001 0.02961 0.027664
0 0.29225999999999996 0.39818599999999993 0.02961 0.027664
0 0.2633239999999999 0.40226800000000007 0.02961 0.027664
0 0.23252000000000006 0.4047160000000001 0.02961 0.027664
0 0.203584 0.40957 0.02961 0.027664
0 0.1718440000000001 0.41446800000000006 0.02961 0.027664
0 0.141038 0.42018200000000006 0.02961 0.027664
0 0.1541300000000001 0.38839 0.02961 0.027664
0 0.140104 0.36231199999999997 0.02961 0.027664
0 0.15319400000000005 0.3346039999999999 0.02961 0.027664
0 0.13823399999999997 0.30770999999999993 0.02961 0.027664
0 0.15319400000000005 0.2759640000000001 0.02961 0.027664
0 0.13636399999999993 0.25315200000000004 0.02961 0.027664
0 0.14945399999999998 0.22217599999999993 0.02961 0.027664
0 0.13636399999999993 0.19609999999999994 0.02961 0.027664
0 0.06171400000000005 0.4014519999999999 0.02961 0.027664
0 0.07849400000000006 0.43156400000000006 0.02961 0.027664
0 0.04768799999999995 0.4340139999999999 0.02961 0.027664
0 0.015948000000000073 0.44054400000000005 0.02961 0.027664
0 0.05984400000000001 0.403084 0.02961 0.027664
0 0.02623400000000009 0.4103859999999999 0.02961 0.027664
0 0.046494000000000035 0.3771880000000001 0.02961 0.027664
0 0.07449400000000006 0.37315199999999993 0.02961 0.027664
0 0.028780000000000028 0.3511120000000001 0.02961 0.027664
0 0.05865000000000009 0.348708 0.02961 0.027664
0 0.15007799999999993 0.1661680000000001 0.02961 0.027664
0 0.7701819999999999 0.1936500000000001 0.02961 0.027664
0 0.5607800000000001 0.22068 0.02961 0.027664
0 0.07511599999999996 0.31945599999999996 0.02961 0.027664
0 0.045506000000000046 0.32126999999999994 0.02961 0.027664
0 0.02784399999999998 0.29678000000000004 0.02961 0.027664
0 0.05797399999999997 0.2926979999999999 0.02961 0.027664
0 0.07147999999999999 0.261406 0.02961 0.027664
0 0.04135 0.2659419999999999 0.02961 0.027664
0 0.0252460000000001 0.23782400000000004 0.02961 0.027664
0 0.0582339999999999 0.233514 0.02961 0.027664
0 0.039687999999999946 0.21093000000000006 0.033766 0.029024
0 0.069766 0.2062139999999999 0.033766 0.029024
0 0.03527199999999997 0.5768260000000001 0.02961 0.027664
0 0.06597399999999998 0.5720639999999999 0.02961 0.027664
0 0.09844199999999992 0.5663039999999999 0.02961 0.027664
0 0.12976600000000005 0.5620860000000001 0.02961 0.027664
0 0.11413000000000006 0.53687 0.02961 0.027664
0 0.07922000000000007 0.5395019999999999 0.02961 0.027664
0 0.049714000000000036 0.546848 0.02961 0.027664
0 0.01719399999999993 0.5531520000000001 0.02961 0.027664
0 0.03885800000000006 0.8048979999999999 0.02961 0.027664
0 0.06836400000000009 0.798594 0.02961 0.027664
0 0.10026000000000002 0.794422 0.02961 0.027664
0 0.13215599999999994 0.7844 0.02961 0.027664
0 0.16410400000000003 0.77864 0.02961 0.027664
0 0.19179199999999996 0.771792 0.02961 0.027664
0 0.2236880000000001 0.7681180000000001 0.02961 0.027664
0 0.25558400000000003 0.759728 0.02961 0.027664
0 0.28265000000000007 0.7502040000000001 0.02961 0.027664
0 0.26955799999999996 0.7295240000000001 0.02961 0.027664
0 0.250858 0.702858 0.02961 0.027664
0 0.2358960000000001 0.681632 0.02961 0.027664
0 0.21906399999999993 0.653878 0.02961 0.027664
0 0.20285799999999998 0.6293880000000001 0.02961 0.027664
0 0.18852000000000002 0.6048979999999999 0.02961 0.027664
0 0.17293599999999998 0.578776 0.02961 0.027664
0 0.15610400000000002 0.552654 0.02961 0.027664
0 0.3119479999999999 0.6946939999999999 0.02961 0.027664
0 0.34124599999999994 0.6865300000000001 0.02961 0.027664
0 0.3699220000000001 0.681632 0.02961 0.027664
0 0.398598 0.675646 0.02961 0.027664
0 0.44161000000000006 0.641904 0.02961 0.027664
0 0.41418200000000005 0.647346 0.02961 0.027664
0 0.3861300000000001 0.65279 0.02961 0.027664
0 0.3555839999999999 0.657688 0.02961 0.027664
0 0.32441600000000004 0.6604080000000001 0.02961 0.027664
0 0.29760999999999993 0.6680280000000001 0.02961 0.027664
0 0.28015600000000007 0.6457139999999999 0.02961 0.027664
0 0.30820800000000004 0.6386400000000001 0.02961 0.027664
0 0.3393759999999999 0.6331979999999999 0.02961 0.027664
0 0.3717919999999999 0.62721 0.02961 0.027664
0 0.40108999999999995 0.622312 0.02961 0.027664
0 0.42665 0.6163259999999999 0.02961 0.027664
0 0.453454 0.610884 0.02961 0.027664
0 0.484 0.60653 0.02961 0.027664
0 0.4964679999999999 0.5760540000000001 0.02961 0.027664
0 0.470286 0.5820399999999999 0.02961 0.027664
0 0.4434800000000001 0.5863940000000001 0.02961 0.027664
0 0.41418200000000005 0.591836 0.02961 0.027664
0 0.38239 0.5967340000000001 0.02961 0.027664
0 0.3530899999999999 0.60381 0.02961 0.027664
0 0.3262860000000001 0.608708 0.02961 0.027664
0 0.29449400000000003 0.6146940000000001 0.02961 0.027664
0 0.2633239999999999 0.622312 0.02961 0.027664
0 0.2496100000000001 0.595102 0.02961 0.027664
0 0.2820260000000001 0.589116 0.02961 0.027664
0 0.3100780000000001 0.5842179999999999 0.02961 0.027664
0 0.3393759999999999 0.578776 0.02961 0.027664
0 0.3699220000000001 0.5738780000000001 0.02961 0.027664
0 0.39672799999999997 0.5678920000000001 0.02961 0.027664
0 0.42852 0.5624480000000001 0.02961 0.027664
0 0.453454 0.557552 0.02961 0.027664
0 0.48337600000000003 0.552654 0.02961 0.027664
0 0.511428 0.549388 0.02961 0.027664
0 0.5376099999999999 0.5412239999999999 0.02961 0.027664
0 0.56691 0.53687 0.02961 0.027664
0 0.57813 0.50966 0.02961 0.027664
0 0.550702 0.5145580000000001 0.02961 0.027664
0 0.5214019999999999 0.5178240000000001 0.02961 0.027664
0 0.49709000000000003 0.521088 0.02961 0.027664
0 0.469662 0.528708 0.02961 0.027664
0 0.44161000000000006 0.532518 0.02961 0.027664
0 0.4110640000000001 0.5374140000000001 0.02961 0.027664
0 0.38051999999999997 0.5423119999999999 0.02961 0.027664
0 0.3537140000000001 0.5477559999999999 0.02961 0.027664
0 0.3231679999999999 0.5531980000000001 0.02961 0.027664
0 0.2957399999999999 0.55864 0.02961 0.027664
0 0.26394800000000007 0.564082 0.02961 0.027664
0 0.2358960000000001 0.5695239999999999 0.02961 0.027664
0 0.21532400000000007 0.5434019999999999 0.02961 0.027664
0 0.25023400000000007 0.540136 0.02961 0.027664
0 0.28015600000000007 0.5330619999999999 0.02961 0.027664
0 0.30820800000000004 0.5297959999999999 0.02961 0.027664
0 0.33813000000000004 0.5227219999999999 0.02961 0.027664
0 0.3674280000000001 0.5194559999999999 0.02961 0.027664
0 0.394234 0.511836 0.02961 0.027664
0 0.426026 0.5091159999999999 0.02961 0.027664
0 0.4509620000000001 0.503674 0.02961 0.027664
0 0.484 0.498232 0.02961 0.027664
0 0.512052 0.4944219999999999 0.02961 0.027664
0 0.035792000000000046 0.7491159999999999 0.02961 0.027664
0 0.06857200000000008 0.74186 0.02961 0.027664
0 0.018701999999999996 0.722812 0.02961 0.027664
0 0.05246799999999996 0.7173700000000001 0.02961 0.027664
0 0.03480599999999989 0.692426 0.02961 0.027664
0 0.01911599999999991 0.668752 0.02961 0.027664
0 0.01719399999999993 0.6099319999999999 0.02961 0.027664
0 0.033454000000000095 0.6293880000000001 0.02961 0.027664
0 0.05091000000000001 0.6614519999999999 0.02961 0.027664
0 0.066546 0.685624 0.02961 0.027664
0 0.08280599999999994 0.712426 0.02961 0.027664
0 0.09906400000000004 0.737142 0.02961 0.027664
0 0.13215599999999994 0.730294 0.02961 0.027664
0 0.11714200000000008 0.7050339999999999 0.02961 0.027664
0 0.099688 0.681406 0.02961 0.027664
0 0.08218199999999998 0.654058 0.02961 0.027664
0 0.06597399999999998 0.6283000000000001 0.02961 0.027664
0 0.049714000000000036 0.6025860000000001 0.02961 0.027664
0 0.15927200000000008 0.725034 0.02961 0.027664
0 0.1484160000000001 0.699818 0.02961 0.027664
0 0.13096200000000002 0.6751020000000001 0.02961 0.027664
0 0.11111599999999999 0.6493420000000001 0.02961 0.027664
0 0.09844199999999992 0.6235820000000001 0.02961 0.027664
0 0.08098800000000006 0.595736 0.02961 0.027664
0 0.11470200000000008 0.5910200000000001 0.02961 0.027664
0 0.1285719999999999 0.6193660000000001 0.02961 0.027664
0 0.1436360000000001 0.640952 0.02961 0.027664
0 0.16285799999999995 0.6672100000000001 0.02961 0.027664
0 0.18093599999999999 0.6919280000000001 0.02961 0.027664
0 0.19179199999999996 0.718186 0.02961 0.027664
0 0.146598 0.585216 0.02961 0.027664
0 0.16285799999999995 0.612018 0.02961 0.027664
0 0.17371399999999992 0.6388199999999999 0.02961 0.027664
0 0.18877999999999995 0.6624939999999999 0.02961 0.027664
0 0.20742799999999995 0.68771 0.02961 0.027664
0 0.22306399999999993 0.7118819999999999 0.02961 0.027664
0 0.237506 0.736054 0.02961 0.027664
0 0.21163599999999994 0.743946 0.02961 0.027664
0 0.1785460000000001 0.748164 0.02961 0.027664
0 0.146026 0.7555099999999999 0.02961 0.027664
0 0.115896 0.761814 0.02961 0.027664
0 0.08462400000000003 0.7702500000000001 0.02961 0.027664
0 0.053922000000000025 0.7760100000000001 0.02961 0.027664
0 0.02078000000000002 0.781768 0.02961 0.027664
0 0.5382340000000001 0.49006799999999995 0.02961 0.027664
0 0.562546 0.4840819999999999 0.02961 0.027664
0 0.5912200000000001 0.48027200000000003 0.02961 0.027664
0 0.6211420000000001 0.474286 0.02961 0.027664
0 0.6329880000000001 0.44707399999999997 0.02961 0.027664
0 0.6049359999999999 0.45088400000000006 0.02961 0.027664
0 0.578754 0.45469399999999993 0.02961 0.027664
0 0.553194 0.458504 0.02961 0.027664
0 0.5214019999999999 0.466666 0.02961 0.027664
0 0.4945980000000001 0.4704759999999999 0.02961 0.027664
0 0.4665459999999999 0.47591800000000006 0.02961 0.027664
0 0.43849399999999994 0.4808159999999999 0.02961 0.027664
0 0.409818 0.485714 0.02961 0.027664
0 0.38239 0.49061200000000005 0.02961 0.027664
0 0.35184400000000005 0.494966 0.02961 0.027664
0 0.3237920000000001 0.4987760000000001 0.02961 0.027664
0 0.29449400000000003 0.504218 0.02961 0.027664
0 0.262702 0.5102040000000001 0.02961 0.027664
0 0.23402600000000007 0.5161899999999999 0.02961 0.027664
0 0.20534999999999992 0.5178240000000001 0.02961 0.027664
0 0.6460779999999999 0.41877600000000004 0.02961 0.027664
0 0.619896 0.42203999999999997 0.02961 0.027664
0 0.591844 0.42639399999999994 0.02961 0.027664
0 0.5656620000000001 0.4318360000000001 0.02961 0.027664
0 0.5376099999999999 0.434558 0.02961 0.027664
0 0.5076879999999999 0.441632 0.02961 0.027664
0 0.47963599999999995 0.445986 0.02961 0.027664
0 0.4528319999999999 0.449252 0.02961 0.027664
0 0.42540200000000006 0.45415000000000005 0.02961 0.027664
0 0.394234 0.4568700000000001 0.02961 0.027664
0 0.366182 0.46231200000000006 0.02961 0.027664
0 0.33626 0.46449000000000007 0.02961 0.027664
0 0.308832 0.47210799999999997 0.02961 0.027664
0 0.27828600000000003 0.47918400000000005 0.02961 0.027664
0 0.2471159999999999 0.482448 0.02961 0.027664
0 0.21844200000000003 0.4884360000000001 0.02961 0.027664
0 0.18914199999999992 0.4955099999999999 0.02961 0.027664
0 0.1274280000000001 0.504218 0.02961 0.027664
0 0.14426000000000005 0.532518 0.02961 0.027664
0 0.15548000000000006 0.5009520000000001 0.02961 0.027664
0 0.17418200000000006 0.5259860000000001 0.02961 0.027664
0 0.1897660000000001 0.549388 0.02961 0.027664
0 0.2034800000000001 0.5760540000000001 0.02961 0.027664
0 0.22031200000000006 0.600544 0.02961 0.027664
0 0.23527199999999993 0.626666 0.02961 0.027664
0 0.25023400000000007 0.6511560000000001 0.02961 0.027664
0 0.26644200000000007 0.674558 0.02961 0.027664
0 0.28265000000000007 0.7012240000000001 0.02961 0.027664
0 0.29760999999999993 0.724626 0.02961 0.027664
0 0.3163119999999999 0.743674 0.02961 0.027664
0 0.329402 0.71864 0.02961 0.027664
0 0.35683200000000004 0.713198 0.02961 0.027664
0 0.38426000000000005 0.706666 0.02961 0.027664
0 0.4154279999999999 0.699592 0.02961 0.027664
0 0.42789600000000005 0.669116 0.02961 0.027664
0 0.455948 0.6636740000000001 0.02961 0.027664
0 0.469662 0.6342859999999999 0.02961 0.027664
0 0.49958400000000003 0.6283000000000001 0.02961 0.027664
0 0.512052 0.6010880000000001 0.02961 0.027664
0 0.5351159999999999 0.59619 0.02961 0.027664
0 0.550702 0.565714 0.02961 0.027664
0 0.5818700000000001 0.562994 0.02961 0.027664
0 0.591844 0.5319719999999999 0.02961 0.027664
0 0.605558 0.503674 0.02961 0.027664
0 0.634234 0.49932 0.02961 0.027664
0 0.647324 0.4715640000000001 0.02961 0.027664
0 0.6572979999999999 0.44272200000000006 0.02961 0.027664
0 0.6716359999999999 0.41387799999999997 0.02961 0.027664
0 0.7059219999999999 0.383402 0.02961 0.027664
0 0.67974 0.38721000000000005 0.02961 0.027664
0 0.6572979999999999 0.39047600000000005 0.02961 0.027664
0 0.6286240000000001 0.39374200000000004 0.02961 0.027664
0 0.604312 0.40027199999999996 0.02961 0.027664
0 0.5775060000000001 0.40462599999999993 0.02961 0.027664
0 0.5500780000000001 0.408436 0.02961 0.027664
0 0.5220260000000001 0.41279 0.02961 0.027664
0 0.49272800000000005 0.41768800000000006 0.02961 0.027664
0 0.465298 0.42313 0.02961 0.027664
0 0.43849399999999994 0.42693800000000004 0.02961 0.027664
0 0.407948 0.4307479999999999 0.02961 0.027664
0 0.3811420000000001 0.435646 0.02961 0.027664
0 0.352468 0.44054400000000005 0.02961 0.027664
0 0.322546 0.4465300000000001 0.02961 0.027664
0 0.29075399999999996 0.45088400000000006 0.02961 0.027664
0 0.262702 0.4579599999999999 0.02961 0.027664
0 0.23402600000000007 0.46068 0.02961 0.027664
0 0.20285799999999998 0.4661219999999999 0.02961 0.027664
0 0.1735580000000001 0.469932 0.02961 0.027664
0 0.1112200000000001 0.4808159999999999 0.02961 0.027664
0 0.1411420000000001 0.4726539999999999 0.02961 0.027664
0 0.09989599999999998 0.5120640000000001 0.02961 0.027664
0 0.07745399999999991 0.4869840000000001 0.02961 0.027664
0 0.0639479999999999 0.5190920000000001 0.02961 0.027664
0 0.04691000000000001 0.4908840000000001 0.02961 0.027664
0 0.032572000000000045 0.52068 0.02961 0.027664
0 0.015479999999999938 0.49560000000000004 0.02961 0.027664
0 0.747376 0.3023119999999999 0.02961 0.027664
0 0.720936 0.302994 0.02961 0.027664
0 0.6960519999999999 0.30707400000000007 0.02961 0.027664
0 0.66961 0.3125180000000001 0.02961 0.027664
0 0.643168 0.315874 0.02961 0.027664
0 0.6182859999999999 0.31927400000000006 0.02961 0.027664
0 0.58639 0.324036 0.02961 0.027664
0 0.5607279999999999 0.3287979999999999 0.02961 0.027664
0 0.535064 0.33288000000000006 0.02961 0.027664
0 0.506286 0.3349200000000001 0.02961 0.027664
0 0.477506 0.3409979999999999 0.02961 0.027664
0 0.448728 0.34576000000000007 0.02961 0.027664
0 0.42228599999999994 0.3478000000000001 0.02961 0.027664
0 0.3957919999999999 0.35528399999999993 0.02961 0.027664
0 0.36239 0.35664399999999996 0.02961 0.027664
0 0.33438999999999997 0.3607260000000001 0.02961 0.027664
0 0.304832 0.36476200000000003 0.02961 0.027664
0 0.27683199999999997 0.370204 0.02961 0.027664
0 0.245714 0.3749659999999999 0.02961 0.027664
0 0.21693600000000002 0.3804080000000001 0.02961 0.027664
0 0.187376 0.38312999999999997 0.02961 0.027664
0 0.759064 0.27446799999999993 0.02961 0.027664
0 0.7310639999999999 0.27446799999999993 0.02961 0.027664
0 0.7084680000000001 0.2792300000000001 0.02961 0.027664
0 0.682806 0.28262999999999994 0.02961 0.027664
0 0.6579219999999999 0.28802799999999995 0.02961 0.027664
0 0.6275839999999999 0.29210800000000003 0.02961 0.027664
0 0.6011420000000001 0.29550999999999994 0.02961 0.027664
0 0.573142 0.29891200000000007 0.02961 0.027664
0 0.5490379999999999 0.304354 0.02961 0.027664
0 0.5225979999999999 0.3077559999999999 0.02961 0.027664
0 0.49537600000000004 0.3125180000000001 0.02961 0.027664
0 0.4634799999999999 0.316554 0.02961 0.027664
0 0.4362600000000001 0.31995400000000007 0.02961 0.027664
0 0.4051419999999999 0.324716 0.02961 0.027664
0 0.3787020000000001 0.32947799999999994 0.02961 0.027664
0 0.35148 0.33220000000000005 0.02961 0.027664
0 0.32192200000000004 0.337596 0.02961 0.027664
0 0.29236400000000007 0.3396380000000001 0.02961 0.027664
0 0.25891 0.34440000000000004 0.02961 0.027664
0 0.23090999999999995 0.349842 0.02961 0.027664
0 0.19823400000000002 0.35528399999999993 0.02961 0.027664
0 0.169454 0.358004 0.02961 0.027664
0 0.768364 0.24526000000000003 0.02961 0.027664
0 0.747376 0.24934199999999995 0.02961 0.027664
0 0.720936 0.2534240000000001 0.02961 0.027664
0 0.6976100000000001 0.256146 0.02961 0.027664
0 0.671168 0.25954600000000005 0.02961 0.027664
0 0.643168 0.26290199999999997 0.02961 0.027664
0 0.61439 0.269706 0.02961 0.027664
0 0.5887279999999999 0.27106600000000003 0.02961 0.027664
0 0.5599479999999999 0.27446799999999993 0.02961 0.027664
0 0.5319480000000001 0.2792300000000001 0.02961 0.027664
0 0.507064 0.28262999999999994 0.02961 0.027664
0 0.479012 0.2873920000000001 0.02961 0.027664
0 0.44950599999999996 0.2927900000000001 0.02961 0.027664
