0 0.271854 0.10163199999999994 0.093042 0.061578
0 0.080322 0.12557799999999997 0.09302 0.060188
0 0.466126 0.08521800000000002 0.083916 0.056094
0 0.642146 0.06058600000000003 0.089376 0.058828
0 0.831864 0.105734 0.08573 0.056094
0 0.172438 0.224078 0.094876 0.060188
0 0.366708 0.20013199999999998 0.096666 0.067046
0 0.562792 0.17482799999999998 0.091208 0.060188
0 0.760718 0.224078 0.09302 0.060188
0 0.951344 0.20150800000000002 0.087562 0.058828
0 0.273688 0.3294220000000001 0.093042 0.068406
0 0.479802 0.30206200000000005 0.100312 0.062938
0 0.684104 0.3547260000000001 0.096666 0.069766
0 0.880198 0.3314760000000001 0.094854 0.069766
0 0.811792 0.4737579999999999 0.114916 0.072516
