0 0.488122 0.058408000000000015 0.04418 0.061754
0 0.468882 0.11351200000000006 0.039902 0.061754
0 0.53337 0.05508399999999991 0.046314 0.057006
0 0.515202 0.10638799999999993 0.041328 0.064604
0 0.490616 0.15959199999999996 0.046314 0.066506
0 0.577192 0.05128400000000011 0.041328 0.057
0 0.560804 0.10306199999999999 0.04418 0.059852
0 0.622996 0.048937999999999926 0.042158 0.05542
0 0.663076 0.044187999999999894 0.047504 0.06334
0 0.601026 0.10159000000000007 0.039782 0.056216
0 0.644372 0.09644199999999992 0.038598 0.06334
0 0.706544 0.0365899999999999 0.040376 0.057006
0 0.749592 0.03262999999999994 0.042158 0.063334
0 0.688136 0.08963199999999993 0.042754 0.057006
0 0.730294 0.08884200000000009 0.040376 0.06492
0 0.6246 0.1498060000000001 0.03919 0.06492
0 0.669134 0.14545000000000008 0.038 0.062544
0 0.711886 0.1410960000000001 0.040376 0.060166
0 0.775124 0.08211400000000002 0.040972 0.059376
0 0.75672 0.13436800000000004 0.039782 0.057796
0 0.822926 0.07380000000000009 0.048694 0.06176
0 0.798282 0.12684600000000001 0.042158 0.05384
0 0.540282 0.1585160000000001 0.041564 0.057006
0 0.582442 0.15455599999999992 0.04869 0.063334
0 0.514156 0.2091860000000001 0.04157 0.05384
0 0.562252 0.20483000000000007 0.04394 0.056216
0 0.537906 0.2574780000000001 0.04869 0.058586
0 0.607678 0.1992879999999999 0.038598 0.04513
0 0.64954 0.19176799999999994 0.035626 0.052254
0 0.692294 0.18860199999999994 0.03919 0.052254
0 0.738014 0.18424400000000007 0.043944 0.056216
0 0.780768 0.17553799999999997 0.041564 0.059382
0 0.863304 0.0741940000000001 0.042754 0.057796
0 0.843412 0.12288600000000005 0.042158 0.058586
0 0.820252 0.16999399999999998 0.038598 0.051456
0 0.801848 0.225414 0.040972 0.05463
0 0.758796 0.23016400000000004 0.04038 0.053044
0 0.719906 0.23491400000000007 0.038598 0.05621
0 0.673292 0.24204399999999993 0.036814 0.05463
0 0.63202 0.24401800000000007 0.038598 0.061754
0 0.591056 0.25232999999999994 0.043352 0.056204
0 0.565814 0.3077540000000001 0.04988 0.060962
0 0.588378 0.354862 0.05344 0.06334
0 0.607678 0.30023200000000005 0.038598 0.060166
0 0.654586 0.29429400000000006 0.046912 0.056216
0 0.6341 0.34536199999999995 0.04394 0.050672
0 0.61035 0.40276 0.049876 0.05305
0 0.69437 0.28875000000000006 0.039788 0.051462
0 0.677446 0.33981799999999995 0.040376 0.052254
0 0.740562 0.2799480000000001 0.044524 0.053808
0 0.721032 0.33015799999999995 0.044538 0.052254
0 0.655122 0.39151800000000003 0.038598 0.05621
0 0.633746 0.449314 0.046908 0.062544
0 0.699952 0.38835200000000003 0.045126 0.059382
0 0.679468 0.44060199999999994 0.042158 0.057796
0 0.659276 0.49563 0.043348 0.063334
0 0.783676 0.2786979999999999 0.041564 0.058592
0 0.761706 0.3313459999999999 0.042754 0.060962
0 0.744784 0.38558000000000003 0.039782 0.05384
0 0.726378 0.43545999999999996 0.043348 0.057006
0 0.707374 0.490086 0.045722 0.063334
0 0.906888 0.06849599999999989 0.045722 0.057796
0 0.886104 0.1128340000000001 0.044532 0.060962
0 0.867104 0.1682539999999999 0.038598 0.062544
0 0.847212 0.22090199999999993 0.041564 0.060172
0 0.82821 0.2727599999999999 0.042754 0.05779
0 0.807428 0.32421999999999995 0.047504 0.057796
0 0.789912 0.37687000000000004 0.042158 0.058592
0 0.770614 0.43189600000000006 0.042754 0.059382
0 0.944892 0.06216400000000011 0.035032 0.06413
0 0.928562 0.11124599999999996 0.042754 0.060962
0 0.908672 0.1666700000000001 0.040972 0.06255
0 0.89145 0.21694199999999997 0.042158 0.058586
0 0.874824 0.2703819999999999 0.046908 0.062544
0 0.851666 0.32303400000000004 0.042158 0.058586
0 0.833852 0.37370400000000004 0.049288 0.05226
0 0.9725 0.10650000000000004 0.041564 0.060962
0 0.95172 0.15717000000000003 0.038004 0.059376
0 0.930342 0.2074419999999999 0.03325 0.050672
0 0.813366 0.42437400000000003 0.038 0.053834
0 0.750424 0.48335799999999995 0.03919 0.060962
0 0.793474 0.475438 0.039782 0.060962
0 0.914608 0.26088200000000006 0.038598 0.059382
0 0.95647 0.254154 0.045126 0.063334
0 0.89709 0.32026200000000005 0.045126 0.059376
0 0.879278 0.3693519999999999 0.041564 0.05463
0 0.857604 0.422396 0.046912 0.05621
0 0.941624 0.31155200000000005 0.04275 0.051462
0 0.919942 0.35983600000000004 0.04095 0.051438
0 0.899764 0.41764599999999996 0.042158 0.056216
0 0.837414 0.47187599999999996 0.038598 0.057
0 0.687484 0.5470919999999999 0.047504 0.060172
0 0.730828 0.533234 0.041564 0.062544
0 0.7721 0.530862 0.043348 0.06413
0 0.816928 0.527692 0.038004 0.067296
0 0.710644 0.592212 0.04751 0.061746
0 0.884324 0.4659420000000001 0.038592 0.051462
0 0.863838 0.5229440000000001 0.04038 0.05621
0 0.84543 0.574802 0.041564 0.060172
0 0.800004 0.577574 0.040972 0.060962
0 0.75755 0.5882620000000001 0.04038 0.058586
0 0.966862 0.3578699999999999 0.043342 0.060172
0 0.945782 0.40972600000000003 0.038 0.057796
0 0.925592 0.4623759999999999 0.039194 0.061754
0 0.968344 0.45802199999999993 0.038004 0.053044
0 0.90778 0.5189839999999999 0.042754 0.056216
0 0.952612 0.5118579999999999 0.040972 0.059382
0 0.932422 0.564114 0.042158 0.053044
0 0.885512 0.5704480000000001 0.040968 0.051462
0 0.73647 0.6353679999999999 0.044532 0.059376
0 0.7813 0.629828 0.04038 0.060962
0 0.760814 0.6848479999999999 0.045722 0.06334
0 0.82554 0.6262620000000001 0.039782 0.06176
0 0.80624 0.6765380000000001 0.043944 0.060962
0 0.784568 0.7335400000000001 0.049282 0.06571
0 0.869182 0.6207199999999999 0.03919 0.057006
0 0.849588 0.6713880000000001 0.038 0.061754
0 0.83029 0.7303740000000001 0.038598 0.056216
0 0.913122 0.6151800000000001 0.04157 0.047506
0 0.891746 0.670204 0.041564 0.062544
0 0.87512 0.723246 0.04275 0.05621
0 0.851962 0.7762960000000001 0.04038 0.05463
0 0.877792 0.8269660000000001 0.046908 0.06413
0 0.923516 0.82063 0.043348 0.060962
0 0.968642 0.8198399999999999 0.043348 0.062544
0 0.971612 0.56134 0.039788 0.066506
0 0.953798 0.6112200000000001 0.038598 0.060166
0 0.935984 0.663476 0.040968 0.060172
0 0.918466 0.71929 0.03919 0.05779
0 0.897686 0.776294 0.046314 0.06413
0 0.962408 0.713746 0.041564 0.060962
0 0.942218 0.772732 0.046314 0.071254
0 0.439862 0.06448399999999999 0.051462 0.069932
