0 0.34396800000000005 0.07215799999999994 0.045224 0.061096
0 0.3167819999999999 0.12104399999999993 0.05267 0.05839
0 0.28473400000000004 0.165856 0.045772 0.055684
0 0.25611800000000007 0.214418 0.049206 0.05637
0 0.22263999999999995 0.26328799999999997 0.049784 0.055
0 0.1943140000000001 0.31118200000000007 0.046926 0.05702
0 0.16027400000000003 0.35837399999999997 0.049784 0.059076
0 0.13051999999999997 0.4103079999999999 0.052092 0.061096
0 0.140822 0.685994 0.045224 0.055684
0 0.10848400000000002 0.7376020000000001 0.046926 0.055684
0 0.386884 0.37873200000000007 0.045224 0.05637
0 0.3585560000000001 0.42524000000000006 0.040058 0.054316
0 0.326508 0.47652399999999995 0.043492 0.059076
0 0.2959020000000001 0.5260959999999999 0.04179 0.055
0 0.2675620000000001 0.5739559999999999 0.045772 0.05702
0 0.23809600000000009 0.622174 0.045194 0.05976
0 0.20720000000000005 0.6747939999999999 0.045224 0.055
0 0.17401200000000006 0.725034 0.042914 0.05363
0 0.4217900000000001 0.4208400000000001 0.045194 0.053664
0 0.391184 0.46837400000000007 0.042338 0.053664
0 0.3599859999999999 0.515566 0.04176 0.05298
0 0.527128 0.05775599999999992 0.04635 0.059076
0 0.499668 0.10393800000000009 0.049784 0.055
0 0.4710540000000001 0.15113 0.04635 0.054316
0 0.4430160000000001 0.19660999999999995 0.04176 0.055684
0 0.412396 0.24448599999999998 0.043492 0.05637
0 0.384358 0.29101 0.041212 0.05435
0 0.3537380000000001 0.3392299999999999 0.03948 0.05161
0 0.5857859999999999 0.05469199999999996 0.0458 0.054316
0 0.5586 0.1019000000000001 0.042914 0.052294
0 0.53 0.1443319999999999 0.04176 0.05298
0 0.5028140000000001 0.1908399999999999 0.043492 0.059076
0 0.47620400000000007 0.2373639999999999 0.042914 0.057054
0 0.44444400000000006 0.28320199999999995 0.044618 0.057706
0 0.416118 0.330376 0.045224 0.055684
0 0.642728 0.05164400000000002 0.04407 0.055
0 0.6175459999999999 0.0944339999999999 0.04635 0.053664
0 0.5892200000000001 0.1399140000000001 0.042338 0.052294
0 0.560044 0.18303000000000003 0.043492 0.05976
0 0.5308520000000001 0.23056600000000005 0.041212 0.05298
0 0.505382 0.27811600000000003 0.04176 0.055684
0 0.476494 0.326986 0.044646 0.055684
0 0.44845599999999997 0.371472 0.045772 0.05637
0 0.7010959999999999 0.046216000000000035 0.045194 0.056336
0 0.673044 0.09001799999999993 0.040634 0.05161
0 0.6470119999999999 0.1365240000000001 0.041212 0.052294
0 0.6181099999999999 0.1810099999999999 0.042914 0.05161
0 0.5935060000000001 0.22582199999999997 0.040634 0.054316
0 0.5626119999999999 0.27335599999999993 0.04176 0.055684
0 0.755166 0.04349399999999992 0.044646 0.05637
0 0.7311399999999999 0.08763600000000005 0.045772 0.05637
0 0.70137 0.1321239999999999 0.043492 0.057054
0 0.6750499999999999 0.17625000000000002 0.043492 0.05839
0 0.6498839999999999 0.2220899999999999 0.042338 0.05226
0 0.622698 0.26520600000000005 0.042914 0.052946
0 0.5952379999999999 0.31409200000000004 0.040634 0.05024
0 0.5360020000000001 0.31715800000000005 0.040028 0.05363
0 0.5079659999999999 0.3663700000000001 0.040058 0.054316
0 0.47821 0.4115420000000001 0.042366 0.05363
0 0.4515880000000001 0.4607699999999999 0.042914 0.05024
0 0.421848 0.5082880000000001 0.04179 0.054316
0 0.5663339999999999 0.35720799999999997 0.043492 0.056336
0 0.5411539999999999 0.40405800000000003 0.044618 0.060446
0 0.5122519999999999 0.454982 0.04176 0.060446
0 0.48479000000000005 0.4998119999999999 0.040634 0.053664
0 0.809812 0.03806599999999993 0.045194 0.056336
0 0.7837799999999999 0.08287599999999995 0.040058 0.05637
0 0.7596099999999999 0.122722 0.036334 0.055924
0 0.7320059999999999 0.17051400000000005 0.042424 0.053424
0 0.706464 0.2146920000000001 0.040982 0.05548
0 0.863116 0.035565999999999987 0.04531 0.054692
0 0.83847 0.07823599999999997 0.044502 0.050446
0 0.9167540000000001 0.031557999999999975 0.046898 0.062706
0 0.8911260000000001 0.07540999999999998 0.045686 0.053288
0 0.7475320000000001 0.5057879999999999 0.040058 0.053424
0 0.802324 0.49695200000000006 0.041068 0.053836
0 0.573998 0.529366 0.036768 0.051062
0 0.33072199999999996 0.5634939999999999 0.040318 0.062192
0 0.39388200000000007 0.5536300000000001 0.043636 0.05911
0 0.456032 0.547706 0.042396 0.054316
0 0.5158739999999999 0.5410280000000001 0.039884 0.053768
0 0.30059199999999997 0.6135440000000001 0.042396 0.05565
0 0.27233799999999997 0.6653420000000001 0.043204 0.054726
0 0.24303000000000008 0.7143839999999999 0.046118 0.05815
0 0.21165999999999996 0.7654620000000001 0.046522 0.058664
0 0.365008 0.602946 0.048226 0.05815
0 0.33447399999999994 0.6532359999999999 0.044474 0.057158
0 0.304546 0.7047779999999999 0.0428 0.05565
0 0.2752380000000001 0.752894 0.04404 0.05524
0 0.244502 0.8049139999999999 0.04987 0.059692
0 0.4271419999999999 0.593596 0.041126 0.051302
0 0.3982540000000001 0.644144 0.043204 0.05274
0 0.3683399999999999 0.6927220000000001 0.04404 0.056198
0 0.33715800000000007 0.7454799999999999 0.044878 0.05226
0 0.308484 0.7930140000000001 0.04404 0.053768
0 0.28002799999999994 0.8455999999999999 0.051948 0.063116
0 0.51583 0.6244179999999999 0.037316 0.049794
0 0.5482819999999999 0.5785279999999999 0.046522 0.056644
0 0.6060460000000001 0.568168 0.04407 0.05565
0 0.664026 0.5610440000000001 0.040318 0.053254
0 0.7751939999999999 0.5425 0.039048 0.05274
0 0.7220059999999999 0.5511820000000001 0.044878 0.05524
0 0.805946 0.582962 0.043232 0.055788
0 0.748802 0.591386 0.043636 0.05572
0 0.6935199999999999 0.59822 0.0428 0.05178
0 0.4587300000000001 0.636746 0.041962 0.057672
0 0.4286000000000001 0.6843319999999999 0.041558 0.053254
0 0.4001159999999999 0.7341439999999999 0.043636 0.05822
0 0.372698 0.7844519999999999 0.041154 0.05226
0 0.58091 0.6159939999999999 0.041126 0.053698
0 0.6386719999999999 0.6085959999999999 0.044444 0.054794
0 0.669438 0.6443319999999999 0.043636 0.05524
0 0.724488 0.6364719999999999 0.042396 0.054316
0 0.49134199999999995 0.674658 0.041558 0.048836
0 0.55036 0.66459 0.042366 0.052328
0 0.6114440000000001 0.655206 0.044878 0.048288
0 0.4603900000000001 0.7198279999999999 0.03697 0.052328
0 0.4339980000000001 0.768424 0.046522 0.054726
0 0.5212699999999999 0.7136819999999999 0.04075 0.047842
0 0.5813280000000001 0.703818 0.036998 0.048802
0 0.64303 0.691422 0.04404 0.052774
0 0.694142 0.682364 0.037402 0.05226
0 0.34193399999999996 0.8325180000000001 0.043636 0.057706
0 0.40303 0.8253760000000001 0.041962 0.057192
0 0.49463199999999996 0.7615419999999999 0.047216 0.056028
0 0.554012 0.750804 0.042914 0.054898
0 0.6150500000000001 0.7406159999999999 0.04482 0.052602
0 0.6715580000000001 0.7287319999999999 0.042454 0.057124
0 0.46412600000000004 0.8119179999999999 0.038614 0.057124
0 0.532078 0.8022940000000001 0.04482 0.052602
0 0.586436 0.78928 0.042944 0.053768
0 0.05669600000000008 0.23207200000000006 0.049784 0.059076
0 0.216364 0.07828799999999991 0.047504 0.054384
0 0.18632000000000004 0.12885199999999997 0.046926 0.057706
0 0.1571419999999999 0.1770719999999999 0.05264 0.057706
0 0.12313200000000002 0.22832199999999991 0.046436 0.056986
0 0.09103799999999995 0.277226 0.04863 0.055684
0 0.060143999999999975 0.32475999999999994 0.047504 0.061096
0 0.02695599999999998 0.373648 0.047504 0.05976
0 0.2793079999999999 0.074538 0.045194 0.059076
0 0.25040400000000007 0.12409200000000009 0.046898 0.052294
0 0.22236600000000006 0.1702920000000001 0.045772 0.059076
0 0.18917800000000007 0.2205140000000001 0.050332 0.05637
0 0.15826800000000008 0.2683899999999999 0.046926 0.061096
0 0.12650800000000006 0.31864800000000004 0.04863 0.05839
0 0.09418400000000005 0.365154 0.048052 0.059076
0 0.061283999999999894 0.41811599999999993 0.047474 0.05774
0 0.031239999999999934 0.4663360000000001 0.051516 0.06452
0 0.11220800000000009 0.8302400000000001 0.0415 0.056028
0 0.07643599999999995 0.7855479999999999 0.043376 0.052602
0 0.21496399999999993 0.859674 0.0458 0.057158
0 0.17845599999999995 0.8189219999999999 0.047128 0.055994
0 0.14486200000000005 0.774794 0.042914 0.057124
0 0.08440200000000009 0.08987999999999996 0.049206 0.06113
0 0.051847999999999894 0.14073599999999997 0.051516 0.05839
0 0.1505479999999999 0.08573600000000003 0.04863 0.06113
0 0.12023000000000006 0.1336139999999999 0.052064 0.059076
0 0.08875999999999995 0.183168 0.049784 0.059076
0 0.09875999999999996 0.4602219999999999 0.04808 0.060446
0 0.0661480000000001 0.5121739999999999 0.049236 0.05976
0 0.4066240000000001 0.06842400000000004 0.049206 0.05774
0 0.3780079999999999 0.11765399999999993 0.046926 0.05839
0 0.348816 0.16212399999999993 0.043492 0.06041
0 0.32166000000000006 0.20796199999999998 0.049784 0.05702
0 0.289034 0.25447 0.048658 0.052294
0 0.2578499999999999 0.30540999999999996 0.044646 0.055
0 0.2275180000000001 0.35464000000000007 0.0458 0.05702
0 0.19604599999999994 0.4035280000000001 0.044618 0.061096
0 0.16657999999999995 0.45207200000000003 0.047504 0.056336
0 0.1339539999999999 0.501986 0.04863 0.061096
0 0.46526599999999996 0.06366399999999994 0.04407 0.05774
0 0.43867199999999995 0.109178 0.045772 0.055
0 0.4103460000000001 0.1553420000000001 0.04863 0.05774
0 0.38116799999999995 0.20356200000000002 0.042914 0.055
0 0.35197600000000007 0.24938400000000005 0.047504 0.057054
0 0.32050599999999996 0.29623200000000005 0.045224 0.055684
0 0.29132800000000003 0.345804 0.04407 0.05839
0 0.26041800000000004 0.39402399999999993 0.04407 0.05839
0 0.2312399999999999 0.44392199999999993 0.04863 0.056336
0 0.19919200000000004 0.49179799999999996 0.04635 0.05976
0 0.17144399999999993 0.5403420000000001 0.049206 0.055
0 0.03411199999999992 0.5597080000000001 0.045772 0.05976
0 0.103348 0.55291 0.044618 0.058424
0 0.06900400000000007 0.601798 0.044618 0.05976
0 0.03811000000000009 0.655446 0.05036 0.061096
0 0.1371 0.595 0.044646 0.054316
0 0.1059159999999999 0.645256 0.047504 0.05702
0 0.0721639999999999 0.695154 0.04407 0.059076
0 0.04183200000000009 0.7498279999999999 0.04407 0.057054
0 0.32363600000000003 0.38926400000000005 0.040058 0.05839
0 0.2953239999999999 0.4361139999999999 0.04635 0.05298
0 0.26300199999999996 0.4836480000000001 0.045772 0.05702
0 0.2346600000000001 0.5335620000000001 0.047504 0.06178
0 0.2051940000000001 0.580754 0.046926 0.062466
0 0.1742999999999999 0.6326879999999999 0.048052 0.060446
0 0.8150360000000001 0.12185000000000001 0.04052 0.052808
0 0.787418 0.16618200000000005 0.040924 0.051884
0 0.760794 0.20909200000000006 0.041702 0.054692
0 0.737546 0.25532599999999994 0.048484 0.059418
0 0.680318 0.26143800000000006 0.042136 0.056576
0 0.865094 0.11619800000000002 0.042914 0.05
0 0.920534 0.11431600000000008 0.040144 0.055616
0 0.8430599999999999 0.16099400000000008 0.040924 0.057534
0 0.894314 0.15510200000000007 0.040116 0.053288
0 0.816826 0.20248200000000005 0.04254 0.050924
0 0.866898 0.1996739999999999 0.041732 0.054692
0 0.922526 0.1987319999999999 0.043318 0.053768
0 0.7901879999999999 0.24941799999999992 0.040924 0.053288
0 0.846624 0.2437499999999999 0.04251 0.054212
0 0.897878 0.23880199999999996 0.039336 0.057534
0 0.8748339999999999 0.284778 0.044906 0.05613
0 0.651718 0.3053079999999999 0.04052 0.052808
0 0.710332 0.2989379999999999 0.037748 0.052328
0 0.7655700000000001 0.2930299999999999 0.037748 0.05565
0 0.819812 0.28762 0.042914 0.050446
0 0.623694 0.3517459999999999 0.039366 0.053288
0 0.5972580000000001 0.3974819999999999 0.041328 0.053254
0 0.5716300000000001 0.44297999999999993 0.044098 0.057534
0 0.682712 0.34395599999999993 0.04531 0.054692
0 0.739336 0.339726 0.040924 0.053768
0 0.795166 0.33123199999999997 0.047706 0.053768
0 0.8480080000000001 0.324624 0.042914 0.052808
0 0.878614 0.36400600000000005 0.050852 0.057054
0 0.655888 0.388768 0.043318 0.052808
0 0.6286579999999999 0.43875 0.04052 0.050924
0 0.543622 0.4910779999999999 0.042106 0.051884
0 0.6014440000000001 0.481422 0.04329 0.055172
0 0.7112700000000001 0.3845719999999999 0.042396 0.051472
0 0.7713699999999999 0.3766959999999999 0.048024 0.056198
0 0.82518 0.37061600000000006 0.041068 0.053424
0 0.684272 0.42739799999999994 0.041386 0.05541
0 0.6605920000000001 0.47356200000000004 0.041068 0.052672
0 0.633116 0.5199320000000001 0.03974 0.055
0 0.7442139999999999 0.4220900000000001 0.041386 0.05185
0 0.7147479999999999 0.46813400000000005 0.03544 0.047294
0 0.689408 0.5136480000000001 0.039076 0.048732
0 0.7970280000000001 0.4138360000000001 0.040404 0.055822
0 0.850678 0.409316 0.040404 0.056164
0 0.8273299999999999 0.4533400000000001 0.042078 0.056198
0 0.7723660000000001 0.46039399999999997 0.040086 0.053048
