0 0.914478 0.505696 0.050236 0.073902
0 0.94707 0.458162 0.048484 0.072736
0 0.949326 0.560942 0.046398 0.0713
0 0.913148 0.61018 0.05761 0.072018
0 0.882794 0.65805 0.042828 0.076726
0 0.947812 0.66314 0.047408 0.073364
0 0.915168 0.710538 0.047038 0.066548
0 0.881246 0.757354 0.05091 0.076234
0 0.945236 0.76186 0.049932 0.072332
0 0.914444 0.811278 0.043636 0.069104
0 0.880758 0.859372 0.051886 0.08009
0 0.845118 0.912332 0.055286 0.078744
0 0.978216 0.810964 0.041212 0.06973
0 0.942812 0.859394 0.043132 0.06973
0 0.914696 0.911996 0.04899 0.069104
0 0.88197 0.961726 0.046566 0.070358
0 0.974326 0.907826 0.045084 0.06973
0 0.944984 0.954642 0.048484 0.07296
