0 0.23575 0.071856 0.130166 0.095062
0 0.476216 0.124388 0.1318 0.09885
0 0.7184 0.168688 0.147 0.09885
0 0.526 0.302862 0.123366 0.09885
0 0.2855 0.254132 0.141934 0.097588
0 0.093116 0.381968 0.128434 0.095062
0 0.335292 0.431332 0.130116 0.097588
0 0.1429 0.564238 0.136866 0.09505
0 0.776626 0.357926 0.121684 0.092526
0 0.582542 0.486394 0.135184 0.103912
0 0.3893 0.624994 0.1335 0.097588
0 0.191 0.7522 0.138566 0.09885
0 0.242476 0.94145 0.14025 0.10515
0 0.4433 0.810424 0.136866 0.096326
0 0.6433 0.679424 0.128434 0.100126
0 0.830624 0.54525 0.145316 0.09505
0 0.886316 0.733212 0.1318 0.096326
0 0.693916 0.871188 0.131834 0.096326
