0 0.7578339999999999 0.314256 0.098066 0.063412
0 0.5856920000000001 0.340832 0.087916 0.055812
0 0.7097420000000001 0.414244 0.089616 0.060888
0 0.8827160000000001 0.385132 0.0913 0.060888
0 0.8430580000000001 0.488924 0.103116 0.068474
0 0.5359 0.441456 0.096366 0.059612
0 0.661634 0.518038 0.101434 0.06595
0 0.4853080000000001 0.545888 0.09305 0.06595
0 0.265034 0.5693 0.087934 0.064676
0 0.08867599999999998 0.590832 0.08625 0.064662
0 0.20511600000000008 0.677518 0.096366 0.063412
0 0.43379999999999996 0.654738 0.094666 0.06595
0 0.608476 0.626262 0.09975 0.0748
0 0.7991839999999999 0.59715 0.099734 0.072274
0 0.746866 0.710432 0.113234 0.081138
0 0.5569999999999999 0.742074 0.101434 0.068474
0 0.3747339999999999 0.771818 0.101434 0.067212
0 0.140142 0.788276 0.108184 0.06975
0 0.08107599999999993 0.907888 0.101416 0.076076
0 0.307226 0.888906 0.104816 0.073538
0 0.5038419999999999 0.862326 0.103116 0.07355
0 0.697924 0.830682 0.106484 0.073538
0 0.6405339999999999 0.961056 0.109866 0.073538
0 0.8489660000000001 0.932574 0.111566 0.06975
0 0.9004920000000001 0.8052 0.119684 0.079124
0 0.935934 0.689006 0.101466 0.077612
0 0.103016 0.320582 0.084566 0.050762
0 0.1604000000000001 0.230706 0.0913 0.053288
0 0.313974 0.202232 0.091316 0.057088
0 0.42701600000000006 0.266782 0.091366 0.059612
0 0.26165799999999995 0.297162 0.081184 0.059624
0 0.2076499999999999 0.388932 0.0913 0.065938
0 0.04732599999999998 0.416782 0.087916 0.063412
0 0.14774200000000004 0.488924 0.08625 0.06595
0 0.321566 0.462982 0.086234 0.067212
0 0.3738919999999999 0.36235 0.089616 0.05835
0 0.636326 0.247168 0.094684 0.055812
