0 0.09357799999999994 0.968834 0.039066 0.061734
0 0.16852200000000006 0.925666 0.0454 0.070466
0 0.22157800000000005 0.92845 0.038534 0.0681
0 0.19596600000000008 0.883334 0.040112 0.064934
0 0.2769999999999999 0.926866 0.038534 0.063334
0 0.24848800000000004 0.883716 0.0396 0.0673
0 0.2218340000000001 0.838984 0.041178 0.060166
0 0.11971200000000004 0.926866 0.038534 0.0602
0 0.14345600000000003 0.8861 0.038512 0.0594
0 0.17037799999999992 0.840166 0.037466 0.062534
0 0.06772200000000006 0.926466 0.035888 0.0594
0 0.09384400000000004 0.883716 0.0396 0.059366
0 0.3292440000000001 0.930416 0.038534 0.0673
0 0.302322 0.883716 0.040644 0.0673
0 0.27435600000000004 0.839384 0.041688 0.0673
0 0.2461120000000001 0.79425 0.038 0.0657
0 0.11733400000000005 0.84215 0.038 0.061766
0 0.14266599999999996 0.801366 0.036934 0.0578
0 0.194388 0.796634 0.040112 0.064134
0 0.3250219999999999 0.840966 0.031156 0.068866
0 0.300478 0.793066 0.043266 0.069666
0 0.27435600000000004 0.748734 0.041688 0.064934
0 0.21946599999999994 0.7511 0.037466 0.064934
0 0.24637799999999999 0.704384 0.041688 0.0665
0 0.27171199999999995 0.658084 0.0396 0.0673
0 0.16747800000000002 0.752684 0.036956 0.061766
0 0.19385600000000003 0.70915 0.036956 0.0649
0 0.21839999999999993 0.663216 0.038534 0.061766
0 0.244788 0.616116 0.040644 0.0641
0 0.018888000000000016 0.92765 0.035378 0.061766
0 0.04343399999999997 0.884516 0.036956 0.062566
0 0.06718800000000003 0.84295 0.034822 0.060166
0 0.09146600000000005 0.800184 0.038 0.060166
0 0.11733400000000005 0.755466 0.038 0.062534
0 0.14213399999999998 0.710334 0.041156 0.0594
0 0.16748800000000008 0.665634 0.040134 0.0634
0 0.1936 0.619284 0.037466 0.0689
0 0.21761199999999992 0.571384 0.035888 0.058566
0 0.09067800000000004 0.713516 0.036422 0.060966
0 0.11733400000000005 0.668766 0.039066 0.063334
0 0.14161200000000007 0.625216 0.039044 0.060166
0 0.16694399999999998 0.5789 0.038022 0.062534
0 0.1938660000000001 0.5318 0.039066 0.068066
0 0.06638799999999989 0.673116 0.035356 0.062566
0 0.09200000000000008 0.629184 0.033778 0.0665
0 0.11653399999999992 0.585634 0.038534 0.061734
0 0.14266599999999996 0.5409 0.036934 0.065734
0 0.019943999999999962 0.840584 0.035356 0.0665
0 0.04343399999999997 0.802166 0.032734 0.062534
0 0.067712 0.757834 0.033778 0.064134
0 0.04317799999999994 0.71785 0.034312 0.060166
0 0.018888000000000016 0.759816 0.033244 0.061766
0 0.019377999999999895 0.67605 0.035378 0.0627
0 0.041655999999999915 0.63505 0.0386 0.060634
0 0.06508800000000003 0.589216 0.035822 0.0627
0 0.0910439999999999 0.54235 0.042712 0.0627
0 0.04243400000000008 0.55105 0.036956 0.0665
0 0.06617800000000007 0.504734 0.029556 0.0578
0 0.11527799999999999 0.499966 0.035888 0.062534
0 0.09073400000000009 0.4584 0.035378 0.063334
0 0.019055999999999962 0.5126 0.036956 0.064666
0 0.04104400000000008 0.464784 0.034312 0.066634
