0 0.437254 0.731463 0.079408 0.056388
0 0.117875 0.035928 0.065083 0.047531
0 0.537671 0.658681 0.072658 0.055125
0 0.238108 0.062194 0.065900 0.049425
0 0.359200 0.084344 0.073500 0.049425
0 0.263000 0.151431 0.061683 0.049425
0 0.142750 0.127066 0.070967 0.048794
0 0.046558 0.190984 0.064217 0.047531
0 0.167646 0.215666 0.065058 0.048794
0 0.071450 0.282119 0.068433 0.047525
0 0.388313 0.178963 0.060842 0.046263
0 0.291271 0.243197 0.067592 0.051956
0 0.194650 0.312497 0.066750 0.048794
0 0.095500 0.376100 0.069283 0.049425
0 0.121238 0.470725 0.070125 0.052575
0 0.221650 0.405212 0.068433 0.048163
0 0.321650 0.339712 0.064217 0.050063
0 0.415312 0.272625 0.072658 0.047525
0 0.443158 0.366606 0.065900 0.048163
0 0.346958 0.435594 0.065917 0.048163
0 0.249921 0.500781 0.067592 0.050687
0 0.150346 0.568178 0.067592 0.053856
0 0.173975 0.669122 0.069283 0.054494
0 0.278192 0.599506 0.066750 0.049425
0 0.378604 0.531472 0.065058 0.052594
0 0.476917 0.463122 0.064217 0.052594
0 0.506025 0.559003 0.071817 0.051956
0 0.404346 0.629884 0.067592 0.051956
0 0.304771 0.701719 0.067592 0.055125
