0 0.18230600000000008 0.03852000000000011 0.04138 0.063946
0 0.20765999999999996 0.08040399999999992 0.036532 0.06278
0 0.15328199999999992 0.082376 0.045892 0.064484
0 0.06914200000000004 0.045044000000000084 0.043334 0.063364
0 0.09868600000000005 0.08690599999999993 0.048014 0.062242
0 0.0353699999999999 0.09652400000000005 0.045488 0.06453
0 0.26220599999999994 0.07425999999999999 0.038552 0.055068
0 0.31705399999999995 0.07078399999999996 0.042054 0.062826
0 0.409462 0.06257800000000002 0.03825 0.061122
0 0.36166600000000004 0.06710799999999995 0.04037 0.066772
0 0.5456399999999999 0.05237599999999998 0.037812 0.0713
0 0.4587540000000001 0.060874000000000095 0.03569 0.058878
0 0.501868 0.05522399999999994 0.035252 0.065606
0 0.594074 0.05096400000000001 0.031852 0.056008
0 0.06883799999999995 0.13937200000000005 0.045354 0.066636
0 0.035387999999999975 0.18625599999999998 0.047138 0.070538
0 0.0371220000000001 0.27576200000000006 0.044814 0.074394
0 0.18087600000000004 0.12437199999999993 0.041886 0.06139
0 0.15225599999999995 0.17087399999999997 0.041886 0.079956
0 0.09536999999999995 0.2713000000000001 0.048182 0.070672
0 0.06287799999999999 0.318252 0.04468 0.066008
0 0.03287799999999996 0.37031400000000003 0.05027 0.075336
0 0.23568999999999996 0.11739999999999995 0.043974 0.07157
0 0.20705400000000007 0.16759999999999997 0.042592 0.067848
0 0.17878799999999995 0.21271400000000007 0.047474 0.065068
0 0.15016800000000008 0.2601340000000001 0.0433 0.078116
0 0.0929120000000001 0.35867800000000005 0.048856 0.074394
0 0.06218799999999991 0.41076200000000007 0.04606 0.072556
0 0.29084200000000004 0.11553799999999992 0.041212 0.067848
0 0.26361999999999997 0.159238 0.042592 0.07157
0 0.23638000000000003 0.20621 0.042592 0.06695
0 0.20479800000000004 0.25181600000000004 0.041852 0.065516
0 0.1769019999999999 0.301188 0.037442 0.062556
0 0.230858 0.2943279999999999 0.044074 0.066502
0 0.20405800000000007 0.33979800000000004 0.041852 0.063542
0 0.17358600000000002 0.39015599999999995 0.042592 0.062556
0 0.14754200000000006 0.438566 0.046262 0.06547
0 0.09392200000000006 0.447848 0.049192 0.06843
0 0.060168 0.4986999999999999 0.0433 0.072376
0 0.030437999999999965 0.5480719999999999 0.047004 0.067444
0 0.360808 0.14571800000000001 0.039664 0.066502
0 0.3116159999999999 0.24204000000000003 0.045522 0.073318
0 0.2835700000000001 0.28769 0.044782 0.063542
0 0.25545400000000007 0.33491000000000004 0.040404 0.065516
0 0.22829999999999995 0.38136799999999993 0.041852 0.062556
0 0.19892200000000004 0.428296 0.05064 0.070404
0 0.17357 0.475538 0.03926 0.067938
0 0.14501600000000003 0.524418 0.044378 0.073318
0 0.43266000000000004 0.1027800000000001 0.032122 0.063228
0 0.409006 0.14040399999999997 0.035388 0.061974
0 0.48003400000000007 0.09908000000000006 0.038788 0.054216
0 0.38316400000000006 0.18531399999999998 0.03926 0.060404
0 0.359696 0.22979799999999995 0.03825 0.063812
0 0.45658200000000004 0.13948399999999994 0.037206 0.05843
0 0.43032000000000004 0.18666000000000005 0.037744 0.057714
0 0.406868 0.22605399999999998 0.03468 0.054978
0 0.38136400000000004 0.27053799999999995 0.038754 0.061076
0 0.35306400000000004 0.3143499999999999 0.03926 0.06314
0 0.352306 0.394798 0.039764 0.063856
0 0.612846 0.08822799999999997 0.035656 0.059058
0 0.588384 0.12592000000000003 0.029562 0.05704
0 0.565942 0.16699599999999992 0.032626 0.053632
0 0.5427439999999999 0.206704 0.036196 0.05843
0 0.49787800000000004 0.21280199999999994 0.03724 0.061122
0 0.47568999999999995 0.2559419999999999 0.03771 0.055022
0 0.4517340000000001 0.300762 0.036734 0.060448
0 0.42574 0.347264 0.033636 0.046188
0 0.5621039999999999 0.24609799999999993 0.036196 0.05435
0 0.541212 0.284462 0.03724 0.060404
0 0.497104 0.2905819999999999 0.0367 0.061794
0 0.47161600000000004 0.3343719999999999 0.03468 0.05296
0 0.6923900000000001 0.08278000000000008 0.028552 0.053632
0 0.671986 0.11876599999999993 0.030572 0.056368
0 0.65133 0.15748800000000007 0.034176 0.052286
0 0.6273740000000001 0.20228599999999997 0.034142 0.054978
0 0.604932 0.24065000000000003 0.036196 0.051614
0 0.58276 0.27970800000000007 0.030572 0.050896
0 0.5616000000000001 0.3180719999999999 0.034176 0.055696
0 0.5399320000000001 0.3594839999999999 0.03468 0.065156
0 0.4929619999999999 0.369664 0.043704 0.065156
0 0.7127779999999999 0.11571799999999999 0.040774 0.062466
0 0.688048 0.1574660000000001 0.031112 0.048206
0 0.6686700000000001 0.19482 0.030068 0.055022
0 0.647508 0.2352240000000001 0.03569 0.048924
0 0.625842 0.27697400000000005 0.030068 0.048206
0 0.6039220000000001 0.317736 0.031078 0.048206
0 0.277374 0.5394399999999999 0.041818 0.061122
0 0.535606 0.435538 0.036196 0.069282
0 0.4710939999999999 0.41789199999999993 0.032626 0.055696
0 0.4448479999999999 0.46271400000000007 0.031112 0.063812
0 0.42114399999999996 0.5054940000000001 0.03771 0.059776
0 0.3974420000000001 0.550292 0.033132 0.059776
0 0.49277799999999994 0.4460759999999999 0.033164 0.065874
0 0.469074 0.4966600000000001 0.031616 0.05843
0 0.373216 0.5985199999999999 0.034646 0.05704
0 0.34772800000000004 0.642646 0.037744 0.063856
0 0.445354 0.5380720000000001 0.033132 0.058386
0 0.4163140000000001 0.5845959999999999 0.035186 0.055022
0 0.3974420000000001 0.631434 0.03724 0.050942
0 0.372962 0.6748879999999999 0.036228 0.052286
0 0.68601 0.3017939999999999 0.030068 0.05704
0 0.7015659999999999 0.33302600000000004 0.031616 0.061122
0 0.645724 0.31060599999999994 0.030102 0.05296
0 0.620994 0.3500000000000001 0.032626 0.047534
0 0.6564300000000001 0.55982 0.031112 0.05704
0 0.5965320000000001 0.54148 0.030572 0.048878
0 0.5738380000000001 0.582892 0.04027 0.05027
0 0.551666 0.6263460000000001 0.030606 0.046144
0 0.5297480000000001 0.6674439999999999 0.038754 0.060448
0 0.6161620000000001 0.5720400000000001 0.032122 0.05296
0 0.592962 0.6144620000000001 0.029562 0.04686
0 0.573334 0.6572420000000001 0.034142 0.049552
0 0.548098 0.700718 0.032626 0.050942
0 0.52362 0.749932 0.034646 0.059776
0 0.63426 0.60565 0.030606 0.054978
0 0.612846 0.6474 0.032626 0.05704
0 0.46651599999999993 0.5750679999999999 0.033636 0.053632
0 0.08871999999999991 0.7135879999999999 0.049966 0.0713
0 0.057878000000000096 0.76657 0.044378 0.06991
0 0.027290000000000036 0.8246180000000001 0.051482 0.073364
0 0.1417839999999999 0.6099779999999999 0.042828 0.06722
0 0.19737399999999994 0.60083 0.043838 0.061122
0 0.1703539999999999 0.649036 0.044882 0.065156
0 0.14077399999999995 0.6972419999999999 0.044848 0.069282
0 0.27793 0.618476 0.040774 0.069238
0 0.25038800000000005 0.6690579999999999 0.045892 0.06314
0 0.2733000000000001 0.704372 0.039932 0.063902
0 0.24675000000000002 0.7547299999999999 0.044612 0.060582
0 0.19301400000000002 0.7677579999999999 0.03909 0.061704
0 0.1679299999999999 0.8195300000000001 0.045892 0.063364
0 0.14010199999999995 0.8732740000000001 0.045454 0.073542
0 0.22316399999999992 0.8062339999999999 0.041616 0.060538
0 0.19469599999999998 0.8574440000000001 0.034848 0.056592
0 0.1639060000000001 0.9063680000000001 0.03441 0.054888
0 0.24631399999999992 0.833968 0.039494 0.068476
0 0.21700399999999997 0.8851800000000001 0.033536 0.057714
0 0.19449399999999994 0.9377800000000001 0.044612 0.063364
0 0.2992079999999999 0.815582 0.040774 0.07583
0 0.2718179999999999 0.8735660000000001 0.041212 0.056008
0 0.24483199999999994 0.921098 0.04926 0.063902
0 0.29560600000000004 0.90157 0.048856 0.078116
0 0.487862 0.6016600000000001 0.040774 0.067892
0 0.46321600000000007 0.653162 0.033974 0.04982
0 0.48658200000000007 0.6814579999999999 0.040774 0.059956
0 0.461314 0.7298439999999999 0.031852 0.051524
0 0.43942799999999993 0.772556 0.033132 0.06
0 0.41562199999999994 0.82121 0.03569 0.053184
0 0.38759199999999994 0.867332 0.038216 0.065068
0 0.483182 0.7539020000000001 0.038216 0.0713
0 0.46067400000000003 0.8059419999999999 0.037374 0.05547
0 0.43792999999999993 0.8520620000000001 0.039494 0.063946
0 0.634226 0.0475779999999999 0.03229 0.05713
0 0.6750160000000001 0.045021999999999895 0.030572 0.058834
0 0.7151860000000001 0.043339999999999934 0.034478 0.061122
0 0.09850200000000009 0.1788780000000001 0.044208 0.072826
0 0.06331599999999993 0.22692800000000002 0.044814 0.07287
0 0.032526000000000055 0.4619059999999999 0.049562 0.072512
0 0.1468020000000001 0.3486100000000001 0.046262 0.07139
0 0.314562 0.15500000000000003 0.044074 0.067488
0 0.2838879999999999 0.20212999999999992 0.042592 0.074304
0 0.25875399999999993 0.24740000000000006 0.04404 0.072376
0 0.08915800000000007 0.5373319999999999 0.039664 0.067488
0 0.05759200000000009 0.5901339999999999 0.041112 0.067444
0 0.028955999999999982 0.6448879999999999 0.04404 0.069418
0 0.0888040000000001 0.6302239999999999 0.050674 0.069418
0 0.056127999999999956 0.6786099999999999 0.049898 0.072376
0 0.3850340000000001 0.10513400000000006 0.042592 0.057714
0 0.309226 0.325202 0.04128 0.067264
0 0.2827280000000001 0.36901399999999995 0.03926 0.066548
0 0.25468 0.418566 0.044378 0.062512
0 0.568754 0.09331800000000001 0.031112 0.058386
0 0.54606 0.12692799999999993 0.03367 0.063184
0 0.5022059999999999 0.13201799999999997 0.034646 0.062512
0 0.4759420000000001 0.17580799999999996 0.036196 0.060404
0 0.4504539999999999 0.2226680000000001 0.038216 0.056368
0 0.429292 0.2654479999999999 0.03468 0.055022
0 0.4035519999999999 0.3071980000000001 0.034176 0.062466
0 0.3803540000000001 0.3500000000000001 0.033636 0.058386
0 0.40229000000000004 0.388004 0.03468 0.05565
0 0.30437800000000004 0.40464199999999995 0.03569 0.06722
0 0.6526099999999999 0.0834760000000001 0.029596 0.057714
0 0.6299159999999999 0.12352000000000007 0.030068 0.059058
0 0.609024 0.16527000000000003 0.034142 0.05296
0 0.5850500000000001 0.206032 0.031112 0.048924
0 0.5804720000000001 0.35780199999999995 0.031112 0.050942
0 0.55803 0.397848 0.030068 0.052286
0 0.44944399999999995 0.381548 0.034176 0.059058
0 0.4254720000000001 0.42639000000000005 0.035186 0.056368
0 0.3768020000000001 0.4341919999999999 0.03569 0.059776
0 0.2796639999999999 0.4552240000000001 0.033132 0.061122
0 0.22663199999999994 0.464394 0.03926 0.061794
0 0.20089200000000007 0.511592 0.041784 0.065156
0 0.2544280000000001 0.5031159999999999 0.034646 0.065874
0 0.2261280000000001 0.553364 0.04128 0.060448
0 0.3059259999999999 0.490202 0.043838 0.06991
0 0.352306 0.476278 0.038754 0.073364
0 0.3997299999999999 0.468116 0.03569 0.05704
0 0.3747480000000001 0.5129600000000001 0.042828 0.066548
0 0.3507739999999999 0.5564119999999999 0.042828 0.063856
0 0.7092080000000001 0.18805000000000005 0.033636 0.06722
0 0.6865159999999999 0.23251200000000005 0.029058 0.05435
0 0.6658580000000001 0.268834 0.028552 0.053632
0 0.7071540000000001 0.26170399999999994 0.038754 0.058386
0 0.600622 0.3914120000000001 0.032626 0.05296
0 0.6656059999999999 0.341502 0.030068 0.053678
0 0.6385860000000001 0.3846179999999999 0.031112 0.05157
0 0.68143 0.3788339999999999 0.035186 0.04278
0 0.6801520000000001 0.4470860000000001 0.033636 0.05157
0 0.6582319999999999 0.41789199999999993 0.032626 0.046188
0 0.6207400000000001 0.4274 0.031112 0.046188
0 0.578686 0.43349799999999994 0.031582 0.050224
0 0.6385860000000001 0.45829600000000004 0.033132 0.044126
0 0.657206 0.4898659999999999 0.028552 0.048878
0 0.598822 0.4660979999999999 0.031112 0.048878
0 0.6179460000000001 0.49970800000000004 0.026532 0.048206
0 0.5559940000000001 0.47663600000000006 0.033132 0.052286
0 0.533064 0.514642 0.03825 0.06722
0 0.49048800000000004 0.5248440000000001 0.039764 0.069956
0 0.577154 0.5099100000000001 0.032626 0.052286
0 0.554208 0.5543720000000001 0.03367 0.048924
0 0.5297480000000001 0.5934079999999999 0.033636 0.060448
0 0.635016 0.5282279999999999 0.025994 0.050896
0 0.4405220000000001 0.6209199999999999 0.038754 0.048924
0 0.416296 0.665044 0.032122 0.05027
0 0.3464480000000001 0.7203820000000001 0.033164 0.06722
0 0.3951340000000001 0.705112 0.030606 0.058386
0 0.36836800000000003 0.756726 0.034176 0.05704
0 0.3472219999999999 0.8039240000000001 0.037744 0.065874
0 0.300824 0.5720400000000001 0.033636 0.062466
0 0.02472999999999992 0.7288779999999999 0.042324 0.073364
0 0.085202 0.805202 0.046902 0.073364
0 0.054629999999999956 0.8581840000000001 0.045892 0.070628
0 0.0846960000000001 0.8897299999999999 0.049932 0.080808
0 0.17060600000000004 0.5604260000000001 0.04027 0.065874
0 0.250656 0.587914 0.035186 0.05565
0 0.22489800000000004 0.634776 0.039764 0.062466
0 0.19710399999999995 0.686726 0.03926 0.060448
0 0.169848 0.73186 0.039764 0.069282
0 0.143316 0.78518 0.045892 0.065874
0 0.2228619999999999 0.719978 0.040808 0.06453
0 0.302206 0.6537440000000001 0.043334 0.072422
0 0.30050599999999994 0.7352019999999999 0.042492 0.0713
0 0.27435999999999994 0.785874 0.042054 0.063946
0 0.440488 0.696726 0.036936 0.055426
0 0.4160600000000001 0.742556 0.037374 0.053184
0 0.3903540000000001 0.791256 0.039494 0.047534
0 0.36804799999999993 0.8322419999999999 0.041616 0.058296
0 0.3455220000000001 0.885156 0.042492 0.069058
