0 0.07462400000000002 0.845056 0.015416 0.025694
0 0.09358399999999989 0.84707 0.014374 0.027222
0 0.11243800000000004 0.848396 0.014792 0.026792
0 0.06519800000000009 0.872902 0.01573 0.0275
0 0.08373999999999993 0.874638 0.01427 0.02625
0 0.1029580000000001 0.87575 0.013334 0.024306
0 0.12108399999999997 0.877208 0.014166 0.024444
0 0.13894800000000007 0.878598 0.01427 0.026112
0 0.130042 0.850542 0.015 0.027222
0 0.08472999999999997 0.817138 0.015208 0.025694
0 0.10254199999999991 0.819362 0.014792 0.02625
0 0.12165599999999999 0.821514 0.016146 0.025
0 0.13874000000000009 0.822764 0.01552 0.026112
0 0.11170799999999992 0.905334 0.015834 0.026528
0 0.130042 0.906028 0.015 0.025138
0 0.14816600000000002 0.906862 0.014584 0.025694
0 0.1646780000000001 0.907138 0.013646 0.025416
0 0.15644799999999992 0.878944 0.01427 0.025694
0 0.17316599999999993 0.880264 0.014376 0.024722
0 0.12045799999999995 0.932424 0.014374 0.024874
0 0.13847999999999994 0.934362 0.014374 0.025694
0 0.15650000000000008 0.935264 0.014584 0.024444
0 0.14778200000000008 0.96234 0.014146 0.025514
0 0.16521399999999997 0.963042 0.014156 0.024806
0 0.17366199999999998 0.935 0.014552 0.024638
0 0.18230799999999991 0.962778 0.01376 0.024278
0 0.19036999999999993 0.935876 0.014406 0.025694
0 0.20694199999999996 0.937098 0.014802 0.026388
0 0.22378199999999993 0.937278 0.013104 0.025334
0 0.24009400000000003 0.937618 0.0135 0.024986
0 0.19900000000000007 0.963902 0.014062 0.025556
0 0.21561399999999997 0.963764 0.01375 0.023888
0 0.232178 0.964944 0.014374 0.022084
0 0.24894799999999995 0.9655 0.013958 0.023472
0 0.2635320000000001 0.966264 0.012084 0.024166
0 0.27962599999999993 0.966542 0.012396 0.0225
0 0.29540600000000006 0.96793 0.013126 0.025
0 0.25635399999999997 0.93966 0.013542 0.024848
0 0.27243799999999996 0.94057 0.013854 0.025
0 0.28785400000000005 0.940638 0.013438 0.023472
0 0.3029059999999999 0.940848 0.013124 0.025278
0 0.31087599999999993 0.967514 0.013438 0.021666
0 0.3251980000000001 0.968416 0.011666 0.022362
0 0.340614 0.968486 0.011666 0.022222
0 0.35431199999999996 0.969388 0.01198 0.022638
0 0.4031659999999999 0.946542 0.011354 0.021944
0 0.38957200000000003 0.946612 0.011458 0.023194
0 0.3764479999999999 0.94557 0.011042 0.021388
0 0.36139600000000005 0.944944 0.011354 0.021806
0 0.3472820000000001 0.94432 0.011666 0.023056
0 0.3331660000000001 0.942862 0.011562 0.022638
0 0.3176460000000001 0.942306 0.01302 0.024584
0 0.41009399999999996 0.922236 0.0125 0.022222
0 0.39603199999999994 0.921194 0.011876 0.022638
0 0.38212599999999997 0.920222 0.012188 0.022084
0 0.3684799999999999 0.918972 0.012188 0.02375
0 0.3542080000000001 0.918556 0.01198 0.02375
0 0.340198 0.918138 0.011874 0.021806
0 0.3251980000000001 0.916542 0.012084 0.023056
0 0.310354 0.915848 0.012812 0.023612
0 0.2951459999999999 0.915014 0.01302 0.023888
0 0.28019799999999995 0.91432 0.013124 0.024444
0 0.2643120000000001 0.912722 0.013438 0.024584
0 0.24827 0.912166 0.013646 0.025416
0 0.2322820000000001 0.910708 0.013958 0.025278
0 0.21624 0.910638 0.014584 0.024584
0 0.19873999999999992 0.909388 0.01375 0.024306
0 0.6308959999999999 0.936444 0.007292 0.017638
0 0.6213120000000001 0.936376 0.0075 0.018888
0 0.6108960000000001 0.93457 0.008124 0.018612
0 0.6008439999999999 0.934084 0.008646 0.01875
0 0.5898019999999999 0.933388 0.008438 0.01875
0 0.579126 0.932556 0.008542 0.017638
0 0.2723960000000001 0.88759 0.01252 0.02332
0 0.2880579999999999 0.888452 0.013178 0.023902
0 0.303604 0.890334 0.013604 0.021888
0 0.317974 0.892194 0.012532 0.02275
0 0.33277 0.892202 0.012312 0.02218
0 0.3469120000000001 0.893494 0.012094 0.022458
0 0.361494 0.89407 0.011886 0.021306
0 0.3754280000000001 0.894938 0.01123 0.020736
0 0.3892500000000001 0.896666 0.011666 0.022472
0 0.40307800000000005 0.897528 0.010802 0.021306
0 0.416682 0.899112 0.010802 0.021612
0 0.48072399999999993 0.903722 0.010156 0.02275
0 0.49303600000000003 0.904292 0.009718 0.021028
0 0.5053479999999999 0.905452 0.01101 0.021598
0 0.517552 0.906598 0.0095 0.02275
0 0.5294380000000001 0.906744 0.0095 0.022458
0 0.540448 0.907604 0.008208 0.020736
0 0.551682 0.909048 0.00951 0.020736
0 0.563026 0.910056 0.009718 0.018722
0 0.573604 0.910778 0.009292 0.019
0 0.06525599999999998 0.814152 0.015552 0.0285
0 0.07453599999999994 0.78593 0.015552 0.026778
0 0.06513999999999998 0.757278 0.016636 0.028222
0 0.07464599999999999 0.72934 0.016626 0.02707
0 0.09322399999999997 0.732216 0.01576 0.027652
0 0.08426 0.760006 0.01598 0.026208
0 0.09365599999999996 0.78852 0.01577 0.024486
0 0.10283799999999998 0.76159 0.015552 0.02593
0 0.11233800000000005 0.792124 0.015552 0.028222
0 0.12940200000000002 0.792986 0.015114 0.0265
0 0.12152000000000007 0.764472 0.015334 0.027084
0 0.11223000000000005 0.733798 0.015334 0.026208
0 0.08371799999999996 0.701396 0.017062 0.027652
0 0.10253200000000007 0.704708 0.015334 0.026778
0 0.14668199999999998 0.85073 0.015114 0.026792
0 0.16482799999999997 0.851876 0.01426 0.025056
0 0.33298399999999995 0.841514 0.011886 0.02275
0 0.347672 0.84266 0.011886 0.02218
0 0.36084800000000006 0.84425 0.011448 0.021888
0 0.37521399999999994 0.845826 0.010802 0.021598
0 0.389354 0.847848 0.010584 0.022166
0 0.4026400000000001 0.84943 0.010802 0.020166
0 0.264402 0.808388 0.013386 0.024472
0 0.28027599999999997 0.81041 0.01274 0.023902
0 0.29561400000000004 0.812716 0.013166 0.023902
0 0.3104119999999999 0.813722 0.011656 0.024194
0 0.3249899999999999 0.815444 0.011876 0.024194
0 0.34065199999999995 0.81732 0.012094 0.023334
0 0.14795800000000003 0.683 0.015208 0.026388
0 0.09400000000000008 0.674666 0.017084 0.027222
0 0.11207199999999995 0.677514 0.014688 0.025972
0 0.129834 0.68057 0.014792 0.027638
0 0.1656660000000001 0.685778 0.014584 0.025556
0 0.08431199999999994 0.644806 0.015624 0.0275
0 0.10233399999999993 0.647862 0.015834 0.028056
0 0.12139600000000006 0.650292 0.015 0.026806
0 0.13884399999999997 0.653348 0.015104 0.026806
0 0.15650000000000008 0.656888 0.014584 0.026388
0 0.1738440000000001 0.659666 0.01573 0.026666
0 0.182334 0.688626 0.013958 0.025694
0 0.17452 0.715152 0.014584 0.027362
0 0.18254199999999998 0.74418 0.014584 0.025416
0 0.1918120000000001 0.718626 0.013958 0.026528
0 0.19993799999999995 0.746472 0.014792 0.025834
0 0.2159279999999999 0.748834 0.013854 0.026944
0 0.22452000000000005 0.776958 0.013958 0.025138
0 0.24035399999999996 0.77932 0.013334 0.024862
0 0.25649999999999995 0.7805 0.013542 0.024166
0 0.272594 0.782722 0.012604 0.023612
0 0.287698 0.78543 0.01302 0.024028
0 0.30285399999999996 0.785916 0.012916 0.023888
0 0.31749000000000005 0.788416 0.012396 0.023056
0 0.3323339999999999 0.79043 0.013334 0.024028
0 0.34696799999999994 0.793764 0.013438 0.02375
0 0.3543639999999999 0.818208 0.012604 0.023472
0 0.3682700000000001 0.820014 0.012916 0.02375
0 0.3819680000000001 0.821194 0.010938 0.0225
0 0.395718 0.824388 0.01198 0.024166
0 0.361656 0.79425 0.01198 0.022778
0 0.6556139999999999 0.917028 0.008854 0.020834
0 0.6654059999999999 0.918208 0.008646 0.020694
0 0.6752499999999999 0.91807 0.008542 0.019584
0 0.5894159999999999 0.889598 0.00875 0.019306
0 0.5999380000000001 0.891264 0.009166 0.01875
0 0.61077 0.891542 0.00875 0.017362
0 0.584468 0.867098 0.00948 0.019862
0 0.594886 0.868556 0.00927 0.02
0 0.60551 0.870014 0.00927 0.019862
0 0.616322 0.871014 0.00923 0.019638
0 0.626136 0.870916 0.00802 0.020556
0 0.683948 0.878624 0.00823 0.017638
0 0.679 0.857028 0.007708 0.017778
0 0.6693119999999999 0.855708 0.008542 0.018472
0 0.660042 0.855292 0.007708 0.01875
0 0.6507179999999999 0.853138 0.00823 0.018056
0 0.6930620000000001 0.92057 0.007916 0.018194
0 0.702542 0.920848 0.0075 0.019584
0 0.712124 0.921542 0.007916 0.017362
0 0.6979580000000001 0.900014 0.007916 0.018472
0 0.70702 0.900778 0.008334 0.017778
0 0.692958 0.879388 0.008126 0.018334
0 0.702124 0.880362 0.007708 0.017778
0 0.7116039999999999 0.882862 0.009166 0.018888
0 0.6885319999999999 0.858278 0.007812 0.018056
0 0.6977500000000001 0.85932 0.006876 0.019028
0 0.70676 0.861126 0.007396 0.019028
0 0.7111879999999999 0.841402 0.009166 0.017638
0 0.702178 0.8405 0.007812 0.018612
0 0.7065520000000001 0.820916 0.008438 0.0175
0 0.641084 0.85307 0.009374 0.019028
0 0.6460319999999999 0.832166 0.007812 0.018334
0 0.650666 0.81182 0.007916 0.019306
0 0.654938 0.791542 0.007916 0.017916
0 0.664312 0.792862 0.007916 0.018056
0 0.655354 0.833556 0.008542 0.018612
0 0.6650940000000001 0.8355 0.008438 0.020556
0 0.6742600000000001 0.7955 0.007812 0.019722
0 0.67025 0.814944 0.0075 0.018612
0 0.67452 0.835222 0.007708 0.018056
0 0.6838439999999999 0.837792 0.00698 0.018472
0 0.7012400000000001 0.798348 0.007812 0.017916
0 0.69249 0.797514 0.007396 0.017916
0 0.683322 0.795708 0.00698 0.017084
0 0.6969160000000001 0.778486 0.008124 0.017362
0 0.6876979999999999 0.776612 0.007396 0.016944
0 0.6925939999999999 0.757888 0.007604 0.018388
0 0.701344 0.75918 0.00802 0.019862
0 0.635874 0.830638 0.00875 0.018056
0 0.6309800000000001 0.850916 0.007916 0.018334
0 0.620614 0.84925 0.00802 0.0175
0 0.6100939999999999 0.848278 0.008646 0.019166
0 0.614886 0.828 0.01052 0.017778
0 0.620198 0.808138 0.01052 0.019722
0 0.599834 0.847444 0.009584 0.019444
0 0.6047819999999999 0.82557 0.00823 0.01875
0 0.6096779999999999 0.805778 0.008646 0.02
0 0.634646 0.704292 0.00823 0.018612
0 0.624484 0.70207 0.00876 0.018888
0 0.61423 0.699708 0.00948 0.019444
0 0.603812 0.697694 0.008854 0.019862
0 0.593188 0.695402 0.00948 0.021112
0 0.58876 0.716028 0.009374 0.019584
0 0.583188 0.737486 0.00927 0.019722
0 0.5778220000000001 0.757624 0.00875 0.018334
0 0.5776140000000001 0.713876 0.009374 0.020556
0 0.5820879999999999 0.69298 0.008344 0.02068
0 0.6487080000000001 0.687208 0.007396 0.02
0 0.6388640000000001 0.683876 0.008542 0.02
0 0.629124 0.681862 0.00823 0.01875
0 0.6819900000000001 0.674292 0.0075 0.018334
0 0.672928 0.672764 0.0075 0.019166
0 0.6773020000000001 0.652626 0.008124 0.018612
0 0.662822 0.66957 0.007916 0.018056
0 0.6681360000000001 0.650542 0.007916 0.018612
0 0.6582399999999999 0.648112 0.007916 0.019028
0 0.6536040000000001 0.667486 0.008646 0.018334
0 0.643656 0.664848 0.008124 0.018612
0 0.648344 0.645888 0.008124 0.017362
0 0.638552 0.643112 0.008542 0.018472
0 0.6339680000000001 0.662694 0.008334 0.01875
0 0.618552 0.679292 0.008958 0.018612
0 0.608916 0.676722 0.008646 0.018194
0 0.5983959999999999 0.675264 0.008646 0.018888
0 0.587928 0.672486 0.008334 0.019444
0 0.623864 0.659708 0.008124 0.019166
0 0.6139159999999999 0.657138 0.009062 0.01875
0 0.603812 0.655194 0.009062 0.020138
0 0.593084 0.652764 0.00927 0.020278
0 0.5978220000000001 0.631444 0.009166 0.021528
0 0.6083959999999999 0.634222 0.008646 0.019306
0 0.6184480000000001 0.636652 0.008124 0.019444
0 0.6284479999999999 0.638944 0.008542 0.019028
0 0.602506 0.61166 0.008532 0.018626
0 0.6129800000000001 0.613736 0.009062 0.018612
0 0.62324 0.617486 0.008542 0.019722
0 0.6339159999999999 0.620264 0.007812 0.019166
0 0.6427700000000001 0.623112 0.007396 0.019584
0 0.65324 0.62582 0.008334 0.018888
0 0.6284639999999999 0.598098 0.008552 0.020028
0 0.6381399999999999 0.601188 0.008698 0.019402
0 0.622536 0.575298 0.008698 0.02082
0 0.613542 0.571896 0.009896 0.02043
0 0.6176619999999999 0.552084 0.007948 0.019194
0 0.627864 0.555688 0.009146 0.021598
0 0.63724 0.559188 0.008396 0.019792
0 0.647364 0.561702 0.008854 0.02082
0 0.6421920000000001 0.53959 0.008698 0.020598
0 0.6323639999999999 0.53609 0.009146 0.019598
0 0.62239 0.533006 0.009594 0.020208
0 0.627562 0.513006 0.008854 0.020598
0 0.6068640000000001 0.506986 0.009146 0.021
0 0.617364 0.510208 0.008542 0.020194
0 0.602292 0.526598 0.009 0.017778
0 0.612562 0.529708 0.009146 0.018806
0 0.45537000000000005 0.758784 0.00999 0.021986
0 0.46802600000000005 0.761466 0.011428 0.021126
0 0.4800979999999999 0.763284 0.010386 0.021986
0 0.49229600000000007 0.76493 0.010386 0.021806
0 0.5044379999999999 0.765882 0.01077 0.020598
0 0.5161880000000001 0.768994 0.008834 0.02093
0 0.528192 0.770638 0.011032 0.021472
0 0.460734 0.736624 0.010428 0.020944
0 0.4734799999999999 0.738958 0.010126 0.021806
0 0.4858119999999999 0.74 0.010126 0.021806
0 0.49827599999999994 0.742256 0.010386 0.021458
0 0.5104740000000001 0.745194 0.010386 0.020778
0 0.5220940000000001 0.746666 0.00948 0.021278
0 0.533714 0.748916 0.008572 0.019556
0 0.5450060000000001 0.75143 0.009094 0.018694
0 0.5724579999999999 0.73498 0.01025 0.019042
0 0.56149 0.732472 0.008312 0.02025
0 0.566614 0.710486 0.008438 0.02025
0 0.5723959999999999 0.690152 0.008834 0.020778
0 0.5771360000000001 0.669902 0.008958 0.021112
0 0.582322 0.648958 0.008438 0.019388
0 0.5496780000000001 0.730222 0.009084 0.019916
0 0.5388379999999999 0.727194 0.008948 0.020416
0 0.544416 0.705986 0.008438 0.020944
0 0.555714 0.708244 0.008698 0.021626
0 0.5613600000000001 0.687812 0.008822 0.020598
0 0.566166 0.66748 0.009604 0.021124
0 0.5716140000000001 0.646534 0.009084 0.019736
0 0.5603899999999999 0.644284 0.008698 0.019042
0 0.55474 0.664278 0.008834 0.019556
0 0.5439020000000001 0.66177 0.009218 0.02007
0 0.538708 0.683138 0.01025 0.02025
0 0.5503279999999999 0.685916 0.010386 0.019556
0 0.5331300000000001 0.70357 0.008698 0.018528
0 0.5272859999999999 0.725896 0.00999 0.021292
0 0.515536 0.722868 0.009094 0.02043
0 0.521374 0.701486 0.010646 0.020944
0 0.5276780000000001 0.680202 0.008958 0.020598
0 0.532152 0.659084 0.009344 0.021638
0 0.5211140000000001 0.656576 0.010126 0.021458
0 0.515782 0.677174 0.009896 0.020764
0 0.5095620000000001 0.699152 0.010646 0.020416
0 0.503984 0.721222 0.009344 0.019916
0 0.49223400000000006 0.718626 0.00999 0.020944
0 0.498078 0.69682 0.009468 0.020944
0 0.5035099999999999 0.674924 0.010562 0.019736
0 0.5093700000000001 0.653722 0.01051 0.021638
0 0.5657760000000001 0.622652 0.008572 0.021112
0 0.576546 0.625424 0.008822 0.02007
0 0.5876459999999999 0.628798 0.00973 0.021624
0 0.5920620000000001 0.608458 0.007916 0.019722
0 0.5977079999999999 0.589854 0.008562 0.02232
0 0.603224 0.568826 0.00999 0.021126
0 0.5921259999999999 0.566056 0.008834 0.019722
0 0.586678 0.585958 0.009084 0.020084
0 0.5819319999999999 0.606298 0.009218 0.020598
0 0.571162 0.602494 0.009468 0.019902
0 0.5761620000000001 0.582584 0.008572 0.019222
0 0.5817399999999999 0.562854 0.009084 0.02093
0 0.57077 0.559472 0.00948 0.0225
0 0.5598639999999999 0.55602 0.008958 0.019736
0 0.5652759999999999 0.58025 0.009302 0.021112
0 0.560192 0.599716 0.009344 0.019902
0 0.554932 0.62084 0.01051 0.021292
0 0.55026 0.641348 0.01025 0.021472
0 0.537604 0.638834 0.009354 0.020944
0 0.5436460000000001 0.617458 0.008958 0.020778
0 0.5492239999999999 0.596778 0.00974 0.021278
0 0.553876 0.57627 0.009 0.021458
0 0.23215600000000003 0.751062 0.01375 0.026098
0 0.24908400000000008 0.753638 0.014062 0.025694
0 0.264084 0.755854 0.013854 0.025126
0 0.28001999999999994 0.758216 0.012812 0.024598
0 0.29512399999999994 0.76043 0.013646 0.024306
0 0.31028199999999995 0.76273 0.012708 0.023042
0 0.32538599999999995 0.764674 0.012084 0.02193
0 0.33210399999999995 0.739674 0.012604 0.02193
0 0.3180940000000001 0.73748 0.012084 0.024126
0 0.3031459999999999 0.73509 0.012188 0.024708
0 0.33941200000000005 0.766702 0.012782 0.024236
0 0.35435400000000006 0.7685 0.012416 0.025444
0 0.36866599999999994 0.77102 0.012958 0.02568
0 0.38225 0.773298 0.012062 0.023042
0 0.39602000000000004 0.775458 0.01152 0.023528
0 0.4099680000000001 0.777256 0.01098 0.024236
0 0.20828200000000008 0.719416 0.015124 0.026166
0 0.22484400000000004 0.723374 0.01548 0.027362
0 0.24104199999999998 0.72518 0.014042 0.027112
0 0.25670400000000004 0.728062 0.014406 0.027124
0 0.2729060000000001 0.73034 0.014042 0.026402
0 0.36833399999999994 0.671014 0.01198 0.022778
0 0.36088600000000004 0.694348 0.011458 0.023334
0 0.37536400000000003 0.698306 0.011666 0.022638
0 0.38192800000000005 0.673514 0.011874 0.023334
0 0.395678 0.6765 0.011042 0.021806
0 0.38911399999999996 0.700042 0.011458 0.021112
0 0.402552 0.702402 0.010626 0.021944
0 0.4159379999999999 0.704624 0.010938 0.021666
0 0.409114 0.679278 0.011042 0.022638
0 0.42234400000000005 0.681362 0.01125 0.021806
0 0.4285939999999999 0.659138 0.011042 0.022362
0 0.448334 0.639624 0.01052 0.021112
0 0.45448 0.616638 0.01052 0.020972
0 0.43510399999999994 0.636292 0.01073 0.020278
0 0.44177 0.614138 0.010312 0.02125
0 0.44849000000000006 0.591986 0.010626 0.021666
0 0.460782 0.595528 0.010626 0.021528
0 0.47348999999999997 0.598584 0.01125 0.022362
0 0.479166 0.576848 0.009688 0.020556
0 0.466666 0.573584 0.010104 0.021806
0 0.45416600000000007 0.569902 0.010312 0.021112
0 0.4599740000000001 0.549048 0.010572 0.021348
0 0.47276000000000007 0.553374 0.010626 0.021944
0 0.4853639999999999 0.556778 0.010834 0.021528
0 0.49687400000000004 0.558584 0.00927 0.021528
0 0.5025520000000001 0.537888 0.009792 0.020416
0 0.4911460000000001 0.535458 0.009688 0.021666
0 0.479376 0.531014 0.009896 0.021666
0 0.4666140000000001 0.527264 0.010208 0.021388
0 0.5083340000000001 0.517126 0.00948 0.021112
0 0.513698 0.497056 0.008542 0.019306
0 0.519844 0.476292 0.010416 0.02
0 0.530678 0.48025 0.009374 0.020138
0 0.542448 0.484208 0.01 0.020278
0 0.547812 0.464 0.00927 0.019584
0 0.5363279999999999 0.459744 0.010052 0.020236
0 0.59674 0.546098 0.009 0.021222
0 0.6076140000000001 0.549194 0.008542 0.018612
0 0.5860160000000001 0.541888 0.009156 0.018
0 0.5915619999999999 0.52159 0.008854 0.021402
0 0.581364 0.518292 0.009146 0.022
0 0.570416 0.5155 0.009146 0.020416
0 0.5651660000000001 0.492402 0.010354 0.019806
0 0.55939 0.467388 0.009906 0.020194
0 0.553542 0.488006 0.009896 0.020598
0 0.559688 0.513098 0.009896 0.020028
0 0.5485880000000001 0.507986 0.010198 0.021806
0 0.553614 0.532486 0.009146 0.019612
0 0.56464 0.535798 0.009906 0.021376
0 0.575588 0.539188 0.008698 0.021402
0 0.396188 0.970638 0.011354 0.020694
0 0.3828020000000001 0.970848 0.011458 0.022222
0 0.3684799999999999 0.969944 0.013646 0.024028
0 0.1816040000000001 0.907306 0.014688 0.025972
0 0.19050999999999996 0.882374 0.012916 0.024444
0 0.20780200000000004 0.88293 0.01375 0.024722
0 0.22415600000000002 0.883486 0.013958 0.023888
0 0.2400420000000001 0.883902 0.012188 0.022778
0 0.2565519999999999 0.885292 0.013124 0.023612
0 0.589958 0.97693 0.007916 0.017778
0 0.5838859999999999 0.95527 0.00848 0.019458
0 0.595532 0.956166 0.008854 0.019584
0 0.600584 0.977764 0.008334 0.0175
0 0.6055839999999999 0.956374 0.008124 0.0175
0 0.6110519999999999 0.977834 0.008854 0.018194
0 0.6164160000000001 0.95693 0.009166 0.018888
0 0.6213120000000001 0.978388 0.007916 0.019028
0 0.62673 0.957208 0.008542 0.019722
0 0.6363639999999999 0.957694 0.00823 0.017916
0 0.6312599999999999 0.978736 0.008438 0.018888
0 0.6413120000000001 0.978944 0.007916 0.017362
0 0.646156 0.958388 0.007812 0.017916
0 0.6560520000000001 0.958458 0.007396 0.018334
0 0.6508959999999999 0.979152 0.0075 0.018334
0 0.660636 0.979222 0.007604 0.017638
0 0.665376 0.959014 0.007292 0.016944
0 0.675062 0.9595 0.007708 0.017362
0 0.68449 0.960888 0.007604 0.017084
0 0.6797500000000001 0.980542 0.0075 0.016388
0 0.6707399999999999 0.980056 0.007812 0.016806
0 0.6889160000000001 0.94068 0.007292 0.016944
0 0.679802 0.939708 0.00698 0.016112
0 0.669958 0.939292 0.0075 0.0175
0 0.6611039999999999 0.938666 0.0075 0.017084
0 0.651052 0.937902 0.007396 0.018334
0 0.641052 0.93693 0.007604 0.017778
0 0.15683399999999992 0.824806 0.01425 0.025638
0 0.18264600000000009 0.853458 0.01448 0.024194
0 0.19959799999999994 0.856056 0.015552 0.0265
0 0.21580200000000005 0.85591 0.013396 0.025626
0 0.17422399999999993 0.824812 0.015344 0.026208
0 0.19128600000000007 0.82625 0.013178 0.026778
0 0.2073799999999999 0.828264 0.013386 0.024472
0 0.14776600000000006 0.794424 0.01426 0.02593
0 0.13912400000000003 0.76548 0.015124 0.026792
0 0.130374 0.73682 0.015334 0.0265
0 0.16493800000000003 0.79702 0.01577 0.02707
0 0.15683399999999992 0.7685 0.01425 0.024194
0 0.14840600000000004 0.740278 0.014688 0.0265
0 0.12075999999999998 0.707306 0.014688 0.027944
0 0.13901600000000003 0.710612 0.014468 0.0265
0 0.15727000000000002 0.713062 0.016416 0.026208
0 0.16558399999999995 0.741868 0.01577 0.026208
0 0.173578 0.770944 0.014468 0.025612
0 0.23286399999999996 0.857354 0.01425 0.024486
0 0.24852600000000002 0.858646 0.013178 0.023624
0 0.22411399999999992 0.830278 0.014042 0.024472
0 0.1814579999999999 0.799034 0.01598 0.025348
0 0.1999280000000001 0.801194 0.014896 0.025638
0 0.21645399999999992 0.802778 0.01426 0.025916
0 0.23254200000000003 0.804792 0.013604 0.025334
0 0.241182 0.832868 0.013178 0.024486
0 0.264834 0.861236 0.013396 0.024194
0 0.2566299999999999 0.833882 0.013822 0.024764
0 0.24841599999999997 0.806958 0.015124 0.025056
0 0.19117800000000007 0.772966 0.01425 0.025626
0 0.20889000000000002 0.774556 0.01426 0.024194
0 0.2802819999999999 0.861966 0.014042 0.023902
0 0.2959419999999999 0.863548 0.013822 0.023042
0 0.31116600000000005 0.864834 0.013166 0.025056
0 0.32563600000000004 0.865848 0.012312 0.025916
0 0.3392440000000001 0.865702 0.011886 0.02332
0 0.3543639999999999 0.86743 0.011876 0.02275
0 0.3680840000000001 0.870174 0.010792 0.02132
0 0.3819060000000001 0.871466 0.012104 0.021598
0 0.3961619999999999 0.872326 0.010802 0.02218
0 0.40988 0.874632 0.01101 0.021598
0 0.2729379999999999 0.835896 0.013604 0.024764
0 0.28783800000000004 0.837334 0.01274 0.024194
0 0.302848 0.838924 0.012094 0.023902
0 0.3180780000000001 0.840076 0.011448 0.021598
0 0.375302 0.795848 0.011146 0.022916
0 0.38884399999999997 0.798556 0.011146 0.0225
0 0.4024380000000001 0.800778 0.011042 0.023888
0 0.4091039999999999 0.826124 0.011458 0.023472
0 0.41598 0.850986 0.01 0.020694
0 0.4226460000000001 0.875986 0.011666 0.020972
0 0.43623999999999996 0.876888 0.011354 0.022222
0 0.44900000000000007 0.877236 0.010626 0.022362
0 0.46165600000000007 0.878624 0.010312 0.021806
0 0.4736880000000001 0.879874 0.010208 0.019862
0 0.4295199999999999 0.851264 0.011042 0.022638
0 0.442542 0.852652 0.010416 0.022916
0 0.45524999999999993 0.853902 0.010208 0.022638
0 0.46780200000000005 0.85557 0.011354 0.022916
0 0.47988600000000003 0.856472 0.010312 0.021666
0 0.49207200000000006 0.858416 0.00948 0.021388
0 0.4867079999999999 0.88057 0.010624 0.020138
0 0.498532 0.88182 0.00948 0.020138
0 0.5110840000000001 0.882166 0.009374 0.020556
0 0.52301 0.883486 0.00927 0.019028
0 0.5349900000000001 0.884736 0.008854 0.019584
0 0.5047299999999999 0.859458 0.009584 0.021528
0 0.516864 0.860708 0.009688 0.019862
0 0.5284800000000001 0.861542 0.008958 0.019306
0 0.5400940000000001 0.862584 0.009062 0.02
0 0.545614 0.885778 0.009896 0.020278
0 0.5569679999999999 0.886888 0.008854 0.019722
0 0.5678019999999999 0.887652 0.008854 0.019862
0 0.5510839999999999 0.863902 0.009792 0.019306
0 0.5624899999999999 0.865944 0.009062 0.021166
0 0.573374 0.86675 0.009374 0.020556
0 0.578792 0.888902 0.008958 0.019862
0 0.58426 0.912306 0.008646 0.020834
0 0.595302 0.91168 0.00948 0.019028
0 0.6060319999999999 0.911958 0.009896 0.019306
0 0.616708 0.913278 0.009374 0.021388
0 0.6266560000000001 0.914528 0.009688 0.020278
0 0.6360319999999999 0.914944 0.008854 0.02
0 0.6458219999999999 0.915916 0.008438 0.018888
0 0.6360319999999999 0.873348 0.00948 0.020416
0 0.6460319999999999 0.875292 0.00802 0.019584
0 0.6211880000000001 0.892376 0.008542 0.019584
0 0.631448 0.893902 0.00802 0.018472
0 0.641032 0.895152 0.008854 0.018194
0 0.651084 0.89557 0.008542 0.019584
0 0.660458 0.89668 0.008124 0.019306
0 0.6695199999999999 0.896958 0.008126 0.020138
0 0.678688 0.898486 0.008124 0.018194
0 0.688428 0.899528 0.00823 0.019722
0 0.6842079999999999 0.919944 0.007708 0.018888
0 0.6558219999999999 0.8755 0.00948 0.018612
0 0.665562 0.876264 0.008124 0.019862
0 0.674782 0.877098 0.00802 0.018194
0 0.660406 0.813348 0.007812 0.01875
0 0.692958 0.838624 0.0075 0.01875
0 0.6791560000000001 0.815152 0.007812 0.018194
0 0.6882699999999999 0.817652 0.006874 0.01875
0 0.6973339999999999 0.818792 0.007708 0.018972
0 0.6781140000000001 0.774736 0.00823 0.019584
0 0.669052 0.773138 0.008438 0.019444
0 0.65926 0.771334 0.007812 0.018056
0 0.6744159999999999 0.75432 0.008334 0.017362
0 0.68327 0.755708 0.006666 0.01625
0 0.640666 0.810708 0.007916 0.017638
0 0.645146 0.789598 0.007292 0.01875
0 0.649886 0.7705 0.007188 0.018334
0 0.6403540000000001 0.767722 0.00875 0.017222
0 0.635354 0.788556 0.008124 0.019722
0 0.6305099999999999 0.809112 0.00802 0.019444
0 0.6252500000000001 0.829598 0.007292 0.02125
0 0.594052 0.824666 0.009062 0.019444
0 0.5893120000000001 0.845916 0.008958 0.018888
0 0.5788960000000001 0.845222 0.009584 0.018612
0 0.583896 0.823624 0.008958 0.020694
0 0.588792 0.802584 0.00875 0.019166
0 0.599572 0.803902 0.008438 0.020416
0 0.604312 0.78307 0.00875 0.018472
0 0.594104 0.781264 0.008124 0.019584
0 0.615146 0.78557 0.008958 0.019862
0 0.6254059999999999 0.786402 0.008438 0.020138
0 0.5997300000000001 0.760292 0.009374 0.018194
0 0.609364 0.762792 0.008438 0.019584
0 0.620198 0.76418 0.007812 0.019584
0 0.6305099999999999 0.765638 0.00948 0.018888
0 0.588584 0.759388 0.008334 0.017778
0 0.583062 0.780778 0.008542 0.019166
0 0.6648339999999999 0.751542 0.007916 0.017362
0 0.5930200000000001 0.738326 0.008542 0.020542
0 0.6040719999999999 0.739778 0.00875 0.019862
0 0.6144799999999999 0.74193 0.008542 0.019444
0 0.62527 0.743598 0.00927 0.019444
0 0.63548 0.746514 0.00948 0.019166
0 0.645062 0.748876 0.00802 0.018334
0 0.654698 0.750194 0.009374 0.020138
0 0.5981879999999999 0.717764 0.008854 0.018612
0 0.609334 0.720056 0.008646 0.020694
0 0.619802 0.721652 0.00875 0.020834
0 0.629802 0.722902 0.008334 0.019722
0 0.639802 0.726722 0.008334 0.019862
0 0.649802 0.72818 0.008958 0.019722
0 0.659646 0.730472 0.00802 0.019028
0 0.66902 0.732902 0.007812 0.019444
0 0.6785000000000001 0.73443 0.008438 0.018888
0 0.68777 0.736514 0.007396 0.018334
0 0.6970419999999999 0.737626 0.007188 0.018334
0 0.6915720000000001 0.716652 0.007708 0.0175
0 0.682822 0.715056 0.007916 0.018194
0 0.6870419999999999 0.695264 0.007812 0.018888
0 0.677562 0.693112 0.00802 0.017084
0 0.6727700000000001 0.713112 0.007812 0.019028
0 0.6636040000000001 0.711236 0.008438 0.018888
0 0.6678219999999999 0.691236 0.0075 0.018056
0 0.6582920000000001 0.689014 0.007604 0.016666
0 0.6541779999999999 0.70825 0.007084 0.017916
0 0.6443859999999999 0.705958 0.008124 0.018334
0 0.662614 0.628528 0.007084 0.017916
0 0.672042 0.631862 0.007812 0.018194
0 0.6676660000000001 0.608736 0.008854 0.02
0 0.6574059999999999 0.606374 0.008124 0.02
0 0.607688 0.59159 0.008104 0.020598
0 0.618338 0.594688 0.009594 0.019598
0 0.6481140000000001 0.603986 0.00825 0.020612
0 0.6524639999999999 0.583994 0.008552 0.01982
0 0.6430880000000001 0.581896 0.008698 0.020014
0 0.632968 0.578098 0.00975 0.019972
0 0.568308 0.84359 0.011032 0.021986
0 0.556432 0.841688 0.010386 0.02232
0 0.5451360000000001 0.840562 0.009604 0.021458
0 0.5342960000000001 0.839612 0.01051 0.02025
0 0.5227440000000001 0.838652 0.01051 0.021806
0 0.510802 0.837534 0.01077 0.021292
0 0.49899000000000004 0.835542 0.01 0.021112
0 0.486526 0.83502 0.01051 0.021458
0 0.473932 0.833202 0.01051 0.021292
0 0.46159799999999995 0.831306 0.011032 0.022666
0 0.44862 0.830006 0.011302 0.022152
0 0.435902 0.828188 0.011032 0.021986
0 0.4421299999999999 0.804562 0.01051 0.02043
0 0.45543200000000006 0.806896 0.009864 0.019902
0 0.468286 0.80941 0.010906 0.022152
0 0.480812 0.810882 0.01025 0.02268
0 0.49275599999999997 0.811652 0.01026 0.0225
0 0.504896 0.812868 0.009604 0.02007
0 0.516578 0.814862 0.009864 0.02025
0 0.528386 0.816244 0.009604 0.021292
0 0.5399419999999999 0.817542 0.009864 0.021112
0 0.5509740000000001 0.819104 0.009344 0.019736
0 0.56227 0.820744 0.009084 0.019208
0 0.57298 0.822126 0.00948 0.018862
0 0.578624 0.801708 0.008834 0.018862
0 0.57324 0.777826 0.00948 0.019902
0 0.567526 0.799458 0.009468 0.02025
0 0.556818 0.797376 0.009614 0.021638
0 0.545396 0.796166 0.010126 0.021278
0 0.534098 0.79452 0.009094 0.02043
0 0.522416 0.792444 0.010646 0.021472
0 0.510084 0.79098 0.010126 0.023708
0 0.4988539999999999 0.789152 0.01 0.0225
0 0.486588 0.788118 0.009864 0.022152
0 0.474062 0.786132 0.01 0.023014
0 0.461344 0.783534 0.01025 0.023014
0 0.4490719999999999 0.781888 0.010646 0.023528
0 0.56227 0.77609 0.008834 0.019902
0 0.5668759999999999 0.754368 0.008438 0.020764
0 0.556098 0.753152 0.008698 0.018
0 0.55111 0.773494 0.010386 0.020598
0 0.539552 0.772284 0.009604 0.020598
0 0.422984 0.826888 0.011428 0.020416
0 0.41674999999999995 0.802048 0.011688 0.024402
0 0.4295979999999999 0.803528 0.010906 0.0225
0 0.2881100000000001 0.73334 0.012782 0.026152
0 0.3469739999999999 0.742458 0.013136 0.023278
0 0.3618220000000001 0.744256 0.012604 0.023042
0 0.37541599999999997 0.746896 0.01098 0.023042
0 0.389448 0.750736 0.0135 0.024472
0 0.403578 0.750256 0.01224 0.024486
0 0.4162760000000001 0.752778 0.011698 0.023278
0 0.42950599999999994 0.755534 0.011156 0.024958
0 0.44201 0.757222 0.009896 0.022556
0 0.42257199999999995 0.777862 0.011708 0.022556
0 0.436256 0.780256 0.011698 0.023042
0 0.44831200000000004 0.734298 0.010626 0.021848
0 0.4359839999999999 0.732138 0.01224 0.022806
0 0.4231100000000001 0.729736 0.012782 0.024722
0 0.4096979999999999 0.727098 0.01152 0.02425
0 0.3962920000000001 0.725062 0.012062 0.024486
0 0.3819840000000001 0.723624 0.01224 0.024
0 0.36884399999999995 0.720862 0.012604 0.024722
0 0.35453200000000007 0.718458 0.013146 0.023278
0 0.34031199999999995 0.715938 0.013854 0.024486
0 0.3256460000000001 0.714014 0.014042 0.025916
0 0.31034399999999995 0.711138 0.013688 0.025444
0 0.29558400000000007 0.708618 0.013688 0.02568
0 0.279922 0.705862 0.014406 0.026888
0 0.26444200000000007 0.70298 0.014032 0.02593
0 0.24896399999999996 0.70034 0.014406 0.026874
0 0.232672 0.69734 0.015656 0.027598
0 0.21566200000000002 0.694694 0.01476 0.028084
0 0.199646 0.691938 0.01548 0.026876
0 0.5150680000000001 0.632076 0.010156 0.020736
0 0.5269539999999999 0.635388 0.010156 0.02275
0 0.5322439999999999 0.614368 0.010364 0.02218
0 0.53775 0.593348 0.010146 0.021028
0 0.5431520000000001 0.572896 0.009718 0.021014
0 0.54898 0.55216 0.010584 0.021598
0 0.5432600000000001 0.528396 0.009938 0.020736
0 0.5376399999999999 0.549132 0.010364 0.020736
0 0.5321359999999999 0.570014 0.010584 0.022166
0 0.5269539999999999 0.590604 0.010156 0.020152
0 0.52125 0.611486 0.010416 0.021612
0 0.5315939999999999 0.524368 0.0095 0.020736
0 0.5258700000000001 0.545388 0.009282 0.021306
0 0.47992199999999996 0.715486 0.011928 0.0235
0 0.48562400000000006 0.693542 0.010376 0.023166
0 0.4921040000000001 0.671944 0.010896 0.022112
0 0.49715599999999993 0.651208 0.010104 0.022112
0 0.503374 0.629264 0.011146 0.021084
0 0.5090840000000001 0.607138 0.010104 0.021084
0 0.514526 0.587098 0.010114 0.021778
0 0.5208740000000001 0.566534 0.010376 0.02143
0 0.467994 0.714278 0.011406 0.023834
0 0.4737039999999999 0.691986 0.010886 0.020056
0 0.47966200000000003 0.66952 0.010886 0.022126
0 0.48614 0.647236 0.011406 0.021084
0 0.491328 0.626152 0.009844 0.020388
0 0.4974160000000001 0.604374 0.010104 0.021084
0 0.45452000000000004 0.712548 0.010376 0.021764
0 0.44259800000000005 0.709264 0.011928 0.022112
0 0.448688 0.686626 0.010624 0.021084
0 0.4608699999999999 0.689736 0.010636 0.019694
0 0.4670939999999999 0.666416 0.010626 0.022806
0 0.47331199999999995 0.644452 0.010626 0.021126
0 0.4292499999999999 0.707194 0.010626 0.024194
0 0.4359900000000001 0.684382 0.010104 0.02143
0 0.4423379999999999 0.661744 0.010364 0.022458
0 0.45490600000000003 0.664514 0.010626 0.021084
0 0.4608699999999999 0.643256 0.010636 0.022126
0 0.4670939999999999 0.620452 0.010104 0.020736
0 0.478494 0.622868 0.009594 0.020736
0 0.4857499999999999 0.601958 0.010626 0.021778
0 0.49184399999999995 0.58018 0.009334 0.019694
0 0.50312 0.583466 0.009594 0.020736
0 0.508438 0.563076 0.009334 0.020736
0 0.5142659999999999 0.541646 0.009594 0.020042
0 0.519584 0.520736 0.009334 0.021084
0 0.525412 0.500348 0.009072 0.020388
0 0.536688 0.503632 0.009334 0.020736
0 0.19171800000000006 0.662264 0.015624 0.027222
0 0.20849000000000006 0.665736 0.015 0.025
0 0.2245839999999999 0.668862 0.014688 0.025138
0 0.240572 0.672194 0.01375 0.025138
0 0.25687400000000005 0.67532 0.013854 0.025
0 0.2727599999999999 0.67782 0.013542 0.024722
0 0.28776 0.681084 0.012708 0.02375
0 0.30338599999999993 0.683652 0.013124 0.023334
0 0.3178639999999999 0.686778 0.012292 0.022638
0 0.33255199999999996 0.68893 0.011458 0.023056
0 0.3466659999999999 0.692194 0.012396 0.022362
0 0.35380199999999995 0.668028 0.011666 0.024028
0 0.33926999999999996 0.66525 0.01198 0.023472
0 0.3253440000000001 0.66168 0.012104 0.024528
0 0.31132800000000005 0.660188 0.015032 0.02632
0 0.295844 0.656444 0.013688 0.026028
0 0.281042 0.65375 0.015916 0.027222
0 0.26489000000000007 0.65091 0.015032 0.028708
0 0.2490779999999999 0.64777 0.014364 0.02782
0 0.23382199999999997 0.644486 0.016604 0.028416
0 0.21700000000000008 0.639848 0.014354 0.026916
0 0.20040199999999997 0.637756 0.014802 0.028708
0 0.41610400000000003 0.656756 0.01125 0.024236
0 0.40328600000000003 0.654452 0.012886 0.024514
0 0.38943799999999995 0.650702 0.011792 0.024514
0 0.3756459999999999 0.648326 0.011666 0.023792
0 0.3610420000000001 0.644646 0.011666 0.02393
0 0.34731200000000007 0.640966 0.01277 0.024374
0 0.33226599999999995 0.637938 0.01276 0.025236
0 0.31830800000000004 0.63534 0.01449 0.024958
0 0.30316199999999993 0.632382 0.013198 0.02568
0 0.28813599999999995 0.628486 0.013854 0.024806
0 0.272224 0.626112 0.01449 0.026694
0 0.257026 0.622646 0.014178 0.025236
0 0.2410159999999999 0.619624 0.015032 0.026112
0 0.22517199999999993 0.615438 0.014282 0.02668
0 0.20840199999999998 0.611334 0.014928 0.02625
0 0.18222399999999994 0.633466 0.01601 0.02668
0 0.16534800000000005 0.631236 0.016448 0.027694
0 0.19147399999999992 0.60866 0.014178 0.026098
0 0.17405800000000005 0.604334 0.01526 0.027834
0 0.15658400000000006 0.601736 0.015146 0.027834
0 0.09281800000000007 0.615944 0.017198 0.027972
0 0.11196399999999995 0.620126 0.016114 0.02625
0 0.13051600000000008 0.624236 0.016218 0.025806
0 0.14799399999999996 0.627194 0.016344 0.025972
0 0.10314599999999996 0.589264 0.015146 0.02625
0 0.12088999999999994 0.59366 0.014282 0.027542
0 0.13944200000000007 0.59734 0.015906 0.027986
0 0.11175000000000002 0.563944 0.015458 0.026972
0 0.13041199999999997 0.56748 0.014928 0.025958
0 0.14744200000000007 0.572098 0.014822 0.028278
0 0.1651879999999999 0.576062 0.013958 0.027848
0 0.18239000000000005 0.579666 0.013532 0.026972
0 0.199098 0.58291 0.013636 0.025958
0 0.12104599999999999 0.537402 0.015468 0.026972
0 0.13884399999999997 0.541368 0.015146 0.027402
0 0.1568020000000001 0.546784 0.014062 0.027264
0 0.17356799999999994 0.54952 0.013636 0.026402
0 0.19057199999999996 0.553854 0.014688 0.02582
0 0.21565199999999995 0.586514 0.013198 0.025388
0 0.23253199999999996 0.591284 0.013208 0.025098
0 0.24896800000000008 0.593876 0.01298 0.024222
0 0.2646520000000001 0.59748 0.015364 0.024236
0 0.27958400000000005 0.600798 0.01298 0.02393
0 0.29531799999999997 0.604548 0.012656 0.023652
0 0.3104579999999999 0.60873 0.012208 0.025376
0 0.32512399999999997 0.610612 0.013208 0.023944
0 0.3398380000000001 0.6145 0.01126 0.023084
0 0.354328 0.618826 0.011468 0.023652
0 0.3684019999999999 0.620924 0.011906 0.02207
0 0.38261999999999996 0.62525 0.012218 0.026112
0 0.39570799999999995 0.627124 0.011146 0.024666
0 0.408906 0.629646 0.009626 0.022792
0 0.30322399999999994 0.58125 0.01224 0.024666
0 0.3176620000000001 0.583416 0.012114 0.0235
0 0.33226599999999995 0.588104 0.011886 0.023376
0 0.34632799999999997 0.59157 0.011678 0.023084
0 0.36157799999999995 0.594666 0.011678 0.022944
0 0.3747180000000001 0.598202 0.010708 0.022514
0 0.3886879999999999 0.601736 0.0105 0.023222
0 0.40252 0.603972 0.011354 0.022778
0 0.2073640000000001 0.55807 0.014374 0.026166
0 0.224178 0.561902 0.01475 0.0255
0 0.24030200000000002 0.56607 0.0125 0.0245
0 0.256802 0.570152 0.0145 0.026334
0 0.2724279999999999 0.57357 0.013 0.025834
0 0.28761400000000004 0.57732 0.012374 0.025334
0 0.13036399999999992 0.51132 0.015374 0.026666
0 0.14767799999999998 0.51482 0.0145 0.027334
0 0.16530200000000006 0.52032 0.015 0.027666
0 0.18298999999999999 0.524986 0.014124 0.027334
0 0.19967800000000002 0.528486 0.01425 0.026666
0 0.21617799999999998 0.533402 0.01475 0.0275
0 0.13905199999999995 0.48507 0.0155 0.0275
0 0.15717800000000004 0.49082 0.0145 0.028334
0 0.17423999999999995 0.493652 0.013876 0.027666
0 0.19099 0.499402 0.014624 0.027166
0 0.2079279999999999 0.503652 0.015 0.026666
0 0.22374000000000005 0.507986 0.012876 0.026334
0 0.14836399999999994 0.460652 0.015124 0.027334
0 0.16511399999999998 0.46407 0.014876 0.025834
0 0.1827399999999999 0.469402 0.014874 0.0255
0 0.19961399999999996 0.47407 0.014626 0.025834
0 0.232302 0.537736 0.014 0.0275
0 0.2484280000000001 0.54132 0.014 0.027334
0 0.26424000000000003 0.54532 0.013624 0.026666
0 0.2404900000000001 0.512402 0.014374 0.026834
0 0.256178 0.516236 0.0135 0.025834
0 0.27192799999999995 0.52057 0.0135 0.025834
0 0.279552 0.54882 0.01325 0.025666
0 0.294802 0.552736 0.013 0.0245
0 0.28736399999999995 0.525736 0.014626 0.0265
0 0.2153020000000001 0.479236 0.01325 0.0265
0 0.23180200000000006 0.483402 0.01325 0.0265
0 0.247614 0.48732 0.013874 0.026666
0 0.26392799999999994 0.492652 0.01325 0.025334
0 0.2798639999999999 0.49757 0.013874 0.0245
0 0.2951140000000001 0.50132 0.013374 0.025666
0 0.302802 0.528486 0.013 0.025334
0 0.4225939999999999 0.633784 0.01098 0.023514
0 0.4296819999999999 0.61127 0.011886 0.024236
0 0.41518199999999994 0.607076 0.012072 0.024958
0 0.43561399999999995 0.588 0.011896 0.023278
0 0.42283800000000005 0.584994 0.01224 0.024486
0 0.409338 0.581514 0.01224 0.02425
0 0.44173400000000007 0.566756 0.011178 0.023042
0 0.44777 0.54527 0.010626 0.02232
0 0.42895400000000006 0.562916 0.012968 0.024472
0 0.416172 0.559798 0.012948 0.024958
0 0.4029419999999999 0.55559 0.01349 0.023764
0 0.3963699999999999 0.577792 0.013302 0.024
0 0.38207199999999997 0.574674 0.012062 0.02593
0 0.3896200000000001 0.552598 0.01276 0.024472
0 0.36847399999999997 0.57132 0.012572 0.025916
0 0.35443800000000003 0.56759 0.01298 0.024236
0 0.33959399999999995 0.564112 0.013854 0.025444
0 0.32536999999999994 0.56052 0.012782 0.024958
0 0.3103340000000001 0.556792 0.012938 0.024722
0 0.3174539999999999 0.533034 0.012052 0.02568
0 0.3323959999999999 0.538076 0.012416 0.025208
0 0.3470519999999999 0.54132 0.012626 0.025444
0 0.3612820000000001 0.544916 0.011874 0.024
0 0.3758539999999999 0.549112 0.012584 0.025194
0 0.310152 0.505798 0.013698 0.024958
0 0.17320800000000003 0.439326 0.016208 0.026208
0 0.1908080000000001 0.444506 0.015552 0.026792
0 0.18174 0.414556 0.01727 0.029666
0 0.1908080000000001 0.3895 0.015552 0.027362
0 0.199994 0.419014 0.014906 0.027638
0 0.208094 0.395826 0.014688 0.026208
0 0.21575999999999995 0.371494 0.015334 0.025348
0 0.23282200000000008 0.37798 0.014042 0.025624
0 0.2401660000000001 0.352778 0.014896 0.0265
0 0.24869800000000009 0.381722 0.014688 0.025638
0 0.22451 0.40116 0.013396 0.027652
0 0.2164060000000001 0.425494 0.015334 0.026208
0 0.208526 0.449834 0.01426 0.0265
0 0.22483399999999998 0.454006 0.01577 0.025624
0 0.2400580000000001 0.458472 0.012532 0.024194
0 0.23249999999999993 0.430534 0.013396 0.025348
0 0.24027599999999993 0.406632 0.01426 0.026486
0 0.24858800000000003 0.434138 0.014468 0.025056
0 0.2566919999999999 0.411382 0.013386 0.026792
0 0.2570159999999999 0.463944 0.015344 0.024194
0 0.2728900000000001 0.469416 0.01426 0.025916
0 0.26490199999999997 0.439466 0.01426 0.02593
0 0.27224399999999993 0.416854 0.013822 0.026208
0 0.280562 0.445222 0.014042 0.0265
0 0.28768799999999994 0.420612 0.013604 0.027334
0 0.28768799999999994 0.473132 0.012292 0.025124
0 0.3024800000000001 0.477646 0.012916 0.02443
0 0.31789599999999996 0.483416 0.0125 0.023472
0 0.2950839999999999 0.450152 0.013124 0.025278
0 0.30195799999999995 0.426334 0.012292 0.025138
0 0.3099799999999999 0.454944 0.012708 0.023472
0 0.30950999999999995 0.402028 0.01198 0.024306
0 0.31737400000000004 0.429944 0.012084 0.02375
0 0.324562 0.406958 0.010626 0.022222
0 0.3316460000000001 0.38459 0.010626 0.021652
0 0.3245100000000001 0.458138 0.01198 0.022638
0 0.3318540000000001 0.433902 0.011666 0.0225
0 0.33945800000000004 0.462166 0.0125 0.021528
0 0.3322179999999999 0.485708 0.014062 0.024444
0 0.32440599999999997 0.51057 0.01177 0.024166
0 0.33945800000000004 0.512584 0.013334 0.024584
0 0.3471139999999999 0.491056 0.012812 0.024306
0 0.361178 0.494944 0.01177 0.022916
0 0.35424999999999995 0.467514 0.01375 0.024444
0 0.3467499999999999 0.44043 0.012084 0.024166
0 0.3391980000000001 0.41175 0.01198 0.022916
0 0.346646 0.390152 0.011876 0.022778
0 0.353626 0.417444 0.011876 0.02375
0 0.3387819999999999 0.361264 0.01177 0.023888
0 0.345812 0.338972 0.012916 0.024584
0 0.3381559999999999 0.311334 0.011562 0.023472
0 0.331178 0.283834 0.01427 0.027084
0 0.3454999999999999 0.288972 0.011458 0.025138
0 0.35242799999999996 0.26848 0.012188 0.024708
0 0.3665419999999999 0.275084 0.012084 0.024862
0 0.359094 0.296334 0.012188 0.022638
0 0.3526879999999999 0.31925 0.011874 0.023472
0 0.352584 0.367098 0.011876 0.021388
0 0.36008400000000007 0.395222 0.011042 0.021806
0 0.3671660000000001 0.423138 0.01125 0.023194
0 0.36107200000000006 0.444806 0.012812 0.022362
0 0.36805200000000005 0.47168 0.01302 0.021944
0 0.3743540000000001 0.449312 0.011666 0.02332
0 0.38133400000000006 0.427722 0.012916 0.022916
0 0.375084 0.400986 0.0125 0.0225
0 0.3676360000000001 0.372098 0.011354 0.0225
0 0.360136 0.345014 0.01198 0.022778
0 0.36633399999999994 0.323694 0.011666 0.022916
0 0.35400999999999994 0.518688 0.012292 0.025208
0 0.368182 0.522388 0.012448 0.024194
0 0.3822080000000001 0.526688 0.011396 0.023598
0 0.39570799999999995 0.530084 0.011396 0.024
0 0.408984 0.532986 0.010948 0.024194
0 0.42218200000000006 0.537388 0.010948 0.023
0 0.43516200000000005 0.541388 0.010802 0.023
0 0.3753120000000001 0.499292 0.012896 0.024
0 0.38858400000000004 0.503986 0.012146 0.024194
0 0.4020840000000001 0.50809 0.01125 0.023598
0 0.41573400000000005 0.512388 0.010344 0.022194
0 0.4290879999999999 0.516188 0.010948 0.023402
0 0.44153599999999993 0.519486 0.010656 0.022
0 0.45450999999999997 0.523084 0.010792 0.023194
0 0.381834 0.476888 0.01125 0.022806
0 0.3951880000000001 0.481388 0.01125 0.023
0 0.40891199999999994 0.485188 0.011406 0.022598
0 0.421886 0.489584 0.010646 0.023
0 0.4350099999999999 0.49309 0.010792 0.021598
0 0.44806199999999996 0.498284 0.011396 0.021598
0 0.46043199999999995 0.501688 0.010948 0.022402
0 0.4724379999999999 0.50568 0.01125 0.022
0 0.484812 0.509688 0.0105 0.020792
0 0.49710999999999994 0.514188 0.010198 0.021402
0 0.3883859999999999 0.454334 0.011874 0.023334
0 0.40192800000000006 0.459056 0.011666 0.024166
0 0.41525999999999996 0.463916 0.010834 0.023056
0 0.3949480000000001 0.431764 0.01125 0.025138
0 0.40854199999999996 0.437112 0.01177 0.023056
0 0.42817799999999995 0.467528 0.010626 0.021944
0 0.44073000000000007 0.471834 0.009896 0.021388
0 0.453854 0.477306 0.010312 0.022334
0 0.46651 0.480444 0.010626 0.0225
0 0.479166 0.484888 0.010104 0.020834
0 0.49052000000000007 0.488708 0.009688 0.02125
0 0.502448 0.492528 0.010626 0.021666
0 0.4212499999999999 0.441278 0.010938 0.021666
0 0.43401 0.445722 0.010208 0.021112
0 0.44697999999999993 0.451542 0.011354 0.023638
0 0.3738539999999999 0.351152 0.01125 0.024722
0 0.38078199999999995 0.33025 0.01302 0.024584
0 0.3738539999999999 0.302264 0.0125 0.025
0 0.37994799999999995 0.281084 0.01052 0.024028
0 0.3877600000000001 0.308652 0.01198 0.024166
0 0.39395800000000003 0.2865 0.012708 0.025416
0 0.3942699999999999 0.336014 0.011458 0.023056
0 0.3877600000000001 0.355806 0.012812 0.024584
0 0.4008860000000001 0.313514 0.012188 0.022916
0 0.407292 0.292402 0.011876 0.023472
0 0.40015599999999996 0.2665 0.011562 0.022778
0 0.41375000000000006 0.2715 0.011666 0.024444
0 0.427084 0.278514 0.01125 0.025138
0 0.440364 0.283028 0.011562 0.023888
0 0.4527080000000001 0.28893 0.010834 0.022638
0 0.4653640000000001 0.294764 0.010938 0.023472
0 0.4772400000000001 0.298652 0.009896 0.02375
0 0.4895320000000001 0.306152 0.010938 0.021806
0 0.381084 0.37784 0.012374 0.024014
0 0.38845799999999997 0.40559 0.011626 0.023152
0 0.3948339999999999 0.38425 0.012376 0.022834
0 0.40127 0.36125 0.01075 0.021834
0 0.407208 0.340584 0.011376 0.0235
0 0.4022079999999999 0.41175 0.012126 0.023166
0 0.4080839999999999 0.388174 0.013376 0.02268
0 0.4148339999999999 0.367084 0.012376 0.021834
0 0.41406199999999993 0.319666 0.012292 0.023056
0 0.42052 0.298556 0.012084 0.022778
0 0.433646 0.304598 0.010834 0.023472
0 0.4275 0.32557 0.011042 0.022362
0 0.42099 0.346612 0.01198 0.023056
0 0.446094 0.308764 0.010104 0.021806
0 0.4398439999999999 0.330848 0.01073 0.02125
0 0.4333340000000001 0.351612 0.010624 0.020556
0 0.45838599999999996 0.3155 0.010104 0.021666
0 0.45244799999999996 0.336334 0.010104 0.021112
0 0.42724000000000006 0.372444 0.009688 0.020834
0 0.446928 0.357584 0.010938 0.021112
0 0.4710939999999999 0.321194 0.00927 0.021388
0 0.48349 0.326542 0.00948 0.022638
0 0.495104 0.330848 0.008958 0.02125
0 0.5072399999999999 0.336402 0.008646 0.020416
0 0.46484400000000003 0.341056 0.00948 0.021112
0 0.42198 0.394028 0.01125 0.021944
0 0.41530200000000006 0.415292 0.010938 0.022362
0 0.4275420000000001 0.419736 0.010416 0.022084
0 0.4336880000000001 0.39834 0.009792 0.021236
0 0.44025000000000003 0.37716 0.010834 0.020542
0 0.45955199999999996 0.455126 0.010416 0.022084
0 0.4728859999999999 0.459778 0.010416 0.021112
0 0.48461 0.464334 0.010094 0.020888
0 0.496224 0.468042 0.009572 0.020694
0 0.508354 0.473042 0.009688 0.020972
0 0.44111999999999996 0.42527 0.011052 0.02182
0 0.454032 0.429778 0.011458 0.021944
0 0.46585999999999994 0.4345 0.009678 0.020556
0 0.47830799999999996 0.439084 0.010198 0.021112
0 0.4902820000000001 0.44318 0.008958 0.020416
0 0.5024679999999999 0.447556 0.009374 0.020278
0 0.5133639999999999 0.451166 0.008854 0.020556
0 0.5257080000000001 0.456722 0.010626 0.021666
0 0.44696800000000003 0.403098 0.010104 0.021388
0 0.45327000000000006 0.383166 0.009374 0.020972
0 0.4591559999999999 0.362194 0.010104 0.022084
0 0.459886 0.408514 0.010312 0.021112
0 0.4653020000000001 0.38775 0.009062 0.021528
0 0.471136 0.36782 0.009688 0.020556
0 0.4718119999999999 0.413166 0.009792 0.02125
0 0.4777499999999999 0.392334 0.008958 0.020138
0 0.4836879999999999 0.418104 0.008958 0.021124
0 0.49608399999999997 0.42282 0.008958 0.02
0 0.507282 0.427124 0.00927 0.020556
0 0.5190520000000001 0.431152 0.008854 0.020556
0 0.53077 0.435944 0.009792 0.020138
0 0.4898340000000001 0.397334 0.01 0.020416
0 0.501708 0.402612 0.008958 0.020972
0 0.48384399999999994 0.372542 0.00927 0.021112
0 0.49577000000000004 0.376848 0.009584 0.020556
0 0.507334 0.38268 0.008958 0.021666
0 0.5135320000000001 0.407888 0.009688 0.020694
0 0.5251459999999999 0.41143 0.008958 0.019722
0 0.536136 0.415388 0.008646 0.019584
0 0.547542 0.419902 0.009166 0.02
0 0.51874 0.386362 0.008438 0.020416
0 0.5300419999999999 0.391362 0.00875 0.02125
0 0.5416559999999999 0.395042 0.008646 0.02
0 0.5421039999999999 0.440056 0.010208 0.02
0 0.553822 0.444152 0.00927 0.019028
0 0.5583020000000001 0.424014 0.008854 0.019028
0 0.564292 0.405056 0.009374 0.019722
0 0.553302 0.400334 0.010104 0.020834
0 0.5475620000000001 0.37625 0.009166 0.020138
0 0.5186040000000001 0.34132 0.010416 0.021388
0 0.5304279999999999 0.34632 0.00927 0.019722
0 0.536572 0.371598 0.009896 0.020278
0 0.524178 0.367292 0.010104 0.021666
0 0.513344 0.362152 0.009688 0.021112
0 0.5009999999999999 0.356944 0.01 0.021806
0 0.4895419999999999 0.3525 0.009792 0.021528
0 0.47735400000000006 0.346944 0.009584 0.022638
