0 0.1217680000000001 0.5082800000000001 0.06131 0.088474
0 0.05848199999999992 0.55243 0.061254 0.09858
0 0.11157400000000006 0.612452 0.059416 0.091742
0 0.041781999999999986 0.65299 0.05805 0.091784
0 0.407076 0.4185380000000001 0.05532 0.09058
0 0.361086 0.3598699999999999 0.052646 0.084388
0 0.30211600000000005 0.396946 0.057326 0.086452
0 0.24014000000000002 0.4355260000000001 0.055988 0.087484
0 0.04059799999999991 0.17754800000000004 0.06365 0.100044
0 0.030167999999999973 0.27492399999999995 0.055154 0.092302
0 0.053703999999999974 0.07126800000000011 0.062842 0.091096
0 0.10249400000000009 0.14273200000000008 0.057076 0.09828
0 0.09282799999999991 0.2445600000000001 0.0578 0.093506
0 0.15339799999999992 0.20139799999999997 0.053984 0.079784
0 0.14221400000000006 0.30649400000000004 0.054012 0.083956
0 0.08012599999999992 0.34281800000000007 0.052452 0.084
0 0.1327719999999999 0.40266599999999997 0.06053 0.092904
0 0.06759000000000004 0.4479359999999999 0.059806 0.086924
0 0.1700839999999999 0.1038699999999999 0.059332 0.082322
0 0.09942800000000007 0.7193339999999999 0.063314 0.093634
0 0.034121999999999986 0.7543439999999999 0.05131 0.093634
0 0.27548799999999996 0.13032200000000005 0.053482 0.08258
0 0.3937600000000001 0.06608600000000009 0.053984 0.079268
0 0.33777199999999996 0.10055999999999998 0.05131 0.082322
0 0.4957100000000001 0.089248 0.052646 0.082322
0 0.553078 0.05948400000000009 0.055404 0.086624
0 0.5986899999999999 0.12114000000000003 0.058662 0.096732
0 0.542368 0.15354800000000002 0.059332 0.08542
0 0.4430639999999999 0.1273120000000001 0.05532 0.09058
0 0.38607199999999997 0.16490399999999994 0.054596 0.091526
0 0.3264339999999999 0.19883800000000007 0.049972 0.08129
0 0.26845399999999997 0.23228000000000004 0.059304 0.088474
0 0.2571300000000001 0.333634 0.053984 0.083354
0 0.3150980000000001 0.297118 0.05532 0.084388
0 0.3724240000000001 0.2595479999999999 0.053984 0.077204
0 0.43073800000000007 0.232796 0.055962 0.081334
0 0.488718 0.19008599999999998 0.051978 0.094666
0 0.588022 0.218904 0.049304 0.082366
0 0.5796939999999999 0.31514 0.053984 0.08129
0 0.5330360000000001 0.251312 0.05131 0.08542
0 0.4763919999999999 0.2868379999999999 0.052674 0.084388
0 0.41874600000000006 0.318732 0.055988 0.078236
0 0.471058 0.38817199999999996 0.056658 0.08542
0 0.522716 0.34856 0.047994 0.09058
0 0.23313399999999995 0.534322 0.057966 0.083354
0 0.2911140000000001 0.4936560000000001 0.05131 0.094666
0 0.35109999999999997 0.458666 0.057966 0.086452
0 0.45772999999999997 0.483892 0.06064 0.081334
0 0.39775800000000006 0.5178499999999999 0.059304 0.08542
0 0.3387739999999999 0.5543659999999999 0.05064 0.082322
0 0.28213 0.5981080000000001 0.062646 0.08542
0 0.2178 0.630538 0.056658 0.092646
0 0.5651820000000001 0.40619399999999994 0.05298 0.092474
0 0.512772 0.44531199999999993 0.054122 0.085376
0 0.6239140000000001 0.3813120000000001 0.050668 0.07471
0 0.6124099999999999 0.46576400000000007 0.057576 0.076474
0 0.604346 0.5626880000000001 0.05298 0.078236
0 0.588732 0.661354 0.056574 0.090624
0 0.447144 0.577806 0.054122 0.076474
0 0.3866719999999999 0.6186879999999999 0.050668 0.072904
0 0.49838399999999994 0.543118 0.055264 0.071096
0 0.556546 0.503118 0.05181 0.08357
0 0.547326 0.6026879999999999 0.05181 0.08357
0 0.3273680000000001 0.6560440000000001 0.049498 0.08
0 0.3774660000000001 0.7138279999999999 0.05298 0.096044
0 0.2732460000000001 0.693376 0.06103 0.090666
0 0.205878 0.7351620000000001 0.059888 0.088904
0 0.48802199999999996 0.638258 0.055264 0.087096
0 0.432744 0.6729240000000001 0.057576 0.088904
0 0.482256 0.732516 0.059888 0.08
0 0.536964 0.6987319999999999 0.05415 0.094236
0 0.320516 0.761828 0.054234 0.074624
0 0.636574 0.282602 0.046072 0.069376
0 0.4233279999999999 0.7701720000000001 0.054736 0.089764
0 0.415794 0.8768180000000001 0.049192 0.074322
0 0.08717200000000003 0.819118 0.061086 0.09501
0 0.26189400000000007 0.7987519999999999 0.049526 0.082924
0 0.19778600000000002 0.8351820000000001 0.059248 0.088602
0 0.36485999999999996 0.8162579999999999 0.047214 0.087914
0 0.18396999999999997 0.9301079999999999 0.062144 0.095914
0 0.47212999999999994 0.830946 0.060808 0.098194
