0 0.226426 0.2482040000000001 0.046172 0.04698
0 0.29082 0.2514320000000001 0.049414 0.045886
0 0.268134 0.3040879999999999 0.04455 0.045364
0 0.248292 0.36078199999999994 0.046152 0.049688
0 0.293046 0.417748 0.04496 0.048046
0 0.312696 0.362136 0.046172 0.04698
0 0.332334 0.3059639999999999 0.045762 0.045886
0 0.352382 0.2495320000000001 0.046172 0.045364
0 0.416572 0.2509239999999999 0.045762 0.049192
0 0.394698 0.3078639999999999 0.048184 0.048594
0 0.374248 0.3629420000000001 0.045372 0.045364
0 0.35379 0.4155979999999999 0.04414 0.042656
0 0.335166 0.46688799999999997 0.040918 0.041588
0 0.371622 0.5181899999999999 0.041718 0.044818
0 0.393076 0.4666140000000001 0.040918 0.04427
0 0.41293 0.415052 0.040898 0.041562
0 0.433984 0.36457000000000006 0.045782 0.046432
0 0.455654 0.30812400000000006 0.046972 0.048072
0 0.480156 0.25224 0.048204 0.048594
0 0.543536 0.2560279999999999 0.048594 0.050756
0 0.519444 0.3113680000000001 0.045762 0.04914
0 0.496954 0.3651040000000001 0.046172 0.049688
0 0.469424 0.416666 0.045372 0.042656
0 0.451602 0.46796799999999994 0.044532 0.045886
0 0.430546 0.5195320000000001 0.04293 0.041042
0 0.606514 0.254934 0.045762 0.047526
0 0.581202 0.31055999999999995 0.046152 0.049662
0 0.556298 0.3651040000000001 0.046582 0.0475
0 0.531386 0.41829399999999994 0.044532 0.04914
0 0.509112 0.47066399999999997 0.041308 0.044818
0 0.487646 0.5192699999999999 0.041308 0.04375
0 0.408262 0.5684119999999999 0.039688 0.042656
0 0.463868 0.56776 0.041954 0.042812
0 0.52211 0.5680719999999999 0.045 0.041562
0 0.54543 0.5193220000000001 0.041484 0.043438
0 0.569454 0.46869800000000006 0.041718 0.039688
0 0.629454 0.46963599999999994 0.042188 0.042812
0 0.603672 0.520886 0.042656 0.042812
0 0.580352 0.5693220000000001 0.041016 0.039688
0 0.445586 0.6130720000000001 0.041016 0.033438
0 0.501484 0.615416 0.039844 0.0375
0 0.481446 0.66198 0.037266 0.03625
0 0.515546 0.70776 0.039376 0.039688
0 0.53711 0.662604 0.0375 0.0375
0 0.55961 0.614792 0.039844 0.038124
0 0.591914 0.661718 0.04086 0.03802
0 0.571328 0.708386 0.0375 0.038438
0 0.614804 0.6166659999999999 0.03914 0.036458
0 0.63871 0.5693220000000001 0.040546 0.040312
0 0.67082 0.617292 0.03914 0.036874
0 0.647148 0.66336 0.03961 0.038386
0 0.624296 0.709166 0.0375 0.0375
0 0.604024 0.749792 0.033984 0.0325
0 0.657226 0.7554160000000001 0.041954 0.039376
0 0.711602 0.7566660000000001 0.038204 0.036874
0 0.681016 0.7115100000000001 0.035626 0.036562
0 0.703046 0.666406 0.038906 0.03802
0 0.734218 0.7130719999999999 0.0375 0.037188
0 0.695312 0.5711980000000001 0.04125 0.042812
0 0.751562 0.57586 0.040312 0.042864
0 0.727344 0.620052 0.039062 0.03698
0 0.759062 0.669062 0.039376 0.040208
0 0.764922 0.757136 0.036562 0.037188
0 0.818828 0.7594799999999999 0.038438 0.0375
0 0.789844 0.7135419999999999 0.038282 0.035626
0 0.842734 0.71448 0.036094 0.033126
0 0.898046 0.719948 0.036562 0.037812
0 0.872968 0.7613540000000001 0.037032 0.039376
0 0.924766 0.761666 0.037968 0.0375
0 0.952188 0.7161979999999999 0.036094 0.036562
0 0.815546 0.6694800000000001 0.037968 0.03875
0 0.783438 0.62276 0.037968 0.035938
0 0.840156 0.6228119999999999 0.038906 0.038334
0 0.897696 0.624922 0.038204 0.037136
0 0.869218 0.67073 0.039844 0.038124
0 0.925 0.670104 0.039376 0.0375
0 0.97914 0.7635419999999999 0.034688 0.036874
0 0.951954 0.624322 0.039376 0.037812
0 0.592696 0.4187099999999999 0.045 0.04612
0 0.651748 0.420404 0.044434 0.044244
0 0.71165 0.419856 0.045566 0.044662
0 0.772548 0.420118 0.04416 0.045182
0 0.617012 0.36509199999999997 0.046406 0.04763
0 0.67917 0.3656520000000001 0.044708 0.045
0 0.739638 0.3662240000000001 0.044708 0.046876
0 0.643028 0.311836 0.046132 0.04836
0 0.70462 0.3116540000000001 0.045566 0.046484
0 0.766778 0.3123959999999999 0.04332 0.04724
0 0.668906 0.25539 0.04332 0.04875
0 0.733028 0.25484400000000007 0.045 0.049114
0 0.800674 0.3680859999999999 0.04584 0.04612
0 0.859726 0.37033800000000006 0.043594 0.047604
0 0.829218 0.312592 0.045 0.04763
0 0.796036 0.25540399999999996 0.045 0.049506
0 0.85749 0.25540399999999996 0.04416 0.049506
0 0.889404 0.31520799999999993 0.046114 0.046874
0 0.832452 0.4219139999999999 0.041894 0.045756
0 0.918798 0.259336 0.048106 0.05138
0 0.94959 0.31520799999999993 0.043868 0.048386
0 0.919082 0.37033800000000006 0.043594 0.044636
0 0.8925 0.4230339999999999 0.045546 0.044244
0 0.9517 0.423972 0.04246 0.04612
0 0.688896 0.4701820000000001 0.045566 0.045572
0 0.745938 0.47170599999999996 0.047578 0.046796
0 0.662734 0.520546 0.045898 0.04276
0 0.71876 0.5218879999999999 0.04455 0.046328
0 0.776816 0.523684 0.043868 0.045442
0 0.804834 0.472604 0.04455 0.045
0 0.809052 0.575156 0.043536 0.045104
0 0.836552 0.52504 0.041192 0.043672
0 0.866758 0.5779160000000001 0.041524 0.042292
0 0.864062 0.47556 0.044218 0.04539
0 0.894776 0.52504 0.04084 0.043672
0 0.923292 0.4759899999999999 0.04455 0.044532
0 0.923964 0.5785800000000001 0.043868 0.045442
0 0.95333 0.5272920000000001 0.043886 0.045468
0 0.219366 0.06705800000000006 0.050332 0.05651
0 0.285468 0.06901000000000002 0.048828 0.052604
0 0.35458 0.06851600000000002 0.046582 0.049584
0 0.421622 0.0682560000000001 0.047696 0.051094
0 0.20208 0.12760400000000005 0.047324 0.051562
0 0.266124 0.12785200000000008 0.047714 0.050078
0 0.330908 0.128606 0.050332 0.050598
0 0.39664 0.13085999999999998 0.04957 0.053072
0 0.487724 0.06925800000000004 0.048458 0.053098
0 0.460674 0.13186199999999992 0.0492 0.051068
0 0.55252 0.07351599999999991 0.048086 0.057604
0 0.52791 0.13385399999999992 0.04996 0.052084
0 0.619746 0.07576800000000006 0.04957 0.053098
0 0.59289 0.1343620000000001 0.048438 0.054088
0 0.688292 0.07476600000000011 0.046934 0.052084
0 0.65918 0.13562600000000002 0.048086 0.054584
0 0.725292 0.13662799999999997 0.048828 0.052578
0 0.75496 0.07877599999999996 0.04957 0.053072
0 0.820312 0.07877599999999996 0.04957 0.055104
0 0.789326 0.13861999999999997 0.048458 0.053594
0 0.884922 0.08002599999999993 0.048828 0.054584
0 0.852208 0.14062400000000008 0.047382 0.053594
0 0.950078 0.0810280000000001 0.046954 0.052578
0 0.915908 0.14136799999999994 0.0492 0.054088
