0 0.03128400000000009 0.953496 0.048624 0.046602
0 0.13862400000000008 0.938932 0.048624 0.046602
0 0.08816599999999997 0.943786 0.048624 0.046602
0 0.2441279999999999 0.97 0.048624 0.046602
0 0.295504 0.963204 0.048624 0.046602
0 0.34779800000000005 0.956408 0.048624 0.046602
0 0.3991739999999999 0.94864 0.048624 0.046602
0 0.4441280000000001 0.938932 0.048624 0.046602
0 0.49091799999999997 0.930194 0.048624 0.046602
0 0.5413760000000001 0.923398 0.048624 0.046602
0 0.592752 0.91466 0.048624 0.046602
0 0.640458 0.908834 0.048624 0.046602
0 0.6808259999999999 0.90301 0.048624 0.046602
0 0.7340359999999999 0.896214 0.048624 0.046602
0 0.7789900000000001 0.883592 0.048624 0.046602
0 0.8266979999999999 0.88165 0.048624 0.046602
0 0.7753220000000001 0.834078 0.048624 0.046602
0 0.731284 0.840874 0.048624 0.046602
0 0.67899 0.851554 0.048624 0.046602
0 0.634036 0.85835 0.048624 0.046602
0 0.581744 0.861262 0.048624 0.046602
0 0.770734 0.782622 0.048624 0.046602
0 0.72211 0.789418 0.048624 0.046602
0 0.674404 0.797184 0.048624 0.046602
0 0.62578 0.80398 0.048624 0.046602
0 0.762478 0.729224 0.048624 0.046602
0 0.7147699999999999 0.734078 0.048624 0.046602
0 0.673486 0.740874 0.048624 0.046602
0 0.762478 0.676796 0.048624 0.046602
0 0.7156880000000001 0.683592 0.048624 0.046602
0 0.621192 0.74864 0.048624 0.046602
0 0.6679820000000001 0.69136 0.048624 0.046602
0 0.6175219999999999 0.696214 0.048624 0.046602
0 0.5799080000000001 0.812718 0.048624 0.046602
0 0.572568 0.757378 0.048624 0.046602
0 0.567982 0.70301 0.048624 0.046602
0 0.5358719999999999 0.873884 0.048624 0.046602
0 0.5303659999999999 0.815632 0.048624 0.046602
0 0.5266980000000001 0.768058 0.048624 0.046602
0 0.5211920000000001 0.710776 0.048624 0.046602
0 0.5120180000000001 0.657378 0.048624 0.046602
0 0.5643119999999999 0.649612 0.048624 0.046602
0 0.6111 0.641844 0.048624 0.046602
0 0.6578900000000001 0.63699 0.048624 0.046602
0 0.7101839999999999 0.629224 0.048624 0.046602
0 0.48541199999999995 0.877766 0.048624 0.046602
0 0.48357800000000006 0.827282 0.048624 0.046602
0 0.4734860000000001 0.77097 0.048624 0.046602
0 0.470734 0.719514 0.048624 0.046602
0 0.4670639999999999 0.663204 0.048624 0.046602
0 0.6578900000000001 0.583592 0.048624 0.046602
0 0.607432 0.588446 0.048624 0.046602
0 0.556972 0.5933 0.048624 0.046602
0 0.510184 0.60398 0.048624 0.046602
0 0.44229399999999996 0.888446 0.048624 0.046602
0 0.43311999999999995 0.833106 0.048624 0.046602
0 0.392752 0.895242 0.048624 0.046602
0 0.38266 0.842816 0.048624 0.046602
0 0.42761399999999994 0.779708 0.048624 0.046602
0 0.42302799999999996 0.728252 0.048624 0.046602
0 0.4111 0.668058 0.048624 0.046602
0 0.46155999999999997 0.611748 0.048624 0.046602
0 0.40834799999999993 0.618544 0.048624 0.046602
0 0.3817440000000001 0.777766 0.048624 0.046602
0 0.3707339999999999 0.73602 0.048624 0.046602
0 0.3624780000000001 0.678738 0.048624 0.046602
0 0.35789000000000004 0.624368 0.048624 0.046602
0 0.3175220000000001 0.737962 0.048624 0.046602
0 0.31844000000000006 0.685534 0.048624 0.046602
0 0.30651399999999995 0.629224 0.048624 0.046602
0 0.2725679999999999 0.74767 0.048624 0.046602
0 0.26706399999999997 0.69136 0.048624 0.046602
0 0.2588079999999999 0.637962 0.048624 0.046602
0 0.22394399999999992 0.755436 0.048624 0.046602
0 0.217522 0.701068 0.048624 0.046602
0 0.20926599999999995 0.644758 0.048624 0.046602
0 0.18357800000000002 0.874854 0.048624 0.046602
0 0.1771560000000001 0.819514 0.048624 0.046602
0 0.17073399999999994 0.762234 0.048624 0.046602
0 0.16155999999999993 0.70398 0.048624 0.046602
0 0.703762 0.571942 0.048624 0.046602
0 0.6432119999999999 0.524368 0.048624 0.046602
0 0.5936699999999999 0.53602 0.048624 0.046602
0 0.552386 0.541844 0.048624 0.046602
0 0.5055959999999999 0.544758 0.048624 0.046602
0 0.451468 0.555436 0.048624 0.046602
0 0.40651400000000004 0.562234 0.048624 0.046602
0 0.35605599999999993 0.572912 0.048624 0.046602
0 0.29917400000000005 0.575826 0.048624 0.046602
0 0.252386 0.582622 0.048624 0.046602
0 0.20192600000000005 0.590388 0.048624 0.046602
0 0.15422000000000002 0.653496 0.048624 0.046602
0 0.13036599999999998 0.884564 0.048624 0.046602
0 0.12210999999999994 0.827282 0.048624 0.046602
0 0.1175219999999999 0.77097 0.048624 0.046602
0 0.11018400000000006 0.71466 0.048624 0.046602
0 0.10284399999999994 0.65835 0.048624 0.046602
0 0.5982559999999999 0.48068 0.048624 0.046602
0 0.5514680000000001 0.483592 0.048624 0.046602
0 0.500092 0.49233 0.048624 0.046602
0 0.45055 0.499126 0.048624 0.046602
0 0.40376199999999995 0.50301 0.048624 0.046602
0 0.3514679999999999 0.512718 0.048624 0.046602
0 0.29917400000000005 0.520486 0.048624 0.046602
0 0.24871599999999994 0.52534 0.048624 0.046602
0 0.1955039999999999 0.531166 0.048624 0.046602
0 0.15146799999999994 0.597184 0.048624 0.046602
0 0.0991740000000001 0.604952 0.048624 0.046602
0 0.1468799999999999 0.537962 0.048624 0.046602
0 0.3422940000000001 0.455436 0.048624 0.046602
0 0.39458799999999994 0.4467 0.048624 0.046602
0 0.441376 0.438932 0.048624 0.046602
0 0.494588 0.437962 0.048624 0.046602
0 0.542294 0.432136 0.048624 0.046602
0 0.08357799999999993 0.889418 0.048624 0.046602
0 0.07440399999999991 0.835048 0.048624 0.046602
0 0.06889999999999996 0.778738 0.048624 0.046602
0 0.060642000000000085 0.723398 0.048624 0.046602
0 0.05330199999999996 0.666116 0.048624 0.046602
0 0.045963999999999894 0.608834 0.048624 0.046602
0 0.09275199999999995 0.545728 0.048624 0.046602
0 0.03862399999999999 0.550582 0.048624 0.046602
0 0.2936700000000001 0.460292 0.048624 0.046602
0 0.242294 0.46903 0.048624 0.046602
0 0.48632999999999993 0.382622 0.048624 0.046602
0 0.43770599999999993 0.385534 0.048624 0.046602
0 0.38908199999999993 0.394272 0.048624 0.046602
0 0.3404579999999999 0.402038 0.048624 0.046602
0 0.2881659999999999 0.406894 0.048624 0.046602
0 0.23587200000000008 0.411748 0.048624 0.046602
0 0.27715599999999996 0.34767 0.048624 0.046602
0 0.2257800000000001 0.357378 0.048624 0.046602
0 0.3312839999999999 0.340874 0.048624 0.046602
0 0.383578 0.335048 0.048624 0.046602
0 0.432202 0.330194 0.048624 0.046602
0 0.19091799999999992 0.474854 0.048624 0.046602
0 0.17990799999999996 0.418544 0.048624 0.046602
0 0.14137599999999995 0.479708 0.048624 0.046602
0 0.08724799999999999 0.489418 0.048624 0.046602
0 0.03128400000000009 0.496214 0.048624 0.046602
0 0.12945000000000007 0.42534 0.048624 0.046602
0 0.07807399999999998 0.433106 0.048624 0.046602
0 0.02486199999999994 0.438932 0.048624 0.046602
0 0.17532199999999998 0.360292 0.048624 0.046602
0 0.12486200000000003 0.368058 0.048624 0.046602
0 0.07165200000000005 0.374854 0.048624 0.046602
0 0.025779999999999914 0.384564 0.048624 0.046602
0 0.31935800000000003 0.286504 0.048624 0.046602
0 0.2725679999999999 0.2933 0.048624 0.046602
0 0.2248619999999999 0.300098 0.048624 0.046602
0 0.1670640000000001 0.306894 0.048624 0.046602
0 0.11660599999999999 0.310776 0.048624 0.046602
0 0.06431199999999992 0.321456 0.048624 0.046602
0 0.106514 0.257378 0.048624 0.046602
0 0.05789 0.262234 0.048624 0.046602
0 0.548624 0.976408 0.048624 0.046602
0 0.59633 0.969612 0.048624 0.046602
0 0.644128 0.959902 0.048624 0.046602
0 0.6862379999999999 0.953106 0.048624 0.046602
0 0.7348619999999999 0.94631 0.048624 0.046602
0 0.7788999999999999 0.936602 0.048624 0.046602
0 0.825688 0.930776 0.048624 0.046602
