0 0.378142 0.132606 0.077116 0.083388
0 0.35393399999999997 0.291994 0.086066 0.090112
0 0.3369 0.4433 0.0771 0.078
0 0.316276 0.581832 0.078916 0.075312
0 0.6955579999999999 0.144712 0.09505 0.099526
0 0.917926 0.052588 0.11655 0.100876
0 0.8551580000000001 0.239538 0.112984 0.098174
0 0.657 0.325618 0.1076 0.090112
0 0.813016 0.419762 0.104 0.07935
0 0.6247240000000001 0.487012 0.100416 0.087426
0 0.7762579999999999 0.576456 0.102216 0.078012
0 0.9224079999999999 0.677326 0.104016 0.086074
0 0.734108 0.727762 0.09325 0.071274
0 0.5924419999999999 0.630918 0.09685 0.076662
0 0.559266 0.769456 0.095034 0.073962
0 0.8757839999999999 0.823256 0.089666 0.082038
0 0.6919759999999999 0.862262 0.084284 0.073974
0 0.535058 0.889162 0.06815 0.0659
0 0.299242 0.707588 0.073516 0.071276
0 0.283992 0.8246 0.075316 0.0686
0 0.27055000000000007 0.935556 0.073534 0.064562
0 0.20419199999999993 0.499118 0.073516 0.071288
0 0.08404199999999995 0.552238 0.059184 0.06725
0 0.18805000000000005 0.626888 0.062766 0.071274
0 0.17909200000000003 0.747268 0.06635 0.069938
0 0.077766 0.666568 0.060966 0.064562
0 0.16832599999999998 0.858218 0.059184 0.063212
0 0.0732839999999999 0.781556 0.0556 0.063212
0 0.06163399999999997 0.881762 0.0538 0.0538
0 0.1593580000000001 0.959094 0.06635 0.057838
0 0.24633400000000005 0.053256 0.089666 0.088762
0 0.11453399999999991 0.133956 0.073534 0.072638
0 0.22930000000000006 0.214656 0.0771 0.083388
0 0.10377400000000003 0.284594 0.06635 0.069938
0 0.21316599999999997 0.360582 0.0807 0.076662
0 0.09031600000000006 0.420432 0.071734 0.064562
