0 0.322334 0.04961199999999999 0.1125 0.0798
0 0.248608 0.23373200000000005 0.11705 0.087788
0 0.487258 0.16304999999999992 0.120084 0.0855
0 0.7282 0.10091199999999989 0.118566 0.077524
0 0.038834 0.10832599999999992 0.077534 0.0741
0 0.158158 0.431538 0.10945 0.0912
0 0.417334 0.3636999999999999 0.126166 0.0855
0 0.670442 0.290168 0.121616 0.084362
0 0.923542 0.22631800000000002 0.11705 0.084362
0 0.868816 0.431538 0.126166 0.095774
0 0.59595 0.5016499999999999 0.1216 0.094626
0 0.333734 0.5757559999999999 0.117034 0.106038
0 0.078358 0.6453 0.123116 0.094624
0 0.526024 0.7273879999999999 0.142884 0.1083
0 0.798892 0.655562 0.13225 0.1083
0 0.247084 0.796362 0.141366 0.111724
0 0.730484 0.896118 0.141366 0.110588
