0 0.954766 0.96765 0.036956 0.060966
0 0.976934 0.926866 0.038 0.0586
0 0.911478 0.966066 0.040112 0.0562
0 0.929166 0.926084 0.0322 0.055434
0 0.951866 0.888084 0.034312 0.055434
0 0.9735 0.846516 0.033266 0.060966
0 0.8682 0.964866 0.033778 0.057
0 0.890366 0.927666 0.036956 0.0586
0 0.908578 0.888466 0.035378 0.0562
0 0.930478 0.846116 0.031666 0.053834
0 0.950812 0.806916 0.0322 0.060966
0 0.967688 0.764166 0.025866 0.0562
0 0.827034 0.9633 0.031666 0.057
0 0.847088 0.92925 0.033778 0.053834
0 0.751066 0.968434 0.033866 0.0578
0 0.787444 0.96605 0.030622 0.059366
0 0.806712 0.927266 0.033244 0.0578
0 0.770556 0.927266 0.032712 0.053066
0 0.732556 0.925666 0.034844 0.0578
0 0.867666 0.888866 0.034844 0.0554
0 0.885834 0.848134 0.038288 0.0602
0 0.906256 0.807166 0.032734 0.0594
0 0.928688 0.766 0.034312 0.062534
0 0.949544 0.724834 0.035888 0.0578
0 0.970388 0.681666 0.0322 0.064934
0 0.786378 0.889984 0.031688 0.059366
0 0.804856 0.850416 0.035178 0.055434
0 0.8275 0.888016 0.032112 0.058034
0 0.845544 0.851066 0.032112 0.056734
0 0.865766 0.8095 0.030334 0.051466
0 0.885344 0.767266 0.032556 0.063334
0 0.906678 0.727016 0.034734 0.0607
0 0.928444 0.686166 0.034312 0.068666
0 0.950666 0.643234 0.033866 0.062
0 0.971544 0.600034 0.032556 0.064
0 0.765934 0.8537 0.029466 0.0554
0 0.7855 0.812134 0.030778 0.050134
0 0.824422 0.81115 0.035644 0.061366
0 0.844656 0.7719 0.031222 0.0594
0 0.864012 0.731 0.030334 0.058066
0 0.885344 0.687766 0.033444 0.0574
0 0.906456 0.647516 0.031666 0.060034
0 0.927566 0.60465 0.035178 0.060034
0 0.949122 0.559784 0.032556 0.054766
0 0.971778 0.5182 0.034756 0.064
0 0.801988 0.776184 0.031222 0.057366
0 0.823322 0.735934 0.030778 0.056066
0 0.8429 0.693384 0.032112 0.062034
0 0.865766 0.6528 0.033 0.0574
0 0.884466 0.610916 0.029912 0.065966
0 0.9047 0.565384 0.032556 0.062034
0 0.926688 0.5235 0.032534 0.062666
0 0.747012 0.891966 0.0374 0.0528
0 0.729856 0.854366 0.031222 0.0594
0 0.767034 0.77685 0.031666 0.0587
0 0.785278 0.737916 0.033 0.0495
0 0.803978 0.6957 0.029022 0.056066
0 0.8242 0.656766 0.0308 0.054734
0 0.843778 0.6159 0.032088 0.056134
0 0.862912 0.572984 0.033422 0.061366
0 0.764822 0.69965 0.032534 0.054766
0 0.783522 0.658416 0.031222 0.058034
0 0.802656 0.618834 0.036066 0.058066
0 0.824422 0.575616 0.032088 0.0587
0 0.883356 0.5301 0.030356 0.0574
0 0.904256 0.486584 0.035178 0.058766
0 0.949556 0.478316 0.0352 0.054166
0 0.748766 0.81445 0.033 0.0587
