0 0.368443 0.746463 0.018304 0.019485
0 0.191494 0.676125 0.018278 0.019512
0 0.211241 0.676125 0.018278 0.019512
0 0.202127 0.693740 0.018278 0.019512
0 0.182127 0.693740 0.018278 0.019512
0 0.385797 0.125610 0.014684 0.018970
0 0.375924 0.144864 0.017772 0.017588
0 0.365797 0.163835 0.017772 0.017588
0 0.356684 0.182263 0.017772 0.017588
0 0.347316 0.201233 0.017772 0.017588
0 0.355671 0.144864 0.017772 0.017588
0 0.346304 0.164106 0.017772 0.017588
0 0.345544 0.125623 0.017772 0.017588
0 0.335671 0.144322 0.017772 0.017588
0 0.316430 0.143509 0.017772 0.017588
0 0.326051 0.163022 0.017772 0.017588
0 0.305544 0.163293 0.017772 0.017588
0 0.285291 0.162209 0.017772 0.017588
0 0.406304 0.125894 0.017772 0.017588
0 0.396177 0.144458 0.018278 0.019485
0 0.386557 0.163293 0.018278 0.019485
0 0.376177 0.180637 0.018278 0.019485
0 0.366810 0.199878 0.018278 0.019485
0 0.426304 0.126707 0.018278 0.019485
0 0.415671 0.145407 0.018278 0.019485
0 0.405797 0.163022 0.018278 0.019485
0 0.396177 0.181721 0.018278 0.019485
0 0.336430 0.182534 0.018278 0.019485
0 0.316177 0.181992 0.018278 0.019485
0 0.297190 0.179824 0.018278 0.019485
0 0.277443 0.181721 0.018278 0.019485
0 0.246304 0.197439 0.018278 0.019485
0 0.237949 0.216951 0.018278 0.019485
0 0.226810 0.237005 0.018278 0.019485
0 0.218456 0.255434 0.018278 0.019485
0 0.266051 0.200420 0.018278 0.019485
0 0.255671 0.218577 0.018278 0.019485
0 0.246304 0.237276 0.018278 0.019485
0 0.285797 0.200691 0.018278 0.019485
0 0.306810 0.200149 0.018278 0.019485
0 0.325797 0.201233 0.018278 0.019485
0 0.275924 0.218848 0.018278 0.019485
0 0.296937 0.218848 0.018278 0.019485
0 0.266557 0.236463 0.018278 0.019485
0 0.236684 0.254079 0.018278 0.019485
0 0.256937 0.255163 0.018278 0.019485
0 0.316684 0.218306 0.018278 0.019485
0 0.336430 0.218306 0.018278 0.019485
0 0.286051 0.237005 0.018278 0.019485
0 0.276937 0.255705 0.018278 0.019485
0 0.305291 0.238089 0.018278 0.019485
0 0.296177 0.255434 0.018278 0.019485
0 0.356937 0.218848 0.018278 0.019485
0 0.327063 0.236734 0.018278 0.019485
0 0.346810 0.237005 0.018278 0.019485
0 0.316430 0.255976 0.018278 0.019485
0 0.337190 0.256518 0.018278 0.019485
0 0.386557 0.201504 0.018278 0.019485
0 0.377443 0.219390 0.018278 0.019485
0 0.445544 0.126165 0.018278 0.019485
0 0.436430 0.144593 0.018278 0.019485
0 0.425544 0.163022 0.018278 0.019485
0 0.415671 0.180908 0.018278 0.019485
0 0.406051 0.200691 0.018278 0.019485
0 0.396177 0.219661 0.018278 0.019485
0 0.367316 0.238089 0.018278 0.019485
0 0.385544 0.238902 0.018278 0.019485
0 0.355924 0.255434 0.018278 0.019485
0 0.376937 0.256247 0.018278 0.019485
0 0.465038 0.126165 0.018278 0.019485
0 0.456937 0.144593 0.018278 0.019485
0 0.446304 0.162751 0.018278 0.019485
0 0.435924 0.182534 0.018278 0.019485
0 0.426304 0.199878 0.018278 0.019485
0 0.415671 0.218577 0.018278 0.019485
0 0.406051 0.237276 0.018278 0.019485
0 0.396430 0.256247 0.018278 0.019485
0 0.485038 0.126165 0.018278 0.019485
0 0.474658 0.145407 0.018278 0.019485
0 0.466051 0.163293 0.018278 0.019485
0 0.457443 0.182805 0.018278 0.019485
0 0.445544 0.200962 0.018278 0.019485
0 0.435671 0.219932 0.018278 0.019485
0 0.426557 0.238089 0.018278 0.019485
0 0.416684 0.256518 0.018278 0.019485
0 0.506051 0.127249 0.018278 0.019485
0 0.494152 0.145949 0.018278 0.019485
0 0.484025 0.165461 0.018278 0.019485
0 0.476430 0.181992 0.018278 0.019485
0 0.465544 0.200149 0.018278 0.019485
0 0.455165 0.218577 0.018278 0.019485
0 0.446051 0.238089 0.018278 0.019485
0 0.435924 0.255976 0.018278 0.019485
0 0.525038 0.127249 0.018278 0.019485
0 0.515671 0.144322 0.018278 0.019485
0 0.504532 0.163564 0.018278 0.019485
0 0.495671 0.181992 0.018278 0.019485
0 0.485544 0.199607 0.018278 0.019485
0 0.476177 0.219119 0.018278 0.019485
0 0.464785 0.235650 0.018278 0.019485
0 0.455924 0.255163 0.018278 0.019485
0 0.545797 0.126707 0.018278 0.019485
0 0.535165 0.143780 0.018278 0.019485
0 0.525291 0.163564 0.018278 0.019485
0 0.514658 0.182805 0.018278 0.019485
0 0.505038 0.200691 0.018278 0.019485
0 0.495165 0.218848 0.018278 0.019485
0 0.485544 0.237818 0.018278 0.019485
0 0.475671 0.254621 0.018278 0.019485
0 0.565291 0.126707 0.018278 0.019485
0 0.554911 0.144593 0.018278 0.019485
0 0.544785 0.162480 0.018278 0.019485
0 0.535671 0.182534 0.018278 0.019485
0 0.525038 0.200149 0.018278 0.019485
0 0.515671 0.218577 0.018278 0.019485
0 0.505291 0.237276 0.018278 0.019485
0 0.494405 0.254079 0.018278 0.019485
0 0.584532 0.126707 0.018278 0.019485
0 0.573392 0.144322 0.018278 0.019485
0 0.564278 0.163564 0.018278 0.019485
0 0.556177 0.183618 0.018278 0.019485
0 0.545291 0.201233 0.018278 0.019485
0 0.534911 0.218848 0.018278 0.019485
0 0.525038 0.238360 0.018278 0.019485
0 0.515418 0.254892 0.018278 0.019485
0 0.603519 0.126707 0.018278 0.019485
0 0.593899 0.145678 0.018278 0.019485
0 0.584025 0.163835 0.018278 0.019485
0 0.573899 0.181450 0.018278 0.019485
0 0.563772 0.201233 0.018278 0.019485
0 0.554152 0.219661 0.018278 0.019485
0 0.544785 0.237276 0.018278 0.019485
0 0.535165 0.255434 0.018278 0.019485
0 0.623266 0.126707 0.018278 0.019485
0 0.614152 0.146220 0.018278 0.019485
0 0.662506 0.125623 0.018278 0.019485
0 0.692633 0.145136 0.018278 0.019485
0 0.722253 0.164106 0.018278 0.019485
0 0.671873 0.145407 0.018278 0.019485
0 0.702506 0.163835 0.018278 0.019485
0 0.732127 0.181450 0.018278 0.019485
0 0.760481 0.201233 0.018278 0.019485
0 0.771367 0.220745 0.018278 0.019485
0 0.780228 0.238902 0.018278 0.019485
0 0.799215 0.240528 0.018278 0.019485
0 0.740987 0.202588 0.018278 0.019485
0 0.652380 0.145136 0.018278 0.019485
0 0.632886 0.145949 0.018278 0.019485
0 0.604785 0.164648 0.018278 0.019485
0 0.593392 0.182263 0.018278 0.019485
0 0.584025 0.201504 0.018278 0.019485
0 0.574405 0.219119 0.018278 0.019485
0 0.564532 0.237818 0.018278 0.019485
0 0.554405 0.255705 0.018278 0.019485
0 0.623519 0.164648 0.018278 0.019485
0 0.643266 0.164377 0.018278 0.019485
0 0.662253 0.165190 0.018278 0.019485
0 0.681747 0.164648 0.018278 0.019485
0 0.613392 0.183347 0.018278 0.019485
0 0.632380 0.183347 0.018278 0.019485
0 0.652380 0.183618 0.018278 0.019485
0 0.671873 0.183347 0.018278 0.019485
0 0.602759 0.201233 0.018278 0.019485
0 0.593899 0.220474 0.018278 0.019485
0 0.583772 0.237818 0.018278 0.019485
0 0.623013 0.202046 0.018278 0.019485
0 0.613139 0.218306 0.018278 0.019485
0 0.605038 0.237276 0.018278 0.019485
0 0.575418 0.255976 0.018278 0.019485
0 0.594658 0.255976 0.018278 0.019485
0 0.642253 0.201233 0.018278 0.019485
0 0.632633 0.219119 0.018278 0.019485
0 0.623013 0.236734 0.018278 0.019485
0 0.614405 0.255163 0.018278 0.019485
0 0.662000 0.201233 0.018278 0.019485
0 0.652886 0.219932 0.018278 0.019485
0 0.643266 0.237005 0.018278 0.019485
0 0.633139 0.254892 0.018278 0.019485
0 0.692380 0.182805 0.018278 0.019485
0 0.682000 0.201504 0.018278 0.019485
0 0.672380 0.218848 0.018278 0.019485
0 0.662759 0.238902 0.018278 0.019485
0 0.652886 0.255163 0.018278 0.019485
0 0.711620 0.182263 0.018278 0.019485
0 0.703013 0.200962 0.018278 0.019485
0 0.690101 0.219932 0.018278 0.019485
0 0.682000 0.238902 0.018278 0.019485
0 0.671620 0.256518 0.018278 0.019485
0 0.721241 0.201504 0.018278 0.019485
0 0.711620 0.219390 0.018278 0.019485
0 0.701494 0.238360 0.018278 0.019485
0 0.692127 0.255163 0.018278 0.019485
0 0.730354 0.220474 0.018278 0.019485
0 0.721494 0.237818 0.018278 0.019485
0 0.711620 0.258144 0.018278 0.019485
0 0.751620 0.220474 0.018278 0.019485
0 0.740734 0.238360 0.018278 0.019485
0 0.731114 0.257060 0.018278 0.019485
0 0.760734 0.238631 0.018278 0.019485
0 0.750861 0.258415 0.018278 0.019485
0 0.770608 0.256518 0.018278 0.019485
0 0.786557 0.257602 0.018278 0.019485
0 0.808329 0.258144 0.018278 0.019485
0 0.207570 0.236463 0.018278 0.019485
0 0.197696 0.255163 0.018278 0.019485
0 0.179468 0.291748 0.018278 0.019485
0 0.167570 0.309363 0.018278 0.019485
0 0.159215 0.328875 0.018278 0.019485
0 0.149089 0.347846 0.018278 0.019485
0 0.209089 0.273862 0.018278 0.019485
0 0.198203 0.292290 0.018278 0.019485
0 0.189848 0.310447 0.018278 0.019485
0 0.179722 0.327791 0.018278 0.019485
0 0.170101 0.347033 0.018278 0.019485
0 0.228076 0.273699 0.018278 0.019485
0 0.218962 0.292940 0.018278 0.019485
0 0.208076 0.310827 0.018278 0.019485
0 0.197924 0.328957 0.018278 0.019485
0 0.189165 0.347683 0.018278 0.019485
0 0.247127 0.274702 0.018304 0.019485
0 0.238025 0.293049 0.018278 0.019485
0 0.228911 0.310610 0.018278 0.019485
0 0.218684 0.328957 0.018278 0.019485
0 0.209215 0.348062 0.018278 0.019485
0 0.266456 0.273537 0.018278 0.019485
0 0.259165 0.291491 0.018278 0.019512
0 0.248582 0.311396 0.018278 0.019485
0 0.237646 0.327778 0.018278 0.019512
0 0.229620 0.346504 0.018278 0.019512
0 0.159266 0.364079 0.018278 0.019485
0 0.151620 0.383577 0.018278 0.019512
0 0.138127 0.402696 0.018278 0.019485
0 0.179316 0.366409 0.018278 0.019485
0 0.169848 0.383184 0.018278 0.019485
0 0.161089 0.403482 0.018278 0.019485
0 0.198633 0.366409 0.018278 0.019485
0 0.218329 0.366409 0.018278 0.019485
0 0.189165 0.384363 0.018278 0.019512
0 0.209570 0.384756 0.018278 0.019485
0 0.180051 0.403103 0.018278 0.019485
0 0.198633 0.403103 0.018278 0.019485
0 0.287228 0.275095 0.018304 0.019512
0 0.277013 0.293428 0.018278 0.019485
0 0.269013 0.312561 0.018278 0.019485
0 0.258785 0.330122 0.018278 0.019485
0 0.248228 0.346504 0.018278 0.019512
0 0.239468 0.365623 0.018278 0.019485
0 0.229266 0.383970 0.018278 0.019485
0 0.218329 0.403103 0.018278 0.019485
0 0.307646 0.275488 0.018278 0.019485
0 0.297797 0.292263 0.018278 0.019485
0 0.287595 0.310989 0.018278 0.019485
0 0.277392 0.329336 0.018278 0.019485
0 0.269013 0.348848 0.018278 0.019485
0 0.257342 0.365623 0.018278 0.019485
0 0.248962 0.383970 0.018278 0.019485
0 0.239823 0.403875 0.018278 0.019512
0 0.326962 0.275095 0.018278 0.019512
0 0.348101 0.275488 0.018278 0.019485
0 0.365620 0.273916 0.018278 0.019485
0 0.386759 0.275095 0.018278 0.019512
0 0.406430 0.275095 0.018278 0.019512
0 0.425772 0.275095 0.018278 0.019512
0 0.444709 0.274322 0.018278 0.019485
0 0.466228 0.273537 0.018278 0.019485
0 0.485190 0.275095 0.018278 0.019512
0 0.505241 0.274702 0.018278 0.019485
0 0.317114 0.294214 0.018278 0.019485
0 0.308000 0.309444 0.018278 0.019485
0 0.298886 0.330122 0.018278 0.019485
0 0.287949 0.346504 0.018278 0.019512
0 0.277747 0.367195 0.018278 0.019485
0 0.268278 0.384363 0.018278 0.019512
0 0.259873 0.402317 0.018278 0.019485
0 0.337165 0.293835 0.018278 0.019485
0 0.327696 0.310610 0.018278 0.019485
0 0.317494 0.329336 0.018278 0.019485
0 0.308380 0.347683 0.018278 0.019485
0 0.298886 0.366409 0.018278 0.019485
0 0.290152 0.384756 0.018278 0.019485
0 0.278835 0.403482 0.018278 0.019485
0 0.357949 0.292656 0.018278 0.019512
0 0.347747 0.309824 0.018278 0.019485
0 0.336443 0.328957 0.018304 0.019485
0 0.327696 0.347683 0.018278 0.019485
0 0.317848 0.365623 0.018278 0.019485
0 0.308380 0.384363 0.018278 0.019512
0 0.298165 0.401924 0.018304 0.019512
0 0.377266 0.292656 0.018278 0.019512
0 0.368152 0.310989 0.018278 0.019485
0 0.357595 0.328957 0.018278 0.019485
0 0.347747 0.346897 0.018278 0.019485
0 0.338266 0.365623 0.018304 0.019485
0 0.328430 0.384756 0.018278 0.019485
0 0.318582 0.402696 0.018278 0.019485
0 0.396962 0.293428 0.018278 0.019485
0 0.387848 0.311396 0.018278 0.019485
0 0.379089 0.328957 0.018278 0.019485
0 0.368886 0.346504 0.018278 0.019512
0 0.359418 0.365623 0.018278 0.019485
0 0.348481 0.383970 0.018278 0.019485
0 0.337899 0.402696 0.018278 0.019485
0 0.416278 0.294214 0.018278 0.019485
0 0.405722 0.311396 0.018278 0.019485
0 0.398785 0.328957 0.018278 0.019485
0 0.388203 0.347290 0.018278 0.019512
0 0.377266 0.365623 0.018278 0.019485
0 0.367797 0.383184 0.018278 0.019485
0 0.359772 0.402696 0.018278 0.019485
0 0.437063 0.292656 0.018278 0.019512
0 0.426861 0.309038 0.018278 0.019485
0 0.416278 0.329336 0.018278 0.019485
0 0.407532 0.348062 0.018304 0.019485
0 0.396582 0.364458 0.018278 0.019485
0 0.387848 0.383577 0.018278 0.019512
0 0.379823 0.401924 0.018278 0.019512
0 0.455291 0.291870 0.018278 0.019512
0 0.446177 0.310610 0.018278 0.019485
0 0.434873 0.328550 0.018304 0.019485
0 0.525646 0.273916 0.018278 0.019485
0 0.476076 0.290705 0.018278 0.019512
0 0.426127 0.347683 0.018278 0.019485
0 0.416633 0.366030 0.018278 0.019485
0 0.406810 0.382805 0.018278 0.019485
0 0.397696 0.400759 0.018278 0.019512
0 0.465494 0.309444 0.018278 0.019485
0 0.455646 0.329729 0.018278 0.019512
0 0.446177 0.346125 0.018278 0.019512
0 0.436329 0.366802 0.018278 0.019512
0 0.427215 0.383970 0.018278 0.019485
0 0.417747 0.403103 0.018278 0.019485
0 0.495747 0.293049 0.018278 0.019485
0 0.485190 0.309824 0.018278 0.019485
0 0.475696 0.328550 0.018278 0.019485
0 0.466228 0.347683 0.018278 0.019485
0 0.456759 0.364851 0.018278 0.019512
0 0.446911 0.384756 0.018278 0.019485
0 0.437063 0.401924 0.018278 0.019512
0 0.427949 0.421043 0.018278 0.019485
0 0.407532 0.421043 0.018304 0.019485
0 0.387114 0.420664 0.018278 0.019485
0 0.368152 0.421436 0.018278 0.019512
0 0.348835 0.420664 0.018278 0.019485
0 0.328785 0.420664 0.018278 0.019485
0 0.308380 0.421043 0.018278 0.019485
0 0.288329 0.421436 0.018278 0.019512
0 0.269367 0.420257 0.018278 0.019485
0 0.248962 0.421043 0.018278 0.019485
0 0.229620 0.420257 0.018278 0.019485
0 0.209949 0.420664 0.018278 0.019485
0 0.190620 0.420664 0.018304 0.019485
0 0.170937 0.420664 0.018278 0.019485
0 0.150152 0.421043 0.018278 0.019485
0 0.141266 0.439499 0.018278 0.019485
0 0.131139 0.458198 0.018278 0.019485
0 0.160253 0.439228 0.018278 0.019485
0 0.150633 0.457114 0.018278 0.019485
0 0.140000 0.475542 0.018278 0.019485
0 0.131139 0.492886 0.018278 0.019485
0 0.180000 0.438144 0.018278 0.019485
0 0.170633 0.456030 0.018278 0.019485
0 0.160506 0.475271 0.018278 0.019485
0 0.149873 0.492886 0.018278 0.019485
0 0.140000 0.512398 0.018278 0.019485
0 0.130380 0.530014 0.018278 0.019485
0 0.200506 0.437873 0.018278 0.019485
0 0.190380 0.457114 0.018278 0.019485
0 0.180000 0.474187 0.018278 0.019485
0 0.170633 0.493428 0.018278 0.019485
0 0.160000 0.511856 0.018278 0.019485
0 0.150633 0.530827 0.018278 0.019485
0 0.141013 0.547629 0.018278 0.019485
0 0.220506 0.437873 0.018278 0.019485
0 0.211139 0.456301 0.018278 0.019485
0 0.199241 0.475271 0.018278 0.019485
0 0.190633 0.493699 0.018278 0.019485
0 0.181013 0.511856 0.018278 0.019485
0 0.170886 0.531911 0.018278 0.019485
0 0.161772 0.549255 0.018278 0.019485
0 0.152911 0.567683 0.018278 0.019485
0 0.142278 0.585027 0.018278 0.019485
0 0.241266 0.438144 0.018278 0.019485
0 0.230380 0.456843 0.018278 0.019485
0 0.220506 0.475000 0.018278 0.019485
0 0.210380 0.494783 0.018278 0.019485
0 0.200253 0.512127 0.018278 0.019485
0 0.190127 0.531640 0.018278 0.019485
0 0.181266 0.549797 0.018278 0.019485
0 0.171646 0.567954 0.018278 0.019485
0 0.161266 0.584214 0.018278 0.019485
0 0.151899 0.602913 0.018278 0.019485
0 0.260506 0.438686 0.018278 0.019485
0 0.249873 0.456843 0.018278 0.019485
0 0.241772 0.475813 0.018278 0.019485
0 0.230886 0.493157 0.018278 0.019485
0 0.221013 0.512398 0.018278 0.019485
0 0.210633 0.530556 0.018278 0.019485
0 0.201266 0.547900 0.018278 0.019485
0 0.191392 0.567683 0.018278 0.019485
0 0.180759 0.585840 0.018278 0.019485
0 0.171139 0.602371 0.018278 0.019485
0 0.161772 0.622154 0.018278 0.019485
0 0.151646 0.639499 0.018278 0.019485
0 0.280253 0.439228 0.018278 0.019485
0 0.270633 0.456843 0.018278 0.019485
0 0.261266 0.475542 0.018278 0.019485
0 0.250127 0.493157 0.018278 0.019485
0 0.240759 0.511585 0.018278 0.019485
0 0.230886 0.530827 0.018278 0.019485
0 0.221266 0.547900 0.018278 0.019485
0 0.210633 0.567141 0.018278 0.019485
0 0.202025 0.585569 0.018278 0.019485
0 0.190633 0.602642 0.018278 0.019485
0 0.180759 0.621341 0.018278 0.019485
0 0.171646 0.640854 0.018278 0.019485
0 0.161266 0.657114 0.018278 0.019485
0 0.298481 0.439770 0.018278 0.019485
0 0.289620 0.456572 0.018278 0.019485
0 0.278987 0.476084 0.018278 0.019485
0 0.270127 0.494241 0.018278 0.019485
0 0.260506 0.511585 0.018278 0.019485
0 0.249620 0.529743 0.018278 0.019485
0 0.240253 0.547358 0.018278 0.019485
0 0.229873 0.567141 0.018278 0.019485
0 0.319494 0.440041 0.018278 0.019485
0 0.309114 0.458198 0.018278 0.019485
0 0.299747 0.476084 0.018278 0.019485
0 0.289620 0.493699 0.018278 0.019485
0 0.280253 0.511856 0.018278 0.019485
0 0.269873 0.528659 0.018278 0.019485
0 0.261266 0.549255 0.018278 0.019485
0 0.249873 0.566328 0.018278 0.019485
0 0.239747 0.585298 0.018278 0.019485
0 0.220759 0.585840 0.018278 0.019485
0 0.210127 0.603997 0.018278 0.019485
0 0.231392 0.602913 0.018278 0.019485
0 0.200759 0.621341 0.018278 0.019485
0 0.221013 0.622696 0.018278 0.019485
0 0.190886 0.641396 0.018278 0.019485
0 0.210127 0.640854 0.018278 0.019485
0 0.181013 0.657385 0.018278 0.019485
0 0.201013 0.657927 0.018278 0.019485
0 0.220000 0.657385 0.018278 0.019485
0 0.338734 0.439770 0.018278 0.019485
0 0.329620 0.457385 0.018278 0.019485
0 0.318987 0.476084 0.018278 0.019485
0 0.309367 0.493428 0.018278 0.019485
0 0.298987 0.512398 0.018278 0.019485
0 0.289367 0.530285 0.018278 0.019485
0 0.279494 0.547900 0.018278 0.019485
0 0.358481 0.437873 0.018278 0.019485
0 0.379241 0.439499 0.018278 0.019485
0 0.398228 0.438415 0.018278 0.019485
0 0.417975 0.439228 0.018278 0.019485
0 0.348861 0.457385 0.018278 0.019485
0 0.340000 0.475542 0.018278 0.019485
0 0.348861 0.493970 0.018278 0.019485
0 0.368354 0.492344 0.018278 0.019485
0 0.329114 0.493428 0.018278 0.019485
0 0.319494 0.512127 0.018278 0.019485
0 0.310127 0.529743 0.018278 0.019485
0 0.300253 0.547900 0.018278 0.019485
0 0.270127 0.566328 0.018278 0.019485
0 0.289873 0.565515 0.018278 0.019485
0 0.260000 0.585027 0.018278 0.019485
0 0.250633 0.603184 0.018278 0.019485
0 0.241772 0.622154 0.018278 0.019485
0 0.229620 0.639228 0.018278 0.019485
0 0.280759 0.585569 0.018278 0.019485
0 0.269114 0.603184 0.018278 0.019485
0 0.260000 0.621341 0.018278 0.019485
0 0.408101 0.458740 0.018278 0.019485
0 0.397975 0.475000 0.018278 0.019485
0 0.418481 0.475813 0.018278 0.019485
0 0.407595 0.493157 0.018278 0.019485
0 0.397722 0.511585 0.018278 0.019485
0 0.358228 0.511856 0.018278 0.019485
0 0.339241 0.511314 0.018278 0.019485
0 0.515190 0.293157 0.018278 0.019485
0 0.504304 0.310244 0.018278 0.019512
0 0.494937 0.327859 0.018278 0.019512
0 0.484810 0.347087 0.018278 0.019485
0 0.475696 0.365244 0.018278 0.019485
0 0.465823 0.384770 0.018278 0.019512
0 0.456203 0.403455 0.018278 0.019485
0 0.446329 0.421070 0.018278 0.019485
0 0.436709 0.438144 0.018278 0.019485
0 0.456709 0.438415 0.018278 0.019485
0 0.467089 0.421355 0.018278 0.019512
0 0.476709 0.402100 0.018278 0.019485
0 0.486329 0.383943 0.018278 0.019485
0 0.495949 0.365244 0.018278 0.019485
0 0.505823 0.347087 0.018278 0.019485
0 0.514937 0.330014 0.018278 0.019485
0 0.525823 0.311314 0.018278 0.019485
0 0.534684 0.292073 0.018278 0.019485
0 0.545316 0.274729 0.018278 0.019485
0 0.565316 0.273659 0.018278 0.019512
0 0.554430 0.292073 0.018278 0.019485
0 0.545316 0.309417 0.018278 0.019485
0 0.535190 0.328388 0.018278 0.019485
0 0.525570 0.347358 0.018278 0.019485
0 0.515696 0.364444 0.018278 0.019512
0 0.505823 0.383672 0.018278 0.019485
0 0.495190 0.401558 0.018278 0.019485
0 0.486329 0.420799 0.018278 0.019485
0 0.583646 0.274919 0.018278 0.019485
0 0.574278 0.291463 0.018278 0.019512
0 0.564152 0.309607 0.018278 0.019485
0 0.555291 0.328049 0.018278 0.019512
0 0.544911 0.347019 0.018278 0.019512
0 0.534785 0.365705 0.018278 0.019485
0 0.525165 0.383862 0.018278 0.019485
0 0.515544 0.402575 0.018278 0.019512
0 0.505924 0.420989 0.018278 0.019485
0 0.475544 0.439688 0.018278 0.019485
0 0.496051 0.438333 0.018278 0.019485
0 0.466684 0.457033 0.018278 0.019485
0 0.514278 0.439417 0.018278 0.019485
0 0.603899 0.273022 0.018278 0.019485
0 0.594278 0.291721 0.018278 0.019485
0 0.583899 0.309878 0.018278 0.019485
0 0.574025 0.328049 0.018278 0.019512
0 0.564911 0.346463 0.018278 0.019485
0 0.554532 0.365434 0.018278 0.019485
0 0.544152 0.384133 0.018278 0.019485
0 0.535291 0.402019 0.018278 0.019485
0 0.525418 0.420447 0.018278 0.019485
0 0.624152 0.274106 0.018278 0.019485
0 0.614025 0.291179 0.018278 0.019485
0 0.604152 0.310434 0.018278 0.019512
0 0.594025 0.328577 0.018278 0.019485
0 0.584152 0.347276 0.018278 0.019485
0 0.575544 0.364634 0.018278 0.019512
0 0.565924 0.383320 0.018278 0.019485
0 0.555038 0.401748 0.018278 0.019485
0 0.545165 0.421545 0.018278 0.019512
0 0.534785 0.439959 0.018278 0.019485
0 0.525924 0.458130 0.018278 0.019512
0 0.516304 0.474919 0.018278 0.019485
0 0.642633 0.273293 0.018278 0.019485
0 0.633772 0.290908 0.018278 0.019485
0 0.623899 0.309607 0.018278 0.019485
0 0.613266 0.327764 0.018278 0.019485
0 0.603139 0.346734 0.018278 0.019485
0 0.594025 0.365434 0.018278 0.019485
0 0.583646 0.383862 0.018278 0.019485
0 0.574532 0.402019 0.018278 0.019485
0 0.564405 0.420718 0.018278 0.019485
0 0.555038 0.438875 0.018278 0.019485
0 0.661873 0.274377 0.018278 0.019485
0 0.652253 0.292534 0.018278 0.019485
0 0.642886 0.310149 0.018278 0.019485
0 0.633772 0.328049 0.018278 0.019512
0 0.624405 0.346192 0.018278 0.019485
0 0.614025 0.365163 0.018278 0.019485
0 0.603646 0.384404 0.018278 0.019485
0 0.682127 0.275461 0.018278 0.019485
0 0.672506 0.291721 0.018278 0.019485
0 0.663139 0.309607 0.018278 0.019485
0 0.652253 0.329119 0.018278 0.019485
0 0.642633 0.346463 0.018278 0.019485
0 0.633266 0.365163 0.018278 0.019485
0 0.623139 0.383862 0.018278 0.019485
0 0.594532 0.401220 0.018278 0.019512
0 0.582886 0.420447 0.018278 0.019485
0 0.573519 0.437249 0.018278 0.019485
0 0.613013 0.402019 0.018278 0.019485
0 0.602886 0.418550 0.018278 0.019485
0 0.593013 0.437249 0.018278 0.019485
0 0.583646 0.455678 0.018278 0.019485
0 0.702886 0.273848 0.018278 0.019512
0 0.692506 0.292818 0.018278 0.019512
0 0.681873 0.311789 0.018278 0.019512
0 0.673013 0.328306 0.018278 0.019485
0 0.662380 0.348374 0.018278 0.019512
0 0.652253 0.366789 0.018278 0.019485
0 0.643139 0.384675 0.018278 0.019485
0 0.632000 0.402832 0.018278 0.019485
0 0.623139 0.418835 0.018278 0.019512
0 0.614278 0.438604 0.018278 0.019485
0 0.604405 0.456775 0.018278 0.019512
0 0.594025 0.474919 0.018278 0.019485
0 0.721367 0.275203 0.018278 0.019512
0 0.710228 0.292534 0.018278 0.019485
0 0.702127 0.310434 0.018278 0.019512
0 0.692253 0.328306 0.018278 0.019485
0 0.682127 0.347276 0.018278 0.019485
0 0.671747 0.366518 0.018278 0.019485
0 0.662127 0.383604 0.018278 0.019512
0 0.652506 0.402290 0.018278 0.019485
0 0.641873 0.419634 0.018278 0.019485
0 0.632506 0.438604 0.018278 0.019485
0 0.623899 0.456775 0.018278 0.019512
0 0.613772 0.474648 0.018278 0.019485
0 0.740861 0.275461 0.018278 0.019485
0 0.730481 0.292534 0.018278 0.019485
0 0.720861 0.310962 0.018278 0.019485
0 0.711241 0.329404 0.018278 0.019512
0 0.701114 0.346734 0.018278 0.019485
0 0.691241 0.365705 0.018278 0.019485
0 0.681620 0.383320 0.018278 0.019485
0 0.671241 0.402575 0.018278 0.019512
0 0.661620 0.420190 0.018278 0.019512
0 0.652000 0.438604 0.018278 0.019485
0 0.641620 0.455678 0.018278 0.019485
0 0.759848 0.275461 0.018278 0.019485
0 0.750734 0.292818 0.018278 0.019512
0 0.740608 0.311233 0.018278 0.019485
0 0.730734 0.329119 0.018278 0.019485
0 0.720354 0.347019 0.018278 0.019512
0 0.710734 0.365705 0.018278 0.019485
0 0.701367 0.383049 0.018278 0.019485
0 0.690228 0.402290 0.018278 0.019485
0 0.680861 0.420447 0.018278 0.019485
0 0.671494 0.438333 0.018278 0.019485
0 0.662127 0.456775 0.018278 0.019512
0 0.650734 0.475461 0.018278 0.019485
0 0.641620 0.493076 0.018278 0.019485
0 0.779089 0.275732 0.018278 0.019485
0 0.770734 0.293347 0.018278 0.019485
0 0.798835 0.274377 0.018278 0.019485
0 0.789468 0.293347 0.018278 0.019485
0 0.760354 0.310691 0.018278 0.019485
0 0.779848 0.310434 0.018278 0.019512
0 0.748962 0.329119 0.018278 0.019485
0 0.740608 0.347547 0.018278 0.019485
0 0.730228 0.366247 0.018278 0.019485
0 0.720354 0.384404 0.018278 0.019485
0 0.710228 0.402019 0.018278 0.019485
0 0.700608 0.420190 0.018278 0.019512
0 0.690734 0.437805 0.018278 0.019512
0 0.681114 0.455678 0.018278 0.019485
0 0.680101 0.492534 0.018278 0.019485
0 0.808456 0.292263 0.018278 0.019485
0 0.799342 0.310691 0.018278 0.019485
0 0.769215 0.329404 0.018278 0.019512
0 0.828709 0.293076 0.018278 0.019485
0 0.818582 0.313144 0.018278 0.019512
0 0.759342 0.346734 0.018278 0.019485
0 0.749468 0.365705 0.018278 0.019485
0 0.739848 0.383862 0.018278 0.019485
0 0.729975 0.402019 0.018278 0.019485
0 0.719595 0.419905 0.018278 0.019485
0 0.710734 0.437520 0.018278 0.019485
0 0.700861 0.456220 0.018278 0.019485
0 0.787747 0.329864 0.018278 0.019512
0 0.777873 0.345569 0.018278 0.019485
0 0.768253 0.365894 0.018278 0.019485
0 0.757873 0.383238 0.018278 0.019485
0 0.747747 0.400583 0.018278 0.019485
0 0.738886 0.419024 0.018278 0.019512
0 0.729266 0.437995 0.018278 0.019512
0 0.719392 0.456965 0.018278 0.019512
0 0.808000 0.329864 0.018278 0.019512
0 0.798633 0.346382 0.018278 0.019485
0 0.788000 0.365623 0.018278 0.019485
0 0.778127 0.383509 0.018278 0.019485
0 0.768506 0.402764 0.018278 0.019512
0 0.758633 0.419553 0.018278 0.019485
0 0.749519 0.437710 0.018278 0.019485
0 0.739646 0.455881 0.018278 0.019512
0 0.709772 0.512236 0.018278 0.019485
0 0.650025 0.511436 0.018278 0.019512
0 0.602684 0.491911 0.018278 0.019485
0 0.593316 0.510881 0.018278 0.019485
0 0.612557 0.511165 0.018278 0.019512
0 0.582684 0.528496 0.018278 0.019485
0 0.602937 0.528496 0.018278 0.019485
0 0.837367 0.313604 0.018278 0.019512
0 0.827241 0.329593 0.018278 0.019512
0 0.817873 0.347737 0.018278 0.019485
0 0.807241 0.365352 0.018278 0.019485
0 0.797367 0.383238 0.018278 0.019485
0 0.787494 0.401680 0.018278 0.019512
0 0.778127 0.419553 0.018278 0.019485
0 0.768253 0.437710 0.018278 0.019485
0 0.759139 0.455610 0.018278 0.019512
0 0.846734 0.328767 0.018278 0.019485
0 0.836861 0.346382 0.018278 0.019485
0 0.826734 0.365095 0.018278 0.019512
0 0.816101 0.384065 0.018278 0.019512
0 0.856354 0.347480 0.018278 0.019512
0 0.846481 0.365623 0.018278 0.019485
0 0.836608 0.383509 0.018278 0.019485
0 0.856354 0.384864 0.018278 0.019485
0 0.807747 0.401409 0.018278 0.019512
0 0.797114 0.420379 0.018278 0.019512
0 0.787494 0.437710 0.018278 0.019485
0 0.778380 0.455610 0.018278 0.019512
0 0.768000 0.474851 0.018278 0.019512
0 0.826987 0.401680 0.018278 0.019512
0 0.816861 0.419553 0.018278 0.019485
0 0.846481 0.402480 0.018278 0.019485
0 0.836608 0.419824 0.018278 0.019485
0 0.865468 0.401409 0.018278 0.019512
0 0.856608 0.420650 0.018278 0.019512
0 0.806987 0.437995 0.018278 0.019512
0 0.797620 0.456409 0.018278 0.019485
0 0.788000 0.473753 0.018278 0.019485
0 0.740405 0.492466 0.018278 0.019512
0 0.758380 0.493550 0.018278 0.019512
0 0.748000 0.511165 0.018278 0.019512
0 0.828000 0.439065 0.018278 0.019485
0 0.816608 0.456680 0.018278 0.019485
0 0.805975 0.472940 0.018278 0.019485
0 0.798127 0.492724 0.018278 0.019485
0 0.776608 0.492195 0.018278 0.019512
0 0.846228 0.438266 0.018278 0.019512
0 0.835848 0.456138 0.018278 0.019485
0 0.826228 0.475379 0.018278 0.019485
0 0.817114 0.493550 0.018278 0.019512
0 0.866228 0.439878 0.018278 0.019485
0 0.856354 0.456409 0.018278 0.019485
0 0.876101 0.457236 0.018278 0.019512
0 0.846228 0.474851 0.018278 0.019512
0 0.865975 0.474851 0.018278 0.019512
0 0.875089 0.492466 0.018278 0.019512
0 0.856354 0.491911 0.018278 0.019485
0 0.836101 0.491911 0.018278 0.019485
0 0.329722 0.530596 0.018278 0.019512
0 0.319595 0.548482 0.018278 0.019512
0 0.349165 0.529986 0.018278 0.019485
0 0.339734 0.547033 0.018304 0.019485
0 0.309975 0.565325 0.018278 0.019485
0 0.329418 0.565623 0.018278 0.019485
0 0.299975 0.584553 0.018278 0.019512
0 0.320582 0.583293 0.018278 0.019485
0 0.289949 0.602209 0.018278 0.019485
0 0.310861 0.603157 0.018278 0.019485
0 0.279924 0.621450 0.018278 0.019485
0 0.301443 0.621762 0.018278 0.019512
0 0.319696 0.621125 0.018278 0.019485
0 0.330304 0.602534 0.018278 0.019485
0 0.340025 0.585190 0.018278 0.019485
0 0.349747 0.565623 0.018278 0.019485
0 0.358886 0.547967 0.018278 0.019512
0 0.370076 0.529363 0.018278 0.019485
0 0.378620 0.549228 0.018304 0.019485
0 0.368899 0.565949 0.018304 0.019485
0 0.358886 0.583916 0.018278 0.019485
0 0.350633 0.602209 0.018278 0.019485
0 0.340329 0.622073 0.018278 0.019485
0 0.331772 0.637846 0.018278 0.019485
0 0.310557 0.638794 0.018278 0.019485
0 0.290241 0.638157 0.018304 0.019512
0 0.270203 0.639106 0.018278 0.019512
0 0.251063 0.639743 0.018278 0.019485
0 0.240759 0.656762 0.018278 0.019485
0 0.260481 0.656762 0.018278 0.019485
0 0.280519 0.656450 0.018304 0.019512
0 0.301139 0.657710 0.018278 0.019485
0 0.319696 0.659282 0.018278 0.019485
0 0.310278 0.675678 0.018278 0.019485
0 0.290532 0.674743 0.018278 0.019512
0 0.270203 0.675054 0.018278 0.019485
0 0.250177 0.674106 0.018278 0.019485
0 0.230734 0.675366 0.018278 0.019512
0 0.221316 0.693970 0.018278 0.019485
0 0.241924 0.693035 0.018278 0.019512
0 0.262253 0.692710 0.018278 0.019512
0 0.282000 0.693659 0.018278 0.019512
0 0.301722 0.693659 0.018278 0.019512
0 0.041291 0.763659 0.018278 0.019512
0 0.073823 0.811694 0.018278 0.019485
0 0.210582 0.712724 0.018278 0.019485
0 0.231797 0.712100 0.018278 0.019485
0 0.251241 0.712412 0.018278 0.019512
0 0.270684 0.712724 0.018278 0.019485
0 0.290709 0.711463 0.018278 0.019512
0 0.201443 0.728496 0.018278 0.019485
0 0.221772 0.730068 0.018278 0.019485
0 0.241519 0.729119 0.018278 0.019485
0 0.260962 0.728496 0.018278 0.019485
0 0.280405 0.730068 0.018278 0.019485
0 0.212051 0.746463 0.018278 0.019485
0 0.231797 0.747412 0.018278 0.019485
0 0.251241 0.746463 0.018278 0.019485
0 0.271570 0.748035 0.018278 0.019485
0 0.241797 0.765081 0.018278 0.019485
0 0.261544 0.765379 0.018278 0.019485
0 0.252127 0.784621 0.018278 0.019485
0 0.523443 0.493875 0.018278 0.019512
0 0.486025 0.492615 0.018278 0.019485
0 0.466582 0.492927 0.018278 0.019512
0 0.476013 0.509959 0.018304 0.019485
0 0.408253 0.530447 0.018278 0.019485
0 0.398532 0.546856 0.018278 0.019512
0 0.417089 0.547791 0.018278 0.019485
0 0.437114 0.547791 0.018278 0.019485
0 0.466291 0.529187 0.018304 0.019512
0 0.485734 0.528564 0.018304 0.019512
0 0.515190 0.510908 0.018278 0.019485
0 0.525215 0.528564 0.018278 0.019512
0 0.515772 0.546545 0.018278 0.019485
0 0.495747 0.546545 0.018278 0.019485
0 0.476013 0.546545 0.018304 0.019485
0 0.456278 0.546545 0.018278 0.019485
0 0.553190 0.474322 0.018278 0.019485
0 0.563797 0.492927 0.018278 0.019512
0 0.554076 0.509959 0.018278 0.019485
0 0.532861 0.547791 0.018278 0.019485
0 0.554962 0.546545 0.018278 0.019485
0 0.574405 0.546545 0.018278 0.019485
0 0.594139 0.546220 0.018304 0.019485
0 0.613291 0.546856 0.018278 0.019512
0 0.632152 0.546220 0.018278 0.019485
0 0.651873 0.546545 0.018278 0.019485
0 0.671038 0.546220 0.018278 0.019485
0 0.690177 0.545908 0.018278 0.019512
0 0.710203 0.546220 0.018278 0.019485
0 0.729367 0.545596 0.018278 0.019485
0 0.749975 0.546856 0.018278 0.019512
0 0.758532 0.528875 0.018278 0.019485
0 0.769418 0.509322 0.018278 0.019512
0 0.788278 0.510908 0.018278 0.019485
0 0.778557 0.528252 0.018278 0.019485
0 0.767949 0.546220 0.018278 0.019485
0 0.807418 0.509648 0.018278 0.019512
0 0.827165 0.510271 0.018278 0.019512
0 0.846899 0.510908 0.018304 0.019485
0 0.865747 0.510271 0.018278 0.019512
0 0.785190 0.726734 0.018278 0.019485
0 0.767975 0.726463 0.018278 0.019485
0 0.747975 0.727263 0.018278 0.019512
0 0.710253 0.728618 0.018278 0.019512
0 0.729494 0.728360 0.018278 0.019485
0 0.756076 0.744621 0.018278 0.019485
0 0.748228 0.762493 0.018278 0.019512
0 0.738861 0.744350 0.018278 0.019485
0 0.729494 0.762778 0.018278 0.019485
0 0.720127 0.781206 0.018278 0.019485
0 0.709747 0.798279 0.018278 0.019485
0 0.680633 0.816436 0.018278 0.019485
0 0.689747 0.796653 0.018278 0.019485
0 0.700886 0.780393 0.018278 0.019485
0 0.710253 0.763320 0.018278 0.019485
0 0.719114 0.745705 0.018278 0.019485
0 0.661392 0.817520 0.018278 0.019485
0 0.670000 0.798279 0.018278 0.019485
0 0.680886 0.780108 0.018278 0.019512
0 0.690506 0.761965 0.018278 0.019485
0 0.700380 0.744079 0.018278 0.019485
0 0.689747 0.725908 0.018278 0.019512
0 0.593544 0.727818 0.018278 0.019485
0 0.679114 0.743537 0.018278 0.019485
0 0.670000 0.761694 0.018278 0.019485
0 0.660633 0.779309 0.018278 0.019485
0 0.650000 0.796653 0.018278 0.019485
0 0.641646 0.816165 0.018278 0.019485
0 0.534304 0.835136 0.018278 0.019485
0 0.544430 0.817791 0.018278 0.019485
0 0.553291 0.798821 0.018278 0.019485
0 0.563165 0.780935 0.018278 0.019485
0 0.573038 0.763591 0.018278 0.019485
0 0.582658 0.745434 0.018278 0.019485
0 0.611772 0.728631 0.018278 0.019485
0 0.603165 0.742995 0.018278 0.019485
0 0.593291 0.763320 0.018278 0.019485
0 0.582911 0.781477 0.018278 0.019485
0 0.572278 0.799634 0.018278 0.019485
0 0.563165 0.817791 0.018278 0.019485
0 0.553291 0.834322 0.018278 0.019485
0 0.630506 0.725379 0.018278 0.019485
0 0.651772 0.725379 0.018278 0.019485
0 0.671013 0.725379 0.018278 0.019485
0 0.621899 0.744079 0.018278 0.019485
0 0.641392 0.743266 0.018278 0.019485
0 0.659873 0.742724 0.018278 0.019485
0 0.612278 0.761423 0.018278 0.019485
0 0.631519 0.761694 0.018278 0.019485
0 0.650759 0.760881 0.018278 0.019485
0 0.603165 0.780664 0.018278 0.019485
0 0.622405 0.781748 0.018278 0.019485
0 0.640886 0.781206 0.018278 0.019485
0 0.592532 0.799363 0.018278 0.019485
0 0.612025 0.798550 0.018278 0.019485
0 0.631266 0.797466 0.018278 0.019485
0 0.582152 0.818333 0.018278 0.019485
0 0.602658 0.816978 0.018278 0.019485
0 0.621899 0.815352 0.018278 0.019485
0 0.572785 0.834864 0.018278 0.019485
0 0.593038 0.835407 0.018278 0.019485
0 0.611266 0.834051 0.018278 0.019485
0 0.797924 0.528930 0.018278 0.019485
0 0.786456 0.546911 0.018278 0.019512
0 0.816481 0.528930 0.018278 0.019485
0 0.807063 0.545962 0.018278 0.019512
0 0.835646 0.528930 0.018278 0.019485
0 0.827089 0.546274 0.018278 0.019485
0 0.855671 0.528306 0.018278 0.019485
0 0.845367 0.545014 0.018278 0.019512
0 0.875418 0.527669 0.018278 0.019512
0 0.863924 0.546911 0.018278 0.019512
0 0.854785 0.564892 0.018278 0.019485
0 0.864506 0.583171 0.018278 0.019512
0 0.854203 0.600528 0.018278 0.019485
0 0.845063 0.618808 0.018278 0.019512
0 0.854203 0.635840 0.018278 0.019485
0 0.844177 0.654133 0.018278 0.019485
0 0.387873 0.566775 0.018278 0.019512
0 0.378430 0.584431 0.018278 0.019485
0 0.368709 0.602412 0.018278 0.019512
0 0.358987 0.620705 0.018278 0.019512
0 0.407899 0.565827 0.018278 0.019512
0 0.398177 0.583171 0.018278 0.019512
0 0.388759 0.603049 0.018278 0.019485
0 0.426759 0.566138 0.018278 0.019485
0 0.378430 0.620068 0.018278 0.019485
0 0.446481 0.565515 0.018278 0.019485
0 0.466519 0.565203 0.018304 0.019512
0 0.484785 0.565203 0.018278 0.019512
0 0.505696 0.564255 0.018278 0.019512
0 0.525139 0.565203 0.018278 0.019512
0 0.544000 0.564255 0.018278 0.019512
0 0.563443 0.565827 0.018278 0.019512
0 0.583772 0.565515 0.018278 0.019485
0 0.604101 0.564566 0.018278 0.019485
0 0.594076 0.583496 0.018278 0.019512
0 0.584658 0.601463 0.018278 0.019512
0 0.574051 0.619444 0.018278 0.019485
0 0.553722 0.619444 0.018278 0.019485
0 0.533975 0.620068 0.018278 0.019485
0 0.515418 0.618496 0.018278 0.019485
0 0.494810 0.620393 0.018278 0.019485
0 0.475646 0.621328 0.018278 0.019512
0 0.456506 0.620705 0.018278 0.019512
0 0.436759 0.619444 0.018278 0.019485
0 0.417620 0.620393 0.018278 0.019485
0 0.398481 0.621016 0.018278 0.019485
0 0.593190 0.619444 0.018278 0.019485
0 0.826506 0.654756 0.018278 0.019485
0 0.805291 0.654444 0.018278 0.019512
0 0.786456 0.654756 0.018278 0.019485
0 0.768177 0.655379 0.018278 0.019485
0 0.749038 0.654756 0.018278 0.019485
0 0.728709 0.654133 0.018278 0.019485
0 0.709557 0.654444 0.018304 0.019512
0 0.689519 0.655705 0.018278 0.019485
0 0.671544 0.655379 0.018278 0.019485
0 0.651215 0.655081 0.018278 0.019485
0 0.632962 0.654133 0.018278 0.019485
0 0.613228 0.654444 0.018304 0.019512
0 0.592899 0.655081 0.018304 0.019485
0 0.573468 0.655379 0.018278 0.019485
0 0.583772 0.637100 0.018278 0.019512
0 0.623544 0.564892 0.018278 0.019485
0 0.612633 0.581911 0.018278 0.019485
0 0.603797 0.600827 0.018278 0.019485
0 0.417316 0.584431 0.018278 0.019485
0 0.407013 0.602100 0.018278 0.019485
0 0.437949 0.583808 0.018278 0.019485
0 0.427038 0.600827 0.018278 0.019485
0 0.455620 0.583496 0.018278 0.019512
0 0.447089 0.601775 0.018278 0.019485
0 0.476241 0.583171 0.018304 0.019512
0 0.466519 0.601152 0.018304 0.019485
0 0.495089 0.582859 0.018278 0.019485
0 0.485962 0.600827 0.018304 0.019485
0 0.515722 0.582859 0.018278 0.019485
0 0.505696 0.601463 0.018278 0.019512
0 0.534278 0.583808 0.018278 0.019485
0 0.524557 0.600827 0.018278 0.019485
0 0.554886 0.582236 0.018278 0.019485
0 0.544582 0.600827 0.018278 0.019485
0 0.573468 0.582859 0.018278 0.019485
0 0.563139 0.600827 0.018278 0.019485
0 0.846253 0.582236 0.018278 0.019485
0 0.836228 0.601463 0.018278 0.019512
0 0.826215 0.618496 0.018304 0.019485
0 0.835646 0.636152 0.018278 0.019512
0 0.815620 0.637100 0.018278 0.019512
0 0.835937 0.563943 0.018304 0.019485
0 0.825924 0.581599 0.018278 0.019512
0 0.815899 0.601152 0.018278 0.019485
0 0.805899 0.619119 0.018278 0.019485
0 0.797342 0.638049 0.018278 0.019512
0 0.603506 0.636463 0.018304 0.019485
0 0.612051 0.618808 0.018278 0.019512
0 0.621772 0.600528 0.018278 0.019485
0 0.632380 0.582859 0.018278 0.019485
0 0.641797 0.564255 0.018278 0.019512
0 0.661241 0.565515 0.018278 0.019485
0 0.680684 0.563943 0.018278 0.019485
0 0.700709 0.564566 0.018278 0.019485
0 0.720165 0.564892 0.018304 0.019485
0 0.739316 0.565515 0.018278 0.019485
0 0.758165 0.564892 0.018304 0.019485
0 0.779089 0.563943 0.018278 0.019485
0 0.797038 0.563943 0.018278 0.019485
0 0.816785 0.564892 0.018278 0.019485
0 0.806481 0.583808 0.018278 0.019485
0 0.797038 0.601152 0.018278 0.019485
0 0.788506 0.619756 0.018278 0.019512
0 0.777899 0.637412 0.018278 0.019485
0 0.650937 0.584119 0.018278 0.019512
0 0.640633 0.599892 0.018278 0.019512
0 0.631494 0.620393 0.018278 0.019485
0 0.621772 0.637412 0.018278 0.019485
0 0.671266 0.582236 0.018278 0.019485
0 0.690709 0.581911 0.018278 0.019485
0 0.710152 0.582236 0.018278 0.019485
0 0.729013 0.582547 0.018278 0.019512
0 0.747848 0.583171 0.018278 0.019512
0 0.767899 0.581599 0.018278 0.019512
0 0.786734 0.582547 0.018278 0.019512
0 0.778506 0.599892 0.018278 0.019512
0 0.767899 0.617873 0.018278 0.019485
0 0.660734 0.601247 0.018278 0.019512
0 0.651329 0.619472 0.018304 0.019485
0 0.641291 0.637033 0.018278 0.019485
0 0.758278 0.637033 0.018278 0.019485
0 0.757962 0.600285 0.018304 0.019485
0 0.748532 0.619133 0.018278 0.019512
0 0.738203 0.636382 0.018278 0.019485
0 0.737911 0.600596 0.018304 0.019512
0 0.727899 0.618821 0.018278 0.019485
0 0.720304 0.637358 0.018278 0.019485
0 0.699025 0.637358 0.018304 0.019485
0 0.709354 0.618482 0.018304 0.019512
0 0.720304 0.600285 0.018278 0.019485
0 0.699633 0.599946 0.018304 0.019512
0 0.690215 0.618821 0.018304 0.019485
0 0.679582 0.636694 0.018304 0.019512
0 0.660127 0.637669 0.018278 0.019512
0 0.671671 0.618482 0.018278 0.019512
0 0.680785 0.600285 0.018278 0.019485
0 0.350266 0.639621 0.018304 0.019512
0 0.339620 0.656545 0.018278 0.019485
0 0.329000 0.675393 0.018304 0.019512
0 0.320190 0.692954 0.018304 0.019512
0 0.310177 0.712141 0.018278 0.019512
0 0.300747 0.728401 0.018304 0.019512
0 0.290101 0.747276 0.018278 0.019485
0 0.281595 0.765474 0.018278 0.019512
0 0.271266 0.784011 0.018278 0.019512
0 0.368785 0.639309 0.018278 0.019485
0 0.358772 0.655881 0.018304 0.019512
0 0.348734 0.674756 0.018278 0.019485
0 0.339937 0.692642 0.018304 0.019485
0 0.329608 0.711179 0.018304 0.019485
0 0.320797 0.730366 0.018304 0.019485
0 0.310177 0.747276 0.018278 0.019485
0 0.301646 0.764824 0.018278 0.019512
0 0.290709 0.782385 0.018278 0.019512
0 0.281304 0.802222 0.018304 0.019512
0 0.387519 0.641179 0.018278 0.019485
0 0.408089 0.638835 0.018304 0.019512
0 0.427772 0.639309 0.018278 0.019485
0 0.447468 0.637425 0.018278 0.019512
0 0.467139 0.638360 0.018278 0.019485
0 0.486405 0.638360 0.018278 0.019485
0 0.506076 0.637900 0.018278 0.019485
0 0.525772 0.637425 0.018278 0.019512
0 0.544139 0.636491 0.018304 0.019485
0 0.564266 0.637900 0.018304 0.019485
0 0.377899 0.655691 0.018278 0.019512
0 0.398025 0.656165 0.018278 0.019485
0 0.418582 0.656165 0.018278 0.019485
0 0.437835 0.655691 0.018304 0.019512
0 0.457519 0.655217 0.018278 0.019485
0 0.475899 0.655217 0.018278 0.019485
0 0.495595 0.655217 0.018278 0.019485
0 0.515266 0.656165 0.018278 0.019485
0 0.535392 0.656165 0.018278 0.019485
0 0.554203 0.655691 0.018278 0.019512
0 0.368443 0.673889 0.018304 0.019485
0 0.358962 0.692236 0.018278 0.019485
0 0.348392 0.710962 0.018304 0.019485
0 0.339646 0.727737 0.018278 0.019485
0 0.329063 0.746463 0.018278 0.019485
0 0.320329 0.765203 0.018278 0.019512
0 0.311215 0.782764 0.018278 0.019512
0 0.301000 0.801098 0.018304 0.019485
0 0.289696 0.820230 0.018278 0.019485
0 0.387772 0.674661 0.018278 0.019512
0 0.379013 0.692236 0.018278 0.019485
0 0.369165 0.709797 0.018278 0.019485
0 0.358608 0.727737 0.018278 0.019485
0 0.349114 0.746870 0.018278 0.019485
0 0.339646 0.765203 0.018278 0.019512
0 0.330177 0.782371 0.018278 0.019485
0 0.319241 0.801504 0.018278 0.019485
0 0.309747 0.819837 0.018278 0.019512
0 0.407823 0.675054 0.018278 0.019485
0 0.397608 0.693008 0.018304 0.019512
0 0.387392 0.710569 0.018278 0.019512
0 0.378278 0.727737 0.018278 0.019485
0 0.170987 0.676125 0.018278 0.019512
0 0.358228 0.763645 0.018278 0.019485
0 0.349494 0.783550 0.018278 0.019512
0 0.339646 0.799539 0.018278 0.019512
0 0.329797 0.817493 0.018278 0.019485
0 0.319241 0.836626 0.018278 0.019485
0 0.426785 0.677005 0.018278 0.019485
0 0.446835 0.674675 0.018278 0.019485
0 0.467241 0.672724 0.018278 0.019485
0 0.457747 0.693022 0.018278 0.019485
0 0.436608 0.691843 0.018278 0.019512
0 0.418380 0.693022 0.018278 0.019485
0 0.408177 0.709797 0.018278 0.019485
0 0.427139 0.710962 0.018278 0.019485
0 0.447544 0.709797 0.018278 0.019485
0 0.437342 0.729688 0.018278 0.019485
0 0.416557 0.728523 0.018278 0.019485
0 0.397241 0.729688 0.018278 0.019485
0 0.388127 0.747249 0.018278 0.019485
0 0.378633 0.765596 0.018278 0.019485
0 0.370253 0.783157 0.018278 0.019485
0 0.360051 0.800718 0.018278 0.019485
0 0.349848 0.818672 0.018278 0.019512
0 0.340000 0.836233 0.018278 0.019512
0 0.350582 0.854187 0.018278 0.019485
0 0.360418 0.836626 0.018304 0.019485
0 0.368430 0.818672 0.018278 0.019512
0 0.378633 0.801111 0.018278 0.019512
0 0.389215 0.783157 0.018278 0.019485
0 0.398684 0.764038 0.018278 0.019512
0 0.408177 0.745705 0.018278 0.019485
0 0.426759 0.746084 0.018278 0.019485
0 0.417646 0.764431 0.018278 0.019485
0 0.408911 0.781599 0.018278 0.019512
0 0.398684 0.799932 0.018278 0.019485
0 0.388481 0.818279 0.018278 0.019485
0 0.378633 0.837005 0.018278 0.019485
0 0.485823 0.673496 0.018278 0.019512
0 0.476354 0.692236 0.018278 0.019485
0 0.466139 0.711355 0.018304 0.019512
0 0.456304 0.729309 0.018278 0.019485
0 0.446810 0.748035 0.018278 0.019485
0 0.437342 0.764038 0.018278 0.019512
0 0.427494 0.782778 0.018278 0.019485
0 0.418380 0.800718 0.018278 0.019485
0 0.408911 0.817493 0.018278 0.019485
0 0.398684 0.835840 0.018278 0.019485
0 0.388861 0.854973 0.018278 0.019485
0 0.409266 0.854566 0.018278 0.019485
0 0.417291 0.837005 0.018278 0.019485
0 0.427873 0.818672 0.018278 0.019512
0 0.437696 0.801883 0.018278 0.019485
0 0.446810 0.782778 0.018278 0.019485
0 0.457025 0.764824 0.018304 0.019512
0 0.466506 0.747249 0.018278 0.019485
0 0.475975 0.728144 0.018278 0.019485
0 0.485468 0.710190 0.018278 0.019512
0 0.496405 0.691843 0.018278 0.019512
0 0.504785 0.673889 0.018278 0.019485
0 0.523924 0.673618 0.018278 0.019485
0 0.515316 0.692033 0.018278 0.019512
0 0.505190 0.710203 0.018278 0.019485
0 0.494810 0.728089 0.018278 0.019485
0 0.485443 0.745434 0.018278 0.019485
0 0.476835 0.765203 0.018278 0.019512
0 0.466203 0.783645 0.018278 0.019485
0 0.456329 0.801260 0.018278 0.019485
0 0.446203 0.819404 0.018278 0.019512
0 0.437595 0.836762 0.018278 0.019485
0 0.427215 0.855461 0.018278 0.019485
0 0.544937 0.673618 0.018278 0.019485
0 0.536076 0.691233 0.018278 0.019485
0 0.525190 0.710474 0.018278 0.019485
0 0.515316 0.728618 0.018278 0.019512
0 0.504937 0.744878 0.018278 0.019512
0 0.496076 0.765488 0.018278 0.019485
0 0.486456 0.782019 0.018278 0.019485
0 0.476835 0.800989 0.018278 0.019485
0 0.466709 0.819404 0.018278 0.019512
0 0.456835 0.836762 0.018278 0.019485
0 0.447215 0.854634 0.018278 0.019512
0 0.563671 0.673062 0.018278 0.019512
0 0.554810 0.689607 0.018278 0.019485
0 0.545443 0.710474 0.018278 0.019485
0 0.534051 0.727818 0.018278 0.019485
0 0.525443 0.745976 0.018278 0.019485
0 0.515316 0.764133 0.018278 0.019485
0 0.505696 0.782561 0.018278 0.019485
0 0.496076 0.800176 0.018278 0.019485
0 0.485949 0.819688 0.018278 0.019485
0 0.475823 0.837575 0.018278 0.019485
0 0.466203 0.855989 0.018278 0.019512
0 0.582658 0.673062 0.018278 0.019512
0 0.574304 0.690420 0.018278 0.019485
0 0.565443 0.708848 0.018278 0.019485
0 0.553797 0.727818 0.018278 0.019485
0 0.544430 0.745705 0.018278 0.019485
0 0.535316 0.764133 0.018278 0.019485
0 0.524684 0.781748 0.018278 0.019485
0 0.515316 0.800434 0.018278 0.019512
0 0.505190 0.819688 0.018278 0.019485
0 0.496835 0.838117 0.018278 0.019485
0 0.485949 0.855732 0.018278 0.019485
0 0.602911 0.672805 0.018278 0.019485
0 0.592785 0.690420 0.018278 0.019485
0 0.573291 0.726192 0.018278 0.019485
0 0.563165 0.745163 0.018278 0.019485
0 0.553291 0.763320 0.018278 0.019485
0 0.543924 0.781748 0.018278 0.019485
0 0.582658 0.708848 0.018278 0.019485
0 0.622405 0.673347 0.018278 0.019485
0 0.612278 0.691233 0.018278 0.019485
0 0.603165 0.708577 0.018278 0.019485
0 0.641646 0.673062 0.018278 0.019512
0 0.632785 0.690420 0.018278 0.019485
0 0.623165 0.708848 0.018278 0.019485
0 0.641139 0.709119 0.018278 0.019485
0 0.651013 0.690420 0.018278 0.019485
0 0.660886 0.672805 0.018278 0.019485
0 0.680633 0.672263 0.018278 0.019485
0 0.671266 0.691504 0.018278 0.019485
0 0.662152 0.709119 0.018278 0.019485
0 0.699114 0.672805 0.018278 0.019485
0 0.691013 0.692033 0.018278 0.019512
0 0.680633 0.709648 0.018278 0.019512
0 0.717595 0.672534 0.018278 0.019485
0 0.710000 0.692033 0.018278 0.019512
0 0.699114 0.709390 0.018278 0.019485
0 0.739620 0.673062 0.018278 0.019512
0 0.728734 0.691504 0.018278 0.019485
0 0.719367 0.709932 0.018278 0.019485
0 0.739620 0.710203 0.018278 0.019485
0 0.749241 0.690962 0.018278 0.019485
0 0.757848 0.673062 0.018278 0.019512
0 0.777848 0.673347 0.018278 0.019485
0 0.767975 0.690678 0.018278 0.019512
0 0.758101 0.708848 0.018278 0.019485
0 0.795823 0.670908 0.018278 0.019485
0 0.786709 0.689607 0.018278 0.019485
0 0.778354 0.709119 0.018278 0.019485
0 0.815063 0.671992 0.018278 0.019485
0 0.806962 0.690962 0.018278 0.019485
0 0.796582 0.707764 0.018278 0.019485
0 0.834810 0.671707 0.018278 0.019512
0 0.824684 0.690962 0.018278 0.019485
0 0.806709 0.727818 0.018278 0.019485
0 0.796582 0.744079 0.018278 0.019485
0 0.776582 0.744079 0.018278 0.019485
0 0.767722 0.762236 0.018278 0.019485
0 0.756835 0.779580 0.018278 0.019485
0 0.738354 0.780393 0.018278 0.019485
0 0.727975 0.797466 0.018278 0.019485
0 0.719367 0.815623 0.018278 0.019485
0 0.700127 0.816694 0.018278 0.019512
0 0.688481 0.834864 0.018278 0.019485
0 0.670253 0.834051 0.018278 0.019485
0 0.661392 0.852209 0.018278 0.019485
0 0.652278 0.835407 0.018278 0.019485
0 0.631772 0.832696 0.018278 0.019485
0 0.621899 0.852209 0.018278 0.019485
0 0.602658 0.851924 0.018278 0.019512
0 0.582658 0.853835 0.018278 0.019485
0 0.563165 0.853279 0.018278 0.019512
0 0.543671 0.853022 0.018278 0.019485
0 0.524430 0.853835 0.018278 0.019485
0 0.505443 0.854377 0.018278 0.019485
0 0.515570 0.837304 0.018278 0.019485
0 0.524684 0.817791 0.018278 0.019485
0 0.534810 0.799905 0.018278 0.019485
