0 0.070584 0.518382 0.081066 0.059288
0 0.243366 0.455682 0.080066 0.063088
0 0.46175 0.458718 0.085134 0.066112
0 0.631492 0.386512 0.084116 0.066126
0 0.052858 0.658606 0.084116 0.061562
0 0.226642 0.592106 0.085116 0.063838
0 0.448574 0.596288 0.081084 0.0646
0 0.621858 0.529018 0.085116 0.065362
0 0.798692 0.4629 0.08815 0.06385
0 0.947158 0.68065 0.08715 0.058524
0 0.785008 0.601982 0.085116 0.065362
0 0.0883 0.382332 0.084066 0.057762
0 0.042716 0.801112 0.0841 0.066876
0 0.211442 0.734232 0.08715 0.066888
0 0.43895 0.740306 0.0841 0.063838
0 0.604634 0.672662 0.085134 0.0608
0 0.775892 0.74905 0.08715 0.063076
0 0.937016 0.82885 0.0831 0.063074
0 0.762716 0.896494 0.0831 0.064612
0 0.600074 0.817068 0.092216 0.066888
0 0.42375 0.885094 0.088166 0.069162
0 0.036134 0.944756 0.070934 0.068412
