0 0.031922 0.614922 0.020969 0.032615
0 0.013141 0.625391 0.020094 0.030260
0 0.022535 0.678406 0.017039 0.024458
0 0.041316 0.664719 0.018789 0.029708
0 0.062062 0.653943 0.020969 0.031448
0 0.081937 0.641714 0.019656 0.027948
0 0.105309 0.629484 0.023586 0.034948
0 0.129336 0.614339 0.024469 0.038448
0 0.155980 0.600073 0.025336 0.039021
0 0.186121 0.583469 0.026211 0.040771
0 0.217574 0.564250 0.028836 0.045438
0 0.252957 0.545026 0.027086 0.046594
0 0.290961 0.524646 0.029703 0.048917
0 0.295984 0.598609 0.029266 0.046594
0 0.258199 0.616672 0.028836 0.046594
0 0.224129 0.633563 0.026211 0.040771
0 0.192457 0.647250 0.025773 0.040187
0 0.164062 0.661516 0.023156 0.036115
0 0.299914 0.667630 0.029266 0.044844
0 0.264098 0.682193 0.026648 0.044844
0 0.229590 0.696167 0.025773 0.041354
0 0.199668 0.708984 0.024461 0.042510
0 0.170832 0.722089 0.025336 0.045427
0 0.304723 0.734323 0.024898 0.038437
0 0.268027 0.743646 0.026648 0.037292
0 0.235266 0.756156 0.025766 0.040188
0 0.206000 0.769266 0.023156 0.040760
0 0.177824 0.776547 0.019227 0.035531
0 0.151617 0.784411 0.020969 0.034948
0 0.308215 0.798969 0.024898 0.039604
0 0.274363 0.807401 0.025336 0.036656
0 0.240727 0.815573 0.023594 0.039021
0 0.261477 0.058411 0.037125 0.059990
0 0.060320 0.099760 0.031453 0.053000
0 0.034328 0.138490 0.028391 0.053583
0 0.009848 0.178974 0.019695 0.049510
0 0.020789 0.255266 0.020531 0.047177
0 0.045684 0.221776 0.025773 0.047760
0 0.073207 0.188583 0.026648 0.051250
0 0.102688 0.149271 0.028828 0.054167
0 0.134797 0.103839 0.027516 0.055323
0 0.216266 0.111120 0.033203 0.057073
0 0.178699 0.155385 0.033195 0.053583
0 0.143750 0.198193 0.027953 0.048344
0 0.111645 0.234307 0.026648 0.047177
0 0.081504 0.267792 0.024898 0.045437
0 0.268246 0.166448 0.034945 0.058250
0 0.226965 0.208385 0.033633 0.055917
0 0.188090 0.248281 0.032758 0.050667
0 0.151613 0.282641 0.028836 0.048344
0 0.234172 0.302448 0.030578 0.051833
0 0.273488 0.266625 0.034070 0.054750
0 0.057262 0.300120 0.025336 0.043677
0 0.032801 0.327786 0.025336 0.047760
0 0.011176 0.355448 0.021398 0.040187
0 0.021441 0.421260 0.022711 0.037854
0 0.042629 0.398260 0.023148 0.040771
0 0.067090 0.372339 0.024898 0.042510
0 0.093082 0.345839 0.025336 0.043094
0 0.120598 0.317005 0.027086 0.046010
0 0.194859 0.335938 0.031453 0.052417
0 0.280914 0.358943 0.032328 0.053010
0 0.240508 0.388359 0.030141 0.048927
0 0.204035 0.418641 0.027086 0.046594
0 0.160570 0.364474 0.027516 0.046594
0 0.130430 0.393891 0.027516 0.047177
0 0.102910 0.420099 0.026648 0.042510
0 0.169309 0.443104 0.025773 0.047750
0 0.138949 0.464948 0.025336 0.041354
0 0.284629 0.444562 0.033633 0.046000
0 0.246406 0.469318 0.031453 0.047760
0 0.211898 0.494359 0.028828 0.046594
0 0.177824 0.515036 0.027086 0.044844
0 0.076699 0.441359 0.023148 0.036115
0 0.053320 0.464083 0.022734 0.041917
0 0.031488 0.482125 0.021836 0.039604
0 0.012922 0.503094 0.019656 0.037271
0 0.022535 0.559880 0.023148 0.034365
0 0.041316 0.544448 0.021398 0.036104
0 0.120383 0.554641 0.023156 0.039031
0 0.095500 0.568932 0.022250 0.037240
0 0.072555 0.585802 0.021828 0.038438
0 0.052234 0.600359 0.021406 0.038448
0 0.019914 0.051708 0.029266 0.054750
0 0.088711 0.055203 0.037562 0.060573
0 0.169961 0.058406 0.034078 0.057667
0 0.062723 0.529010 0.023148 0.039021
0 0.086309 0.509214 0.023148 0.044844
0 0.111426 0.487948 0.021836 0.040771
0 0.148559 0.536292 0.024461 0.040771
0 0.212770 0.823141 0.020961 0.034365
0 0.277418 0.865656 0.026211 0.039021
0 0.311707 0.859250 0.024898 0.042521
0 0.138355 0.672781 0.021711 0.034437
0 0.113187 0.686078 0.021484 0.036094
0 0.091199 0.699729 0.020477 0.035083
0 0.069711 0.706979 0.019469 0.032729
0 0.049484 0.716078 0.018453 0.028677
0 0.144789 0.731750 0.019469 0.033063
0 0.121785 0.741526 0.019977 0.035760
0 0.097770 0.750615 0.023008 0.034396
