0 0.554394 0.094376 0.043962 0.058584
0 0.549156 0.215416 0.042412 0.060534
0 0.4728760000000001 0.166792 0.04465 0.05855
0 0.39882400000000007 0.124124 0.040926 0.05655
0 0.46869399999999994 0.285008 0.040938 0.054584
0 0.542494 0.334626 0.043412 0.054584
0 0.25814399999999993 0.15105 0.036588 0.0496
0 0.3241940000000001 0.19405 0.037212 0.052934
0 0.3955120000000001 0.238284 0.03845 0.0554
0 0.4634180000000001 0.4045 0.040312 0.0587
0 0.392412 0.3553 0.0397 0.051266
0 0.32233200000000006 0.308158 0.038462 0.052916
0 0.25658800000000004 0.264342 0.03845 0.052916
0 0.19178800000000007 0.219274 0.039074 0.058716
0 0.13100599999999996 0.177092 0.037838 0.05375
0 0.12852599999999992 0.285424 0.03535 0.052084
0 0.18898799999999993 0.330074 0.03845 0.055416
0 0.25473199999999996 0.375966 0.035962 0.054566
0 0.3186119999999999 0.423108 0.035974 0.052916
0 0.38776199999999994 0.473542 0.04155 0.061184
0 0.54095 0.457416 0.045274 0.060366
0 0.4600059999999999 0.523576 0.043412 0.05705
0 0.535674 0.575258 0.047126 0.06285
0 0.07053799999999999 0.244908 0.035976 0.058716
0 0.06991799999999992 0.348684 0.034738 0.054566
0 0.126668 0.392916 0.034112 0.0554
0 0.18713200000000008 0.437984 0.037212 0.051266
0 0.2516320000000001 0.486358 0.038462 0.05705
0 0.31550600000000006 0.534734 0.037212 0.059534
0 0.1862060000000001 0.544242 0.036588 0.05045
0 0.0665119999999999 0.4537 0.03535 0.052934
0 0.06712600000000002 0.553758 0.037824 0.057884
0 0.06619400000000009 0.652984 0.033488 0.0496
0 0.12294399999999994 0.599242 0.036588 0.049616
0 0.12294399999999994 0.703424 0.034112 0.052916
0 0.12014999999999998 0.799758 0.03225 0.05045
0 0.06216200000000005 0.848134 0.031624 0.047966
0 0.06185599999999991 0.944058 0.031012 0.04465
0 0.11953199999999997 0.901058 0.031012 0.046316
0 0.18310000000000004 0.649266 0.032874 0.050434
0 0.18185600000000002 0.752624 0.034112 0.05045
0 0.1803380000000001 0.854342 0.034676 0.048784
0 0.2479119999999999 0.593034 0.034724 0.047134
0 0.24635600000000002 0.698458 0.036588 0.049616
0 0.24388199999999993 0.803892 0.032862 0.05045
0 0.24140000000000006 0.9056 0.032874 0.047134
0 0.3136620000000001 0.643058 0.038474 0.052916
0 0.3111679999999999 0.752208 0.037212 0.049616
0 0.3083739999999999 0.855584 0.03535 0.051266
0 0.3852819999999999 0.583934 0.036588 0.050434
0 0.382174 0.693916 0.03535 0.045466
0 0.3784620000000001 0.803484 0.03535 0.047966
0 0.456294 0.636034 0.039688 0.050434
0 0.531026 0.689366 0.039074 0.052934
0 0.4519500000000001 0.749734 0.0397 0.052934
0 0.526062 0.806374 0.039074 0.05375
0 0.44977599999999995 0.8593 0.03535 0.0521
0 0.5223439999999999 0.919658 0.040312 0.05705
0 0.37411799999999995 0.910984 0.037838 0.047966
0 0.445438 0.968858 0.0366 0.04465
0 0.3058940000000001 0.960176 0.034112 0.048784
0 0.17751800000000006 0.952742 0.031638 0.048784
