0 0.652175 0.389400 0.030517 0.041467
0 0.700250 0.377489 0.027633 0.042222
0 0.750058 0.370200 0.028217 0.041467
0 0.795258 0.360611 0.026483 0.040689
0 0.460992 0.496500 0.036283 0.043756
0 0.519725 0.484600 0.035117 0.044533
0 0.573858 0.473467 0.035117 0.046844
0 0.626833 0.461178 0.029367 0.045289
0 0.602933 0.529889 0.029933 0.044533
0 0.548233 0.544100 0.032233 0.048378
0 0.494975 0.556389 0.030517 0.043756
0 0.435658 0.571744 0.035117 0.048378
0 0.680958 0.755622 0.032817 0.038400
0 0.726158 0.738356 0.026483 0.039156
0 0.768192 0.723000 0.026483 0.036089
0 0.809942 0.708789 0.025917 0.035311
0 0.512817 0.869633 0.029367 0.036067
0 0.562908 0.851589 0.030517 0.038378
0 0.613008 0.833167 0.028217 0.038378
0 0.658508 0.816278 0.030517 0.039933
0 0.703992 0.799767 0.032817 0.037622
0 0.746892 0.782878 0.026483 0.040689
0 0.787200 0.768289 0.027633 0.037600
0 0.680667 0.641222 0.031100 0.042978
0 0.584508 0.670789 0.034550 0.037622
0 0.529808 0.688444 0.027650 0.039156
0 0.475675 0.702644 0.032250 0.041467
0 0.418383 0.717622 0.030533 0.036089
0 0.451492 0.771744 0.034550 0.043000
0 0.506483 0.754467 0.031667 0.046844
0 0.557450 0.739500 0.031100 0.039933
0 0.610417 0.719922 0.033400 0.042244
0 0.657633 0.706867 0.031100 0.048356
0 0.706008 0.689600 0.033383 0.044533
0 0.748617 0.676156 0.027633 0.042222
0 0.791525 0.665789 0.028217 0.041444
0 0.832983 0.649667 0.029367 0.039911
0 0.482017 0.822033 0.033400 0.040689
0 0.536717 0.803989 0.033400 0.038378
0 0.586233 0.788633 0.031100 0.036867
0 0.635183 0.770978 0.028800 0.041467
0 0.413200 0.644678 0.033967 0.043756
0 0.469058 0.628933 0.033983 0.041467
0 0.525775 0.615500 0.031083 0.040689
0 0.579900 0.599000 0.033400 0.044533
0 0.630575 0.585556 0.032250 0.042222
0 0.654183 0.517611 0.033400 0.043000
0 0.679517 0.447744 0.035700 0.041444
0 0.726158 0.438533 0.032250 0.038400
0 0.771708 0.427033 0.028750 0.041489
0 0.817425 0.419344 0.028217 0.039933
0 0.703700 0.504956 0.031100 0.039156
0 0.749192 0.494578 0.026483 0.039911
0 0.794392 0.482689 0.025917 0.039156
0 0.837300 0.471922 0.023033 0.037622
0 0.680958 0.574822 0.031683 0.039156
0 0.727317 0.559844 0.028800 0.038400
0 0.773092 0.547933 0.025917 0.039156
0 0.815125 0.535278 0.028217 0.035311
0 0.857733 0.524144 0.029367 0.037622
0 0.853992 0.590944 0.026483 0.037622
0 0.815133 0.601689 0.027067 0.042222
0 0.772508 0.614356 0.030517 0.039911
0 0.727317 0.626633 0.029933 0.039933
0 0.633167 0.656956 0.029367 0.036089
0 0.485717 0.420478 0.036900 0.043000
0 0.598558 0.400844 0.036550 0.042311
0 0.545542 0.409911 0.037583 0.049067
