0 0.06298800000000004 0.407968 0.057226 0.077396
0 0.13876 0.404348 0.057246 0.078124
0 0.21989199999999998 0.405872 0.059042 0.077526
0 0.2949600000000001 0.408568 0.056718 0.07573
0 0.3773740000000001 0.408868 0.0558 0.08112
0 0.4551559999999999 0.410066 0.06086 0.078724
0 0.5592779999999999 0.497812 0.05543 0.075104
0 0.48243199999999997 0.494492 0.054082 0.070912
0 0.40400400000000003 0.495704 0.055 0.074532
0 0.32896400000000003 0.49901 0.054532 0.075104
0 0.5832040000000001 0.582252 0.052734 0.070912
0 0.5128619999999999 0.583502 0.05541 0.071016
0 0.4364459999999999 0.583724 0.058594 0.072656
0 0.35753999999999997 0.581692 0.060312 0.074636
0 0.28275399999999995 0.57918 0.059492 0.070808
0 0.20861400000000008 0.578632 0.05543 0.074506
0 0.251436 0.4972 0.056348 0.077526
0 0.17436600000000002 0.494506 0.058144 0.078124
0 0.1322159999999999 0.579532 0.05498 0.072708
0 0.09752000000000005 0.492408 0.057696 0.077526
0 0.057625999999999955 0.579792 0.05455 0.07323
0 0.09300799999999998 0.660364 0.055 0.06849
0 0.1651260000000001 0.660664 0.055878 0.069088
0 0.2376959999999999 0.658542 0.053906 0.067292
0 0.31251000000000007 0.657356 0.054082 0.069714
0 0.3861920000000001 0.664584 0.053632 0.069792
0 0.462588 0.666666 0.054082 0.069114
0 0.5367379999999999 0.663072 0.056328 0.067916
0 0.608398 0.666666 0.053632 0.070312
0 0.6318360000000001 0.746602 0.053632 0.069088
0 0.5610740000000001 0.745104 0.052734 0.066094
0 0.48829199999999995 0.745404 0.053184 0.064296
0 0.4157120000000001 0.744506 0.053184 0.066094
0 0.34135800000000005 0.73823 0.052286 0.06677
0 0.27082000000000006 0.73819 0.054532 0.066692
0 0.19801800000000003 0.738178 0.052286 0.06427
0 0.1259079999999999 0.739088 0.052286 0.066094
0 0.054248000000000074 0.736992 0.053184 0.065494
0 0.08741200000000005 0.814088 0.049042 0.05948
0 0.1571880000000001 0.812174 0.049296 0.063984
0 0.2274799999999999 0.813216 0.050586 0.061902
0 0.2992079999999999 0.814076 0.050606 0.06086
0 0.37053800000000003 0.81461 0.051386 0.061928
0 0.44187599999999994 0.816706 0.052696 0.061902
0 0.5138579999999999 0.818606 0.051152 0.062942
0 0.584814 0.82121 0.050606 0.061902
0 0.6551180000000001 0.81948 0.052422 0.06052
0 0.6757120000000001 0.89043 0.050332 0.058412
0 0.608682 0.891236 0.049824 0.058672
0 0.538262 0.891458 0.051914 0.059792
0 0.46809600000000007 0.889896 0.050878 0.060156
0 0.398838 0.886432 0.052168 0.058072
0 0.32750999999999997 0.885912 0.049824 0.057032
0 0.2569539999999999 0.883464 0.04957 0.058438
0 0.18848599999999993 0.885416 0.04877 0.058854
0 0.12027399999999999 0.884558 0.046954 0.056406
0 0.05063400000000007 0.885248 0.050606 0.061276
0 0.08311599999999997 0.950598 0.048262 0.057032
0 0.1506639999999999 0.9525 0.05086 0.060156
0 0.21756799999999998 0.95267 0.050606 0.058412
0 0.28811600000000004 0.955456 0.047208 0.056328
0 0.35567400000000005 0.955286 0.049824 0.060156
0 0.4257120000000001 0.958072 0.051114 0.058072
0 0.49418000000000006 0.957722 0.050352 0.05737
0 0.5614459999999999 0.95948 0.049766 0.056042
0 0.6291599999999999 0.958424 0.050078 0.058776
0 0.6984079999999999 0.96155 0.049824 0.06086
