0 0.089906 0.412666 0.105188 0.202888
0 0.224718 0.352944 0.099562 0.179
0 0.345594 0.293334 0.104062 0.202888
0 0.477156 0.225444 0.102938 0.190888
0 0.611876 0.157056 0.099624 0.185
0 0.737188 0.102334 0.099624 0.190888
0 0.064718 0.632444 0.101812 0.177112
0 0.185562 0.570778 0.113 0.192888
0 0.320406 0.510112 0.105188 0.190888
0 0.447968 0.450444 0.107438 0.202888
0 0.574406 0.382834 0.102938 0.183
0 0.704718 0.325112 0.104062 0.194888
0 0.417188 0.669278 0.099624 0.183
0 0.544718 0.613612 0.104062 0.183
0 0.672844 0.559834 0.105188 0.187
0 0.83175 0.279334 0.107374 0.202888
0 0.928532 0.4365 0.108562 0.191
0 0.800406 0.485278 0.098438 0.181
0 0.766282 0.713056 0.095062 0.179
0 0.895532 0.665278 0.109688 0.210778
0 0.122344 0.174944 0.102938 0.197
0 0.254968 0.112278 0.101812 0.191
0 0.852438 0.898 0.122 0.198888
0 0.639844 0.780666 0.101812 0.194888
0 0.508938 0.843278 0.104 0.185
0 0.285718 0.729944 0.102938 0.197
0 0.157032 0.798556 0.105188 0.194888
0 0.381374 0.9 0.097376 0.190888
