0 0.05203200000000008 0.629 0.038376 0.062416
0 0.11354599999999992 0.591928 0.04175 0.062396
0 0.178218 0.552322 0.039656 0.064104
0 0.24753200000000009 0.510468 0.045124 0.064646
0 0.3220940000000001 0.464126 0.045968 0.074208
0 0.40425 0.412166 0.045124 0.069166
0 0.49252399999999996 0.36049 0.052296 0.07702
0 0.586476 0.302344 0.060704 0.088812
0 0.6850700000000001 0.239708 0.065766 0.086
0 0.76786 0.325646 0.0645 0.091626
0 0.662946 0.384636 0.061984 0.084896
0 0.565618 0.43773 0.053546 0.080958
0 0.473352 0.489678 0.05439 0.075896
0 0.386984 0.537708 0.0485 0.077584
0 0.31071800000000005 0.58125 0.044282 0.065792
0 0.2369920000000001 0.621698 0.040078 0.064646
0 0.17042200000000007 0.660178 0.040906 0.057354
0 0.10807000000000011 0.693604 0.041766 0.059042
0 0.04739800000000005 0.727312 0.037546 0.055666
0 0.04402400000000006 0.820282 0.034172 0.052854
0 0.09963999999999995 0.792198 0.042594 0.057354
0 0.161578 0.761302 0.040906 0.061854
0 0.2270939999999999 0.728156 0.0405 0.064104
0 0.2976559999999999 0.693042 0.043438 0.062416
0 0.374344 0.654844 0.046812 0.06802
0 0.45565600000000006 0.613562 0.046812 0.073084
0 0.546454 0.570572 0.053968 0.078146
0 0.640406 0.521146 0.059032 0.082626
0 0.743844 0.47002 0.061968 0.086
0 0.8559060000000001 0.41723 0.072094 0.0905
0 0.8879300000000001 0.261614 0.076296 0.09498
0 0.07503199999999999 0.182572 0.042594 0.069146
0 0.20395999999999992 0.194364 0.046796 0.073646
0 0.13381200000000004 0.249428 0.045532 0.075896
0 0.069774 0.303354 0.03964 0.065792
0 0.06334400000000007 0.416416 0.038062 0.064792
0 0.1272660000000001 0.371552 0.041876 0.066354
0 0.19470999999999994 0.319886 0.042172 0.070604
0 0.268 0.264656 0.047718 0.07573
0 0.3472900000000001 0.204584 0.05239 0.086624
0 0.5089539999999999 0.222854 0.059874 0.087124
0 0.4177740000000001 0.282678 0.054454 0.086562
0 0.3353759999999999 0.337166 0.050594 0.079834
0 0.256586 0.388572 0.042172 0.071396
0 0.186226 0.439124 0.045546 0.069166
0 0.1207100000000001 0.484344 0.03839 0.064104
0 0.05857000000000001 0.523114 0.041328 0.06298
0 0.03992200000000001 0.910614 0.032438 0.04948
0 0.09553199999999995 0.887292 0.035812 0.053416
0 0.15535999999999994 0.85977 0.038344 0.056792
0 0.1505240000000001 0.953584 0.033704 0.050042
0 0.21962400000000004 0.832532 0.037062 0.05398
0 0.2874460000000001 0.801072 0.040454 0.06298
0 0.36222599999999994 0.767084 0.04339 0.060166
0 0.21118799999999993 0.928312 0.037906 0.059042
0 0.277126 0.902178 0.040876 0.057354
0 0.34854000000000007 0.872406 0.042984 0.06073
0 0.43972600000000006 0.730854 0.048516 0.070834
0 0.525906 0.693208 0.048874 0.068584
0 0.62029 0.649396 0.054766 0.075334
0 0.7205539999999999 0.603334 0.059828 0.075334
0 0.4258519999999999 0.842916 0.05014 0.065792
0 0.508008 0.81174 0.049296 0.06973
0 0.59964 0.773822 0.053094 0.07477
0 0.6971799999999999 0.732532 0.056046 0.080938
0 0.826946 0.55473 0.06614 0.08825
0 0.80125 0.690124 0.06025 0.084876
0 0.7770239999999999 0.819604 0.060672 0.079834
0 0.6769540000000001 0.857532 0.061094 0.07477
0 0.5800540000000001 0.889834 0.05436 0.074208
0 0.49410200000000004 0.92073 0.050984 0.070834
0 0.4125779999999999 0.949656 0.048032 0.06577
0 0.7515240000000001 0.94473 0.072266 0.0915
