0 0.781629 0.581410 0.013100 0.021848
0 0.802564 0.579167 0.012557 0.022200
0 0.822864 0.577671 0.012786 0.023438
0 0.842579 0.576748 0.012786 0.021876
0 0.860236 0.574771 0.011571 0.019143
0 0.870093 0.590105 0.011857 0.019905
0 0.850736 0.593295 0.010857 0.017905
0 0.832200 0.592486 0.011786 0.021048
0 0.812664 0.594533 0.012571 0.020190
0 0.632146 0.610971 0.015864 0.023543
0 0.656739 0.608452 0.015393 0.024295
0 0.680154 0.606000 0.014636 0.023410
0 0.704418 0.604238 0.014064 0.023162
0 0.727121 0.602224 0.012843 0.020638
0 0.748789 0.599586 0.012936 0.021400
0 0.770736 0.598510 0.013214 0.022276
0 0.791646 0.598448 0.012364 0.022152
0 0.644279 0.628786 0.014071 0.023419
0 0.668636 0.627719 0.014257 0.023286
0 0.692075 0.623424 0.014750 0.022695
0 0.715286 0.621543 0.012929 0.021600
0 0.737450 0.619362 0.013200 0.020629
0 0.759057 0.619119 0.013457 0.022333
0 0.780957 0.615719 0.012286 0.021114
0 0.800618 0.615314 0.013307 0.019981
0 0.820861 0.613324 0.011879 0.020743
0 0.840339 0.611510 0.011879 0.019952
0 0.860354 0.606362 0.010807 0.019162
0 0.869082 0.622748 0.011164 0.019952
0 0.850018 0.624967 0.011993 0.020276
0 0.830657 0.627343 0.012471 0.020590
0 0.810468 0.630510 0.012950 0.021857
0 0.790100 0.631062 0.013300 0.020105
0 0.768957 0.633438 0.014014 0.021371
0 0.747461 0.637319 0.013536 0.023114
0 0.725489 0.638110 0.013307 0.022810
0 0.703339 0.641038 0.013179 0.021067
0 0.679825 0.643495 0.013421 0.023124
0 0.655561 0.646624 0.015379 0.023400
0 0.630786 0.648619 0.017243 0.025467
0 0.628207 0.688876 0.014143 0.022571
0 0.652725 0.685433 0.014864 0.022295
0 0.676671 0.682548 0.015071 0.023400
0 0.699900 0.678895 0.013629 0.022990
0 0.722093 0.675314 0.013629 0.021333
0 0.744339 0.673114 0.013321 0.021886
0 0.765293 0.669743 0.013114 0.021200
0 0.786404 0.667610 0.013421 0.021067
0 0.806639 0.664514 0.012179 0.021200
0 0.826714 0.662243 0.013114 0.022162
0 0.845811 0.658667 0.012079 0.020781
0 0.865582 0.656462 0.013007 0.021610
0 0.639407 0.705257 0.013829 0.022571
0 0.663614 0.702986 0.013314 0.022714
0 0.687564 0.701262 0.013729 0.020924
0 0.709896 0.695462 0.013493 0.022886
0 0.732254 0.691862 0.013493 0.021990
0 0.753907 0.689295 0.012643 0.020133
0 0.776146 0.686138 0.013093 0.022181
0 0.795829 0.682957 0.012886 0.020962
0 0.816068 0.681267 0.012579 0.021105
0 0.836404 0.677210 0.012479 0.021105
0 0.855168 0.674981 0.011464 0.018533
0 0.627225 0.725767 0.014307 0.023533
0 0.651471 0.722248 0.014100 0.022724
0 0.674704 0.718800 0.013693 0.022590
0 0.698086 0.715490 0.013386 0.021914
0 0.720504 0.712581 0.013393 0.021238
0 0.742364 0.709200 0.012686 0.021238
0 0.763821 0.705210 0.013800 0.021638
0 0.785579 0.701829 0.012886 0.021371
0 0.805564 0.699190 0.012886 0.022590
0 0.826014 0.696043 0.012014 0.021952
0 0.844854 0.693076 0.012121 0.020876
0 0.862579 0.690186 0.012629 0.021819
0 0.638746 0.743381 0.014036 0.024248
0 0.662736 0.738933 0.014543 0.023162
0 0.686168 0.736376 0.013736 0.020733
0 0.708646 0.732943 0.015050 0.021676
0 0.730714 0.727690 0.014343 0.021152
0 0.753036 0.724724 0.013743 0.021143
0 0.773493 0.721090 0.012829 0.018981
0 0.794954 0.718262 0.013736 0.021952
0 0.814246 0.714829 0.012321 0.022095
0 0.833943 0.710919 0.013129 0.021819
0 0.853286 0.707757 0.013029 0.019800
0 0.637482 0.778867 0.014750 0.023562
0 0.661271 0.775100 0.015457 0.023838
0 0.684450 0.770581 0.014543 0.022895
0 0.716650 0.585090 0.012943 0.022276
0 0.760239 0.581352 0.013464 0.022457
0 0.739079 0.584262 0.013014 0.022695
0 0.817475 0.490338 0.011793 0.020733
0 0.837821 0.489990 0.011786 0.020305
0 0.672025 0.512529 0.013879 0.022257
0 0.695400 0.511276 0.013671 0.021429
0 0.719189 0.510162 0.013250 0.021429
0 0.742143 0.509400 0.012829 0.020457
0 0.763482 0.508705 0.012936 0.019333
0 0.785707 0.507381 0.012729 0.020305
0 0.806782 0.508771 0.012521 0.021143
0 0.826346 0.507310 0.011793 0.020733
0 0.845961 0.506962 0.011579 0.020038
0 0.659296 0.532495 0.013250 0.022952
0 0.683611 0.530405 0.013250 0.021838
0 0.706250 0.529362 0.013043 0.020876
0 0.729464 0.528038 0.012314 0.021010
0 0.752893 0.528319 0.012843 0.020733
0 0.774286 0.526443 0.012843 0.019476
0 0.794732 0.528386 0.012836 0.020314
0 0.815025 0.526095 0.011479 0.019619
0 0.835529 0.525395 0.012000 0.020733
0 0.854675 0.523452 0.011479 0.020448
0 0.647143 0.552038 0.014400 0.023657
0 0.671239 0.551348 0.014779 0.022238
0 0.694989 0.549657 0.013507 0.021390
0 0.717632 0.548957 0.013407 0.021667
0 0.740321 0.547829 0.013829 0.021390
0 0.762443 0.545481 0.011871 0.019533
0 0.783757 0.545929 0.012543 0.022790
0 0.804879 0.543105 0.010871 0.019924
0 0.825061 0.543000 0.011750 0.020133
0 0.844839 0.541295 0.011993 0.019505
0 0.863821 0.540333 0.011429 0.020781
0 0.645200 0.590205 0.015186 0.023971
0 0.669896 0.589567 0.013264 0.022905
0 0.693075 0.586424 0.013907 0.023019
0 0.707889 0.766838 0.014193 0.023238
0 0.728861 0.763219 0.014193 0.022952
0 0.751136 0.760229 0.013457 0.022819
0 0.771318 0.756390 0.013564 0.021314
0 0.793275 0.751733 0.012893 0.022381
0 0.812750 0.747786 0.012357 0.023095
0 0.831757 0.742510 0.012229 0.020048
0 0.851768 0.739376 0.011950 0.019876
0 0.840486 0.759071 0.013029 0.018448
0 0.822021 0.762748 0.012357 0.019343
0 0.802768 0.767429 0.011936 0.019505
0 0.782689 0.771795 0.014664 0.022333
0 0.648821 0.798143 0.014786 0.022571
0 0.672568 0.793076 0.014050 0.022705
0 0.696375 0.788767 0.013679 0.023038
0 0.718382 0.784376 0.013179 0.020886
0 0.739886 0.780314 0.014671 0.022381
0 0.761829 0.776248 0.013057 0.020552
0 0.660325 0.814710 0.013921 0.023210
0 0.684132 0.809819 0.014793 0.022381
0 0.706632 0.804514 0.013307 0.022381
0 0.728821 0.799957 0.013671 0.021876
0 0.750068 0.795990 0.013150 0.020590
0 0.770843 0.791919 0.012686 0.020390
0 0.791232 0.786281 0.011936 0.019724
0 0.811061 0.780976 0.011807 0.020390
0 0.830393 0.776914 0.012186 0.019562
0 0.819889 0.795476 0.011064 0.020552
0 0.801239 0.800367 0.012064 0.019724
0 0.780043 0.805838 0.012686 0.019067
0 0.760279 0.810476 0.011686 0.020057
0 0.738707 0.813881 0.013300 0.020219
0 0.716721 0.819381 0.013786 0.020590
0 0.693614 0.824148 0.013271 0.023324
0 0.670818 0.830690 0.014521 0.023667
0 0.682214 0.845952 0.014729 0.022457
0 0.704554 0.838624 0.014621 0.023400
0 0.725986 0.834595 0.014729 0.021514
0 0.748325 0.829752 0.012207 0.022057
0 0.737282 0.849652 0.012907 0.021248
0 0.757757 0.844671 0.013514 0.022067
0 0.769104 0.824776 0.012207 0.020981
0 0.789325 0.819862 0.012907 0.022467
0 0.809446 0.814286 0.012607 0.022057
0 0.684914 0.493190 0.014400 0.021695
0 0.808243 0.471557 0.012100 0.019610
0 0.786854 0.473162 0.012107 0.019200
0 0.765461 0.472186 0.012521 0.020029
0 0.743446 0.472324 0.012521 0.020305
0 0.720475 0.471843 0.013021 0.019629
0 0.796875 0.491105 0.012321 0.020590
0 0.775479 0.491310 0.012100 0.019895
0 0.752943 0.491381 0.012314 0.020038
0 0.731554 0.490686 0.012936 0.019752
0 0.708861 0.492843 0.013664 0.020448
