0 0.18375 0.09484000000000004 0.08195 0.121474
0 0.6665 0.07350999999999996 0.08195 0.095224
0 0.57495 0.08581799999999995 0.07555 0.109968
0 0.227288 0.19990400000000008 0.084524 0.105064
0 0.501124 0.881972 0.0907 0.113558
0 0.56245 0.754102 0.0981 0.112308
0 0.516688 0.415802 0.081974 0.10673
0 0.659462 0.7490540000000001 0.090926 0.11984
0 0.31565 0.414968 0.08195 0.118206
0 0.860512 0.08171400000000006 0.080674 0.101762
0 0.471874 0.0808819999999999 0.08195 0.106698
0 0.42385 0.19498400000000005 0.0858 0.095224
0 0.614 0.40512799999999993 0.0794 0.098526
0 0.667788 0.5069239999999999 0.081974 0.101794
0 0.37435 0.08862199999999998 0.0811 0.099872
0 0.21895 0.42072200000000004 0.07555 0.113302
0 0.272112 0.30745200000000006 0.074276 0.106698
0 0.282576 0.0940700000000001 0.0875 0.099872
0 0.769188 0.07698800000000006 0.085374 0.103974
0 0.954326 0.0756079999999999 0.0779 0.098526
0 0.322062 0.19942400000000005 0.083224 0.099872
0 0.517888 0.19327000000000005 0.080024 0.103974
0 0.618188 0.18916599999999995 0.088576 0.10673
0 0.717438 0.18094600000000005 0.088576 0.10125
0 0.813474 0.18437400000000004 0.0843 0.097148
0 0.908974 0.18096200000000007 0.0747 0.09577
0 0.374888 0.3075000000000001 0.075776 0.10532
0 0.463988 0.3006580000000001 0.076826 0.094392
0 0.564838 0.29657 0.082176 0.108076
0 0.659812 0.2986059999999999 0.080026 0.106698
0 0.767588 0.2917780000000001 0.077876 0.106698
0 0.862026 0.286988 0.0747 0.097116
0 0.414374 0.4107860000000001 0.08215 0.10125
0 0.7137 0.40599399999999997 0.08535 0.099872
0 0.810262 0.3923239999999999 0.088576 0.088942
0 0.910588 0.39575399999999994 0.075776 0.090288
0 0.261238 0.535288 0.078976 0.101218
0 0.358888 0.5270840000000001 0.082176 0.101218
0 0.462388 0.5175639999999999 0.080026 0.101154
0 0.558426 0.518878 0.0779 0.109424
0 0.76225 0.5120359999999999 0.08855 0.098494
0 0.8631 0.5004 0.0811 0.097148
0 0.958912 0.502996 0.082176 0.094392
0 0.459488 0.756106 0.088524 0.113558
0 0.311188 0.649392 0.088574 0.116282
0 0.407762 0.6391340000000001 0.085376 0.103974
0 0.505924 0.6398079999999999 0.0939 0.110834
0 0.608912 0.634326 0.086426 0.099872
0 0.713488 0.6275 0.092824 0.10532
0 0.8122 0.6179319999999999 0.0939 0.105352
0 0.9061 0.6117619999999999 0.09175 0.101218
0 0.85915 0.7300960000000001 0.0875 0.099872
0 0.7583 0.74173 0.08215 0.11218
0 0.9093 0.853926 0.0875 0.114904
0 0.806324 0.8621319999999999 0.09285 0.11766
0 0.703876 0.866924 0.0907 0.119038
0 0.605712 0.87375 0.080026 0.116282
