0 0.4935 0.643056 0.138334 0.104888
0 0.197084 0.745094 0.138334 0.099188
0 0.45625 0.8705 0.1368 0.10375
0 0.748876 0.758782 0.141384 0.099188
0 0.790676 0.336382 0.127684 0.093488
0 0.809684 0.148832 0.123134 0.087788
0 0.76405 0.537056 0.135234 0.107112
0 0.235058 0.526188 0.132216 0.096876
0 0.519342 0.4367 0.14745 0.100324
0 0.282966 0.332388 0.118566 0.08095
0 0.059524 0.243468 0.118616 0.080938
0 0.551992 0.240038 0.130684 0.090076
0 0.0965 0.062532 0.118566 0.082088
0 0.5771 0.057056 0.123134 0.084362
0 0.324766 0.1494 0.117034 0.08665
