0 0.7958080000000001 0.06548200000000004 0.11325 0.087462
0 0.5806340000000001 0.09332600000000002 0.114934 0.084924
0 0.38823399999999997 0.12369999999999992 0.1048 0.0824
0 0.186558 0.14395599999999997 0.103116 0.077338
0 0.11735800000000007 0.285088 0.103116 0.0786
0 0.321566 0.2642 0.109866 0.09
0 0.24309200000000009 0.41229399999999994 0.121684 0.095062
0 0.17895799999999995 0.5724119999999999 0.108184 0.096324
0 0.398358 0.5420320000000001 0.121684 0.091262
0 0.6245080000000001 0.5230440000000001 0.118316 0.091262
0 0.46502599999999994 0.3895120000000001 0.116616 0.092524
0 0.528308 0.23508799999999996 0.118316 0.092524
0 0.684426 0.36356199999999994 0.11325 0.0938
0 0.739266 0.211044 0.114934 0.087462
0 0.5543340000000001 0.691476 0.140334 0.1105
0 0.8286 0.775026 0.133866 0.111026
0 0.890366 0.598068 0.1197 0.103438
0 0.93855 0.43554399999999993 0.1229 0.097362
