0 0.723571 0.744038 0.007714 0.013333
0 0.836336 0.315429 0.007529 0.016381
0 0.787100 0.353238 0.007143 0.016190
0 0.799386 0.350095 0.007143 0.016190
0 0.811671 0.347048 0.007143 0.016190
0 0.823243 0.344000 0.007143 0.016190
0 0.834243 0.341905 0.007143 0.016190
0 0.845100 0.338667 0.007143 0.016190
0 0.856671 0.335810 0.007143 0.016190
0 0.867100 0.333524 0.007143 0.016190
0 0.877100 0.330095 0.007143 0.016190
0 0.760743 0.387429 0.008714 0.017524
0 0.772957 0.383429 0.008714 0.017524
0 0.784386 0.380000 0.008714 0.017524
0 0.796529 0.377143 0.008714 0.017524
0 0.810157 0.373524 0.008314 0.017524
0 0.821086 0.370476 0.007886 0.016762
0 0.831743 0.367333 0.007286 0.016190
0 0.841957 0.364762 0.007286 0.016190
0 0.853671 0.360762 0.007286 0.016190
0 0.864100 0.358286 0.007286 0.016190
0 0.873671 0.356000 0.007286 0.016190
0 0.883386 0.353143 0.007286 0.016190
0 0.745143 0.418381 0.008571 0.016190
0 0.759100 0.413524 0.008571 0.016190
0 0.771529 0.410286 0.008571 0.016190
0 0.783050 0.407048 0.008186 0.016190
0 0.794386 0.402667 0.008571 0.016190
0 0.807550 0.398857 0.008329 0.016190
0 0.818429 0.395238 0.008286 0.016190
0 0.829407 0.391952 0.008043 0.015714
0 0.840029 0.388667 0.007286 0.014286
0 0.851243 0.385333 0.006857 0.013714
0 0.861457 0.382000 0.007286 0.014667
0 0.871243 0.378857 0.006857 0.013714
0 0.881171 0.375333 0.006714 0.012762
0 0.891814 0.372095 0.006571 0.013524
0 0.730529 0.449905 0.008286 0.016381
0 0.742814 0.445524 0.008000 0.017143
0 0.757100 0.440190 0.008286 0.016381
0 0.768957 0.435810 0.008000 0.016000
0 0.780886 0.432667 0.008429 0.017333
0 0.847700 0.521810 0.006543 0.013905
0 0.855971 0.538819 0.006429 0.013295
0 0.837736 0.525800 0.006614 0.013162
0 0.846114 0.543010 0.006429 0.013295
0 0.826843 0.530229 0.007457 0.013067
0 0.836286 0.548876 0.007143 0.014324
0 0.696543 0.591486 0.009143 0.017333
0 0.709829 0.585867 0.009143 0.017333
0 0.694829 0.616914 0.009143 0.017333
0 0.707829 0.610248 0.009143 0.017333
0 0.693257 0.644724 0.009143 0.017333
0 0.706400 0.638057 0.009143 0.017333
0 0.719400 0.632343 0.009143 0.017333
0 0.720686 0.604533 0.009143 0.017333
0 0.722114 0.579962 0.009143 0.017333
0 0.734400 0.573486 0.009143 0.017333
0 0.732400 0.598438 0.009143 0.017333
0 0.731257 0.626248 0.009143 0.017333
0 0.729543 0.650438 0.009143 0.017333
0 0.717543 0.656914 0.009143 0.017333
0 0.705400 0.663010 0.009143 0.017333
0 0.742971 0.643962 0.009143 0.017333
0 0.744543 0.618629 0.009143 0.017333
0 0.746257 0.591962 0.009143 0.017333
0 0.747829 0.568152 0.009143 0.017333
0 0.761114 0.562057 0.009143 0.017333
0 0.757829 0.586629 0.009143 0.017333
0 0.769843 0.580790 0.008829 0.016819
0 0.771971 0.556914 0.009143 0.017333
0 0.692257 0.670438 0.009143 0.017333
0 0.691257 0.694629 0.009143 0.017333
0 0.703400 0.687771 0.009143 0.017333
0 0.715829 0.681867 0.009143 0.017333
0 0.727686 0.675552 0.009143 0.016514
0 0.741343 0.667076 0.008743 0.015943
0 0.753057 0.660410 0.008743 0.015943
0 0.782700 0.550419 0.007286 0.014286
0 0.795200 0.546038 0.007143 0.014667
0 0.805700 0.540419 0.007000 0.014476
0 0.833771 0.573638 0.006857 0.013486
0 0.780986 0.574800 0.007857 0.015048
0 0.792986 0.569467 0.007571 0.015429
0 0.803557 0.564038 0.007286 0.014857
0 0.814557 0.558990 0.006714 0.014286
0 0.824557 0.554514 0.007000 0.014857
0 0.816486 0.535943 0.006857 0.014286
0 0.756271 0.613086 0.008714 0.016571
0 0.767557 0.607467 0.007571 0.016000
0 0.827429 0.757371 0.006143 0.013143
0 0.817857 0.763848 0.006143 0.013143
0 0.828714 0.736419 0.006143 0.013143
0 0.819714 0.742705 0.006143 0.013143
0 0.830714 0.715848 0.006143 0.013143
0 0.821000 0.721562 0.006143 0.013143
0 0.812143 0.708990 0.006143 0.013143
0 0.810571 0.728990 0.006143 0.013143
0 0.799714 0.736419 0.006143 0.013143
0 0.790143 0.742705 0.006143 0.013143
0 0.808571 0.750324 0.006143 0.013143
0 0.803643 0.695276 0.006429 0.012952
0 0.793000 0.700324 0.006857 0.012381
0 0.801857 0.715467 0.006857 0.012381
0 0.791143 0.721943 0.006857 0.012381
0 0.782857 0.706705 0.006857 0.012381
0 0.771000 0.714133 0.006857 0.012381
0 0.781000 0.727276 0.006857 0.012381
0 0.798286 0.757371 0.006857 0.012381
0 0.806714 0.771276 0.006857 0.012381
0 0.795714 0.777752 0.006857 0.012381
0 0.795000 0.798324 0.006857 0.012381
0 0.786571 0.784038 0.006857 0.012381
0 0.776571 0.792419 0.006857 0.012381
0 0.764714 0.800610 0.006857 0.012381
0 0.777429 0.771086 0.006857 0.012381
0 0.788714 0.764610 0.006857 0.012381
0 0.780000 0.750514 0.006857 0.012381
0 0.767714 0.758705 0.006857 0.012381
0 0.769286 0.736800 0.006857 0.012381
0 0.758571 0.743848 0.006857 0.012381
0 0.759571 0.721371 0.006857 0.012381
0 0.748571 0.728229 0.006857 0.012381
0 0.747000 0.750705 0.006857 0.012381
0 0.756429 0.766038 0.006571 0.013524
0 0.766286 0.780800 0.006571 0.013524
0 0.754857 0.787086 0.006571 0.013524
0 0.743857 0.795276 0.006571 0.013524
0 0.753714 0.808610 0.006571 0.013524
0 0.732571 0.804419 0.006571 0.013524
0 0.745000 0.773400 0.007143 0.014343
0 0.796429 0.656419 0.008286 0.014286
0 0.734286 0.780810 0.007143 0.014343
0 0.720786 0.789752 0.006714 0.014476
0 0.735143 0.758990 0.007714 0.013905
0 0.721857 0.766895 0.007714 0.013333
0 0.710143 0.774800 0.008571 0.013143
0 0.711643 0.751467 0.008429 0.014476
0 0.792529 0.429333 0.008286 0.017143
0 0.805457 0.424667 0.007571 0.016952
0 0.816886 0.421048 0.007000 0.016190
0 0.826814 0.416857 0.006571 0.016190
0 0.837171 0.413524 0.006714 0.015238
0 0.849457 0.409810 0.006429 0.015810
0 0.859171 0.406190 0.006143 0.014667
0 0.868671 0.402952 0.006857 0.014667
0 0.878600 0.398952 0.006143 0.012762
0 0.889193 0.396095 0.006186 0.013524
0 0.898529 0.392667 0.005714 0.013905
0 0.728471 0.476533 0.009429 0.019124
0 0.741114 0.472686 0.008143 0.016762
0 0.754950 0.466781 0.008186 0.017143
0 0.767336 0.462400 0.008186 0.017143
0 0.779050 0.458019 0.008186 0.017143
0 0.790336 0.453829 0.008186 0.017143
0 0.803479 0.449448 0.008186 0.017143
0 0.814336 0.446019 0.008186 0.017143
0 0.825193 0.442152 0.008186 0.016648
0 0.835479 0.437581 0.008186 0.016267
0 0.847050 0.433200 0.008186 0.016648
0 0.856929 0.429771 0.006714 0.014743
0 0.866736 0.425581 0.006529 0.013981
0 0.876286 0.422914 0.006571 0.013600
0 0.886857 0.418343 0.006286 0.012838
0 0.895807 0.414629 0.005814 0.013029
0 0.904736 0.411733 0.006243 0.012571
0 0.714214 0.507295 0.008714 0.016495
0 0.727014 0.502019 0.008714 0.016495
0 0.739443 0.496876 0.008714 0.016495
0 0.753014 0.492114 0.008714 0.016495
0 0.765586 0.487733 0.008714 0.016495
0 0.777586 0.482781 0.008714 0.016495
0 0.788300 0.478400 0.008714 0.016495
0 0.800586 0.473171 0.008714 0.015562
0 0.812157 0.468981 0.008714 0.015562
0 0.822571 0.465171 0.008000 0.014800
0 0.833586 0.461267 0.008000 0.014800
0 0.844729 0.456314 0.008000 0.014800
0 0.854871 0.452886 0.008000 0.014800
0 0.864793 0.448505 0.007300 0.014800
0 0.874150 0.444695 0.007300 0.014800
0 0.884579 0.440505 0.007300 0.014800
0 0.893436 0.437267 0.007300 0.014800
0 0.903150 0.432695 0.007300 0.014800
0 0.712186 0.533486 0.009000 0.015238
0 0.725043 0.527962 0.008429 0.015238
0 0.737686 0.523295 0.008571 0.015048
0 0.751529 0.516905 0.007629 0.014800
0 0.762971 0.511762 0.007629 0.014800
0 0.775114 0.507190 0.007629 0.014800
0 0.786407 0.502238 0.007614 0.014800
0 0.798836 0.497667 0.007614 0.014800
0 0.810264 0.492714 0.007614 0.014800
0 0.820550 0.487952 0.007614 0.014800
0 0.830979 0.484143 0.007614 0.014800
0 0.842971 0.479381 0.007629 0.014800
0 0.852643 0.475486 0.006429 0.013829
0 0.862257 0.472343 0.006429 0.013829
0 0.871686 0.467962 0.006429 0.013829
0 0.882400 0.463200 0.006429 0.013829
0 0.891400 0.459390 0.006429 0.013829
0 0.900829 0.454819 0.006429 0.013829
0 0.698286 0.565200 0.009143 0.016571
0 0.710543 0.559581 0.009143 0.016571
0 0.723971 0.554057 0.009143 0.016571
0 0.736114 0.547962 0.009143 0.016571
0 0.749686 0.542248 0.009143 0.016571
0 0.761971 0.536152 0.009143 0.016571
0 0.773400 0.531962 0.009143 0.016571
0 0.784257 0.527010 0.009143 0.016571
0 0.796400 0.522057 0.009143 0.016571
0 0.807114 0.517486 0.009143 0.016571
0 0.818843 0.512886 0.008543 0.015752
0 0.829143 0.506981 0.007714 0.015371
0 0.840686 0.502238 0.007714 0.015371
0 0.850257 0.498619 0.007714 0.015371
0 0.859971 0.494048 0.007714 0.015371
0 0.869571 0.489981 0.006571 0.013105
0 0.879786 0.485676 0.006143 0.012571
0 0.888971 0.481105 0.006571 0.013105
0 0.897829 0.477676 0.006571 0.013105
0 0.904543 0.494057 0.006571 0.013105
0 0.895114 0.498438 0.006571 0.013105
0 0.886114 0.503200 0.006571 0.013105
0 0.902400 0.516533 0.006571 0.013105
0 0.893543 0.521105 0.006571 0.013105
0 0.877543 0.507010 0.006571 0.013105
0 0.884686 0.525486 0.006571 0.013105
0 0.875829 0.529105 0.006571 0.013105
0 0.867486 0.512038 0.006971 0.013638
0 0.857686 0.516419 0.006571 0.013257
0 0.865271 0.533867 0.007400 0.013105
0 0.779100 0.602019 0.007057 0.016152
0 0.791271 0.596133 0.007286 0.015429
0 0.801771 0.590990 0.007714 0.015810
0 0.812200 0.585181 0.006571 0.014857
0 0.821957 0.579371 0.006486 0.014667
0 0.843486 0.568514 0.006571 0.012762
0 0.852986 0.562686 0.006429 0.012533
0 0.863271 0.558781 0.006143 0.012343
0 0.873057 0.553943 0.006143 0.012343
0 0.882057 0.548990 0.006143 0.012343
0 0.890771 0.543848 0.006143 0.012343
0 0.899343 0.539848 0.006143 0.012343
0 0.897343 0.559467 0.006143 0.012343
0 0.888486 0.565562 0.006143 0.012343
0 0.880200 0.570133 0.006143 0.012343
0 0.870771 0.575467 0.006143 0.012343
0 0.860343 0.580229 0.006143 0.012343
0 0.850914 0.585181 0.006143 0.012343
0 0.885914 0.585752 0.006143 0.012343
0 0.877771 0.590705 0.006143 0.012343
0 0.868486 0.595276 0.006143 0.012343
0 0.858200 0.601562 0.006143 0.012343
0 0.848771 0.606705 0.006143 0.012343
0 0.842057 0.588990 0.006143 0.012343
0 0.832200 0.595276 0.006143 0.012343
0 0.839343 0.611086 0.006143 0.012343
0 0.830343 0.616800 0.006143 0.012343
0 0.821486 0.600610 0.006143 0.012343
0 0.810629 0.605562 0.006143 0.012343
0 0.800343 0.611657 0.006143 0.012343
0 0.819071 0.622838 0.007571 0.013371
0 0.808629 0.628800 0.007571 0.013371
0 0.798414 0.634229 0.007857 0.014286
0 0.787486 0.641467 0.008000 0.014286
0 0.775271 0.648800 0.008143 0.014476
0 0.764271 0.654514 0.008143 0.014857
0 0.789771 0.618514 0.007143 0.013714
0 0.776986 0.625371 0.007286 0.013714
0 0.765629 0.631276 0.007714 0.013333
0 0.754629 0.636705 0.007143 0.013143
0 0.701714 0.711371 0.008000 0.012000
0 0.714500 0.705181 0.008143 0.014857
0 0.726714 0.697467 0.008286 0.013905
0 0.739786 0.690895 0.008143 0.015238
0 0.751286 0.684038 0.008286 0.014857
0 0.762714 0.678038 0.008286 0.014286
0 0.773714 0.671086 0.008286 0.014286
0 0.785571 0.663086 0.008286 0.014286
0 0.806714 0.650895 0.008286 0.014286
0 0.771857 0.691848 0.008286 0.014286
0 0.783571 0.685371 0.008286 0.014286
0 0.760571 0.699276 0.008286 0.014286
0 0.749143 0.706705 0.008286 0.014286
0 0.738000 0.713181 0.008286 0.014286
0 0.724429 0.720990 0.008286 0.014286
0 0.712857 0.728038 0.008286 0.014286
0 0.700857 0.735657 0.008286 0.014286
0 0.794500 0.678514 0.007571 0.012952
0 0.804929 0.673086 0.007000 0.013524
0 0.814643 0.667467 0.006714 0.013333
0 0.826000 0.659276 0.006571 0.012571
0 0.835714 0.654305 0.006571 0.012914
0 0.844786 0.648133 0.006143 0.013143
0 0.853714 0.643086 0.006143 0.013143
0 0.865000 0.635467 0.006143 0.013143
0 0.872714 0.630133 0.006143 0.013143
0 0.882000 0.624610 0.006143 0.013143
0 0.884143 0.604990 0.006143 0.013143
0 0.874857 0.610133 0.006143 0.013143
0 0.865429 0.616229 0.006143 0.013143
0 0.856143 0.621752 0.006143 0.013143
0 0.846857 0.626895 0.006143 0.013143
0 0.838000 0.632800 0.006143 0.013143
0 0.828000 0.638895 0.006143 0.013143
0 0.817714 0.644610 0.006143 0.013143
0 0.880714 0.646514 0.006143 0.013143
0 0.871143 0.651276 0.006143 0.013143
0 0.862571 0.656610 0.006143 0.013143
0 0.869429 0.672038 0.006143 0.013143
0 0.861000 0.676610 0.006143 0.013143
0 0.850429 0.683086 0.006143 0.013143
0 0.852429 0.662705 0.006143 0.013143
0 0.843143 0.668800 0.006143 0.013143
0 0.834571 0.674133 0.006143 0.013143
0 0.841286 0.689371 0.006143 0.013143
0 0.859000 0.697371 0.006143 0.013143
0 0.848286 0.704990 0.006143 0.013143
0 0.839714 0.709562 0.006143 0.013143
0 0.824714 0.680610 0.006143 0.013143
0 0.832000 0.695848 0.006143 0.013143
0 0.823000 0.700990 0.006143 0.013143
0 0.813143 0.687848 0.006143 0.013143
0 0.846571 0.725181 0.006143 0.013143
0 0.837571 0.730133 0.006143 0.013143
0 0.836429 0.750514 0.006143 0.013143
0 0.736929 0.737276 0.008429 0.015810
