0 0.383458 0.351432 0.108164 0.142866
0 0.61455 0.07413 0.102266 0.126064
0 0.55751 0.204382 0.09834 0.134436
0 0.731582 0.078318 0.100312 0.140056
0 0.506376 0.350042 0.102286 0.151266
0 0.842706 0.082532 0.094394 0.142866
0 0.67749 0.215578 0.102286 0.128846
0 0.78665 0.225382 0.096386 0.137274
0 0.89876 0.221182 0.104238 0.134436
0 0.32544 0.488692 0.110136 0.148456
0 0.263476 0.631558 0.096368 0.148456
0 0.378536 0.627344 0.102266 0.134464
0 0.443458 0.497094 0.09043 0.142838
0 0.620458 0.358442 0.09834 0.151266
0 0.502442 0.91726 0.10621 0.142838
0 0.384434 0.91306 0.102266 0.140056
0 0.26544 0.908804 0.116036 0.154186
0 0.844668 0.642754 0.102266 0.142866
0 0.905634 0.781404 0.09834 0.134436
0 0.788614 0.777204 0.11211 0.142838
0 0.675528 0.777204 0.102266 0.148456
0 0.562432 0.773004 0.104238 0.134436
0 0.439512 0.7716 0.102266 0.159666
0 0.327402 0.775814 0.118008 0.156856
0 0.842696 0.918664 0.10621 0.156884
0 0.730596 0.915856 0.106192 0.145646
0 0.620458 0.920056 0.114082 0.137246
0 0.908594 0.497094 0.100312 0.154076
0 0.842706 0.358428 0.110136 0.140056
0 0.728624 0.358442 0.09834 0.145646
0 0.561456 0.497094 0.09834 0.137274
0 0.678476 0.504102 0.100312 0.123254
0 0.793526 0.502698 0.110136 0.126064
0 0.501464 0.63854 0.100312 0.140056
0 0.618536 0.639958 0.10629 0.148456
0 0.731582 0.648358 0.100312 0.142838
