0 0.029204000000000008 0.270728 0.04874 0.068408
0 0.288716 0.234814 0.041042 0.052444
0 0.2699020000000001 0.29068 0.049592 0.066124
0 0.24937999999999994 0.341984 0.049592 0.061562
0 0.23014200000000007 0.389868 0.04532 0.061562
0 0.21218599999999999 0.445732 0.052158 0.057006
0 0.19765600000000005 0.493624 0.041912 0.05474
0 0.17969400000000002 0.543206 0.047028 0.060426
0 0.16131000000000006 0.595652 0.051306 0.061562
0 0.1429260000000001 0.644104 0.047028 0.062704
0 0.12155000000000005 0.697118 0.041898 0.059284
0 0.1065879999999999 0.750704 0.049592 0.059284
0 0.08777400000000002 0.802006 0.044462 0.059284
0 0.06597000000000008 0.849318 0.04532 0.055858
0 0.04801600000000006 0.901762 0.04532 0.058142
0 0.04972599999999994 0.219994 0.047028 0.085506
0 0.1288180000000001 0.199472 0.037624 0.060426
0 0.02424599999999999 0.854794 0.040186 0.070686
0 0.044766000000000084 0.801778 0.043606 0.076382
0 0.09350400000000003 0.210646 0.041898 0.063846
0 0.04604800000000009 0.255108 0.01368 0.054722
0 0.05545399999999989 0.310976 0.041046 0.059284
0 0.044766000000000084 0.364558 0.04532 0.063846
0 0.02210599999999996 0.40788 0.039334 0.050166
0 0.07298399999999994 0.25454 0.05045 0.064982
0 0.11402599999999996 0.259098 0.047032 0.071828
0 0.06528800000000001 0.306982 0.019666 0.049024
0 0.07896799999999993 0.358288 0.041898 0.053586
0 0.0947880000000001 0.312686 0.04275 0.055864
0 0.06528800000000001 0.40845 0.04874 0.055864
0 0.0451919999999999 0.459754 0.046172 0.058148
0 0.022961999999999927 0.509346 0.044462 0.057
0 0.17388000000000003 0.194686 0.047028 0.079802
0 0.15720599999999996 0.25397 0.047884 0.068408
0 0.13583199999999995 0.312114 0.047884 0.057006
0 0.12257600000000002 0.355436 0.04532 0.057006
0 0.1088960000000001 0.40218 0.038476 0.054728
0 0.08837399999999995 0.450632 0.036768 0.060426
0 0.06913400000000003 0.504784 0.03762 0.059284
0 0.053317999999999977 0.557228 0.043606 0.068408
0 0.035358 0.605686 0.04532 0.062704
0 0.026381999999999906 0.65984 0.044468 0.059284
0 0.22005399999999997 0.192408 0.048736 0.066124
0 0.19995800000000008 0.244848 0.04275 0.06613
0 0.18157599999999996 0.304132 0.048736 0.06613
0 0.1623380000000001 0.349164 0.044462 0.051302
0 0.24313800000000008 0.24143 0.04874 0.07524
0 0.23843799999999993 0.304132 0.058144 0.077524
0 0.2033799999999999 0.350874 0.054722 0.070686
0 0.14823000000000008 0.39762 0.04019 0.063846
0 0.18755999999999995 0.39078 0.045314 0.063846
0 0.1751640000000001 0.448352 0.053014 0.06042
0 0.12984400000000007 0.452914 0.046172 0.069544
0 0.11060599999999998 0.507064 0.041898 0.057006
0 0.0947880000000001 0.55609 0.04275 0.054722
0 0.15848799999999996 0.497376 0.048736 0.071828
0 0.1405320000000001 0.54925 0.047028 0.063846
0 0.11958399999999991 0.598272 0.044462 0.061568
0 0.07854000000000005 0.605114 0.035912 0.063846
0 0.09769399999999995 0.64912 0.043612 0.070686
0 0.06648399999999999 0.65425 0.047884 0.06955
0 0.03484799999999999 0.704414 0.041046 0.06042
0 0.0801639999999999 0.705556 0.041042 0.062704
0 0.059215999999999935 0.753438 0.043606 0.058148
0 0.31359399999999993 0.290564 0.047884 0.07182
0 0.287088 0.34301 0.044462 0.07182
0 0.27469199999999994 0.38975 0.043606 0.067266
0 0.2558800000000001 0.437636 0.04874 0.06042
0 0.2383519999999999 0.487788 0.049592 0.053562
0 0.21227400000000007 0.533402 0.036768 0.049024
0 0.20115799999999995 0.59326 0.041898 0.059284
0 0.1776439999999999 0.642848 0.039334 0.058142
0 0.16182399999999997 0.696436 0.040186 0.058142
0 0.14557799999999999 0.746596 0.047028 0.053586
0 0.1301859999999999 0.80018 0.04874 0.055864
0 0.11094599999999999 0.847494 0.041042 0.054728
0 0.09299400000000002 0.897658 0.035912 0.057006
0 0.07161400000000007 0.944972 0.035912 0.060426
0 0.3537840000000001 0.279164 0.047884 0.067266
0 0.3341179999999999 0.33503 0.047884 0.062704
0 0.3165880000000001 0.381772 0.047028 0.055864
0 0.3003420000000001 0.433074 0.047028 0.055864
0 0.2793939999999999 0.48495 0.044462 0.059284
0 0.26314799999999994 0.533972 0.041046 0.054722
0 0.243908 0.589266 0.041898 0.06042
0 0.2246680000000001 0.640568 0.053014 0.055864
0 0.20500399999999996 0.689592 0.04275 0.062704
0 0.1917500000000001 0.740896 0.045314 0.062704
0 0.16994599999999993 0.789348 0.039328 0.063846
0 0.15113599999999994 0.837802 0.041042 0.06042
0 0.134892 0.891956 0.035912 0.066124
0 0.11693200000000004 0.94212 0.039328 0.057006
0 0.37653000000000003 0.332558 0.040616 0.0665
0 0.3555060000000001 0.380538 0.039902 0.054148
0 0.35871600000000003 0.475544 0.040616 0.065556
0 0.32202 0.48362 0.039902 0.058908
0 0.30313600000000007 0.53682 0.037764 0.060802
0 0.2860100000000001 0.579574 0.046408 0.062704
0 0.26925599999999994 0.635154 0.039976 0.05605
0 0.24326000000000003 0.686396 0.042 0.05042
0 0.2293860000000001 0.737288 0.041328 0.058908
0 0.21299800000000002 0.786692 0.039902 0.058902
0 0.19696599999999997 0.839892 0.042042 0.051302
0 0.1755899999999999 0.887398 0.037764 0.057006
0 0.15848799999999996 0.943926 0.040616 0.05605
0 0.39648400000000006 0.37247 0.044902 0.062716
0 0.3815059999999999 0.424732 0.040598 0.058932
0 0.347672 0.527796 0.045602 0.05795
0 0.33021199999999995 0.579578 0.040612 0.057006
0 0.3084800000000001 0.632306 0.039902 0.050352
0 0.28995400000000005 0.678854 0.037056 0.054154
0 0.27534400000000003 0.72826 0.040616 0.059852
0 0.258246 0.781462 0.042038 0.059852
0 0.23544999999999994 0.830386 0.046324 0.062686
0 0.21727600000000002 0.885972 0.039902 0.06176
0 0.2008859999999999 0.937278 0.042754 0.065556
0 0.4207080000000001 0.419004 0.04062 0.064586
0 0.40681199999999995 0.470318 0.039902 0.057006
0 0.388644 0.520198 0.034916 0.059852
0 0.36833399999999994 0.575302 0.038482 0.063654
0 0.3455299999999999 0.623766 0.045598 0.06368
0 0.3341320000000001 0.672688 0.042754 0.055118
0 0.3166739999999999 0.727788 0.03919 0.058908
0 0.29597000000000007 0.777182 0.043524 0.056994
0 0.28104799999999996 0.82897 0.042042 0.061754
0 0.2578879999999999 0.87932 0.047028 0.05795
0 0.24541799999999991 0.932524 0.042042 0.05605
0 0.46773599999999993 0.416164 0.044888 0.068402
0 0.4495640000000001 0.471744 0.047028 0.057956
0 0.4292560000000001 0.52067 0.042042 0.051302
0 0.4117980000000001 0.573402 0.042754 0.065556
0 0.3936299999999999 0.62138 0.046314 0.058908
0 0.37688600000000005 0.675058 0.041328 0.056056
0 0.35835799999999995 0.72066 0.047032 0.061754
0 0.34090200000000004 0.770064 0.049166 0.050352
0 0.32379800000000003 0.822794 0.042042 0.055104
0 0.304562 0.875994 0.042042 0.062704
0 0.28496600000000005 0.928726 0.03705 0.059858
0 0.493414 0.460092 0.05045 0.059284
0 0.473322 0.515388 0.041042 0.06042
0 0.45365600000000006 0.566124 0.042754 0.059284
0 0.4399740000000001 0.618564 0.042754 0.057006
0 0.4198820000000001 0.667022 0.038476 0.060426
0 0.4040619999999999 0.722312 0.035912 0.054722
0 0.3839680000000001 0.770766 0.045314 0.062704
0 0.366012 0.82321 0.041894 0.058148
0 0.34891000000000005 0.873374 0.04532 0.058142
0 0.32967199999999997 0.924676 0.046176 0.053586
0 0.3095779999999999 0.97142 0.041898 0.055864
0 0.515638 0.50628 0.048722 0.053612
0 0.49897400000000003 0.558142 0.047884 0.061568
0 0.47973599999999994 0.612296 0.047028 0.062704
0 0.4579279999999999 0.66018 0.035912 0.055864
0 0.44339400000000007 0.712624 0.046176 0.064988
0 0.4258660000000001 0.764494 0.047028 0.052444
0 0.4053439999999999 0.815232 0.038476 0.060426
0 0.3891 0.865962 0.038476 0.054728
0 0.53745 0.561562 0.039334 0.06384
0 0.524632 0.604886 0.039348 0.061562
0 0.56182 0.605456 0.036768 0.062704
0 0.5075240000000001 0.654478 0.03762 0.06271
0 0.48357800000000006 0.704632 0.041038 0.060402
0 0.5451459999999999 0.654478 0.046172 0.06271
0 0.522486 0.70578 0.041898 0.058142
0 0.4647699999999999 0.757658 0.041042 0.061562
0 0.44681400000000004 0.811238 0.041046 0.057006
0 0.47204 0.863114 0.04532 0.053586
0 0.586606 0.653352 0.038454 0.055888
0 0.5660940000000001 0.701794 0.043606 0.063846
0 0.613124 0.69666 0.036768 0.062704
0 0.59175 0.747978 0.036778 0.055896
0 0.5058119999999999 0.757084 0.042754 0.067266
0 0.49042399999999997 0.809528 0.042754 0.064982
0 0.43099599999999993 0.863686 0.038482 0.059284
0 0.546 0.753092 0.044462 0.059284
0 0.5344580000000001 0.80041 0.041898 0.051302
0 0.5737920000000001 0.793568 0.040186 0.06042
0 0.621248 0.793 0.047884 0.059284
0 0.36857800000000007 0.920118 0.041898 0.06042
0 0.35061999999999993 0.97028 0.045314 0.051302
0 0.64348 0.84088 0.042754 0.054722
0 0.663572 0.892186 0.041894 0.066124
0 0.515218 0.85228 0.034204 0.061562
0 0.5566899999999999 0.850004 0.045314 0.054722
0 0.595594 0.848864 0.041042 0.052444
0 0.41218599999999994 0.912136 0.045314 0.055864
0 0.39379999999999993 0.965722 0.04275 0.055864
0 0.4519439999999999 0.909854 0.04275 0.060426
0 0.4318519999999999 0.96116 0.041898 0.05358
0 0.4946999999999999 0.905868 0.044462 0.057006
0 0.47545799999999994 0.95888 0.041898 0.064982
0 0.540016 0.901306 0.046172 0.05929
0 0.519496 0.95147 0.034204 0.057
0 0.5797779999999999 0.897314 0.047028 0.06042
0 0.5592539999999999 0.950898 0.045314 0.058142
0 0.618252 0.898456 0.043606 0.062704
0 0.6447620000000001 0.936078 0.04532 0.06955
0 0.600724 0.944056 0.046172 0.055864
0 0.025808000000000053 0.159034 0.043606 0.064982
0 0.06941599999999992 0.161882 0.043612 0.082086
0 0.1172979999999999 0.156182 0.048736 0.077524
