0 0.9415 0.8303339999999999 0.0665 0.088666
0 0.886462 0.7783 0.066526 0.088734
0 0.755724 0.7660659999999999 0.0711 0.0948
0 0.827976 0.7232339999999999 0.0688 0.0948
0 0.956424 0.735466 0.0688 0.0948
0 0.899074 0.678884 0.0688 0.085566
0 0.7649 0.668134 0.0711 0.094934
0 0.6938 0.712534 0.0711 0.091734
0 0.633026 0.6575 0.0688 0.091666
0 0.704112 0.6115839999999999 0.068774 0.091834
0 0.8394 0.6268659999999999 0.0643 0.085734
0 0.907112 0.585634 0.066524 0.088666
0 0.969038 0.09333400000000003 0.061924 0.082666
0 0.836012 0.06881599999999999 0.066524 0.0887
0 0.705274 0.044334000000000096 0.06195 0.088666
0 0.6273 0.08410000000000006 0.0711 0.0948
0 0.5505 0.12538399999999994 0.0735 0.091766
0 0.69375 0.15133400000000008 0.0665 0.088666
0 0.76725 0.10866599999999993 0.071 0.088666
0 0.827938 0.17121600000000003 0.068876 0.085566
0 0.89565 0.13456599999999996 0.0711 0.091734
0 0.954138 0.1925840000000001 0.064224 0.0855
0 0.622738 0.1913339999999999 0.066474 0.088666
0 0.540088 0.22788399999999998 0.071176 0.0949
0 0.678876 0.25076600000000004 0.06875 0.0856
0 0.755738 0.20633400000000002 0.066526 0.088666
0 0.88875 0.2339500000000001 0.0665 0.0887
0 0.816512 0.272184 0.068826 0.0917
0 0.604326 0.28600000000000003 0.07115 0.094666
0 0.741974 0.3104 0.0711 0.0948
0 0.944912 0.29358400000000007 0.064324 0.085634
0 0.876138 0.33326600000000006 0.064224 0.085466
0 0.667438 0.350066 0.064224 0.088534
0 0.596338 0.39143400000000006 0.068824 0.091734
0 0.527526 0.331866 0.0688 0.094934
0 0.80395 0.36866599999999994 0.0666 0.088666
0 0.931188 0.3899840000000001 0.064224 0.0827
0 0.861238 0.4296660000000001 0.066526 0.088666
0 0.7328 0.41585000000000005 0.0665 0.091634
0 0.514874 0.434334 0.07575 0.098
0 0.6571 0.45106599999999997 0.0711 0.088666
0 0.790138 0.4678500000000001 0.066526 0.0857
0 0.917412 0.4832160000000001 0.064176 0.079566
0 0.579126 0.49695 0.0711 0.0887
0 0.568876 0.5993839999999999 0.06875 0.085634
0 0.644526 0.559634 0.07345 0.091734
0 0.717862 0.5123340000000001 0.068774 0.094666
0 0.779824 0.571834 0.0688 0.091666
0 0.849762 0.527584 0.066474 0.088834
