0 0.22727199999999992 0.250426 0.04404 0.066502
0 0.2816000000000001 0.257758 0.03963 0.069418
0 0.339596 0.272914 0.039664 0.072376
0 0.19715400000000005 0.293476 0.048452 0.076278
0 0.255522 0.303228 0.044782 0.070404
0 0.3094779999999999 0.309596 0.041112 0.069418
0 0.10942800000000008 0.328654 0.05064 0.078206
0 0.07781199999999999 0.375246 0.049428 0.074708
0 0.04596 0.420044 0.050976 0.074708
0 0.10892199999999996 0.43092 0.048418 0.07879
0 0.07654800000000006 0.47334 0.040774 0.06722
0 0.04646400000000006 0.518184 0.040808 0.068566
0 0.10764400000000007 0.522914 0.044848 0.069956
0 0.0783339999999999 0.56944 0.043334 0.067938
0 0.04237399999999991 0.618318 0.045892 0.069282
0 0.104074 0.622736 0.040808 0.072646
0 0.07373800000000008 0.668924 0.045388 0.064484
0 0.167794 0.337556 0.045892 0.076726
0 0.226178 0.34843 0.043334 0.0713
0 0.28225600000000006 0.35657 0.04027 0.068566
0 0.33180199999999993 0.460494 0.043468 0.078116
0 0.19737399999999994 0.390852 0.041818 0.067892
0 0.16552199999999995 0.435672 0.046398 0.080134
0 0.22592600000000007 0.442108 0.039798 0.0713
0 0.253452 0.400696 0.039764 0.07269
0 0.30723999999999996 0.407152 0.033132 0.073318
0 0.3885700000000001 0.281884 0.039764 0.072646
0 0.439292 0.288654 0.04027 0.0713
0 0.41303 0.332466 0.041818 0.069238
0 0.38600999999999996 0.371748 0.042794 0.066368
0 0.48951199999999995 0.299192 0.040774 0.067892
0 0.46096000000000004 0.339932 0.040774 0.069282
0 0.43471400000000004 0.381346 0.03825 0.062512
0 0.41048799999999996 0.420044 0.038754 0.058386
0 0.38218799999999997 0.462826 0.04027 0.065202
0 0.3357920000000001 0.362668 0.04128 0.075382
0 0.27818199999999993 0.448924 0.04128 0.069956
0 0.24988199999999994 0.496434 0.038754 0.068566
0 0.1930480000000001 0.489328 0.041314 0.066548
0 0.16346799999999995 0.531412 0.047408 0.077444
0 0.3057240000000001 0.496434 0.03926 0.06722
0 0.275134 0.543654 0.042324 0.071974
0 0.32966399999999996 0.547714 0.03926 0.067892
0 0.2208239999999999 0.536166 0.043872 0.065156
0 0.18998399999999993 0.584036 0.040304 0.06861
0 0.158906 0.623812 0.0434 0.070762
0 0.24988199999999994 0.585404 0.038754 0.06453
0 0.21802999999999995 0.63157 0.035186 0.061794
0 0.18870399999999998 0.675718 0.040774 0.06722
0 0.24326599999999998 0.677086 0.03771 0.0713
0 0.27257599999999993 0.635292 0.034176 0.067892
0 0.30062199999999994 0.592848 0.037206 0.065874
0 0.328654 0.63769 0.04027 0.068566
0 0.29934400000000005 0.682826 0.036734 0.067892
0 0.5107740000000001 0.34648 0.03441 0.069104
0 0.4855560000000001 0.38814 0.03542 0.06973
0 0.45888799999999996 0.425246 0.037306 0.063946
0 0.431986 0.469798 0.035892 0.060044
0 0.40604400000000007 0.510808 0.033434 0.060718
0 0.379378 0.550202 0.039292 0.06713
0 0.5333000000000001 0.395874 0.038788 0.063318
0 0.5059100000000001 0.43527 0.035388 0.060672
0 0.48143 0.475292 0.036868 0.061974
0 0.4538040000000001 0.5163 0.03394 0.063902
0 0.4285859999999999 0.558924 0.035892 0.058744
0 0.40168399999999993 0.597982 0.03441 0.060718
0 0.37572399999999995 0.640292 0.03394 0.065246
0 0.5296799999999999 0.481122 0.03734 0.064574
0 0.5010779999999999 0.519844 0.03441 0.065874
0 0.475622 0.560852 0.035892 0.057488
0 0.4525920000000001 0.599932 0.031516 0.062018
0 0.4252020000000001 0.641884 0.030068 0.064574
0 0.526532 0.564394 0.036836 0.064574
0 0.5010600000000001 0.60444 0.035388 0.067174
0 0.4729460000000001 0.649328 0.035388 0.054888
0 0.5767 0.402646 0.036364 0.067802
0 0.596112 0.447198 0.03734 0.062646
0 0.5735520000000001 0.488206 0.036868 0.067174
0 0.615488 0.4924 0.033468 0.062646
0 0.5914980000000001 0.533744 0.037812 0.063902
0 0.568468 0.57121 0.038282 0.067802
0 0.6608240000000001 0.493722 0.036868 0.067802
0 0.635858 0.537286 0.03441 0.059418
0 0.610152 0.574418 0.035388 0.063902
0 0.58931 0.612534 0.032492 0.062646
0 0.5638559999999999 0.65352 0.034916 0.065874
0 0.523368 0.650314 0.036364 0.064574
0 0.49793 0.688722 0.034916 0.063902
0 0.4489399999999999 0.686772 0.034916 0.061346
0 0.40047199999999994 0.683878 0.036836 0.059418
0 0.37306400000000006 0.723588 0.041212 0.0626
0 0.67926 0.541166 0.02909 0.05686
0 0.6542920000000001 0.578946 0.032492 0.05879
0 0.6327100000000001 0.616412 0.03202 0.061346
0 0.608452 0.656434 0.03394 0.056188
0 0.5849500000000001 0.695808 0.031516 0.060044
0 0.561448 0.733588 0.02909 0.058116
0 0.6996119999999999 0.58379 0.037812 0.060672
0 0.6751339999999999 0.618968 0.033434 0.058744
0 0.6523399999999999 0.657714 0.029596 0.058744
0 0.6290739999999999 0.697758 0.032492 0.053632
0 0.04244200000000009 0.71473 0.047508 0.072332
0 0.471112 0.731726 0.034142 0.063184
0 0.517188 0.733498 0.03458 0.061256
0 0.6941759999999999 0.659754 0.029562 0.057714
0 0.6712279999999999 0.699462 0.032626 0.055696
0 0.7102360000000001 0.702534 0.033132 0.060404
0 0.6049500000000001 0.73648 0.029562 0.053678
0 0.6470039999999999 0.737848 0.02909 0.050942
0 0.690102 0.739192 0.028552 0.056322
0 0.49250799999999995 0.771098 0.034176 0.056368
0 0.44638 0.770426 0.033636 0.057714
0 0.3953880000000001 0.77009 0.0367 0.058386
0 0.3688880000000001 0.81491 0.040808 0.065156
0 0.3222400000000001 0.812534 0.038216 0.065874
0 0.7071719999999999 0.778924 0.030102 0.058386
0 0.668164 0.776548 0.032626 0.060448
0 0.6263639999999999 0.776884 0.03468 0.061122
0 0.580994 0.77722 0.031616 0.061794
0 0.559058 0.816256 0.03872 0.061122
0 0.512912 0.81491 0.035186 0.059776
0 0.46574000000000004 0.81491 0.032626 0.061122
0 0.41707000000000005 0.817286 0.031112 0.065874
0 0.39488199999999996 0.852578 0.03468 0.057714
0 0.15900599999999998 0.905538 0.04973 0.065068
0 0.320252 0.898184 0.03909 0.065068
0 0.29308 0.942624 0.037408 0.06453
0 0.2393099999999999 0.943184 0.037812 0.061076
0 0.18535400000000002 0.948274 0.03697 0.06453
0 0.366768 0.898184 0.040336 0.068476
0 0.44154800000000005 0.853228 0.03441 0.062242
0 0.48729 0.851412 0.033838 0.05861
0 0.508888 0.897062 0.03825 0.065068
0 0.46449399999999996 0.895382 0.035252 0.060538
0 0.41670000000000007 0.897646 0.03569 0.059418
0 0.392474 0.93695 0.04165 0.05435
0 0.43942799999999993 0.937802 0.031852 0.06278
0 0.485522 0.938094 0.034006 0.063364
0 0.603418 0.815022 0.031886 0.061704
0 0.637424 0.971748 0.03357 0.052646
0 0.10474800000000006 0.718946 0.044108 0.069104
0 0.0722560000000001 0.765762 0.04606 0.06973
0 0.04075800000000007 0.81352 0.045084 0.065874
0 0.10304800000000003 0.812578 0.049462 0.066502
0 0.07203800000000005 0.857444 0.039764 0.067174
0 0.039292000000000105 0.90556 0.043164 0.070404
0 0.10015200000000002 0.904574 0.047508 0.08009
0 0.0710599999999999 0.952376 0.045556 0.06843
0 0.16122799999999993 0.718924 0.047508 0.067802
0 0.21626199999999995 0.71861 0.043164 0.067174
0 0.18789600000000006 0.768026 0.047508 0.067802
0 0.1585700000000001 0.812556 0.04899 0.07426
0 0.27227200000000007 0.727646 0.040708 0.065874
0 0.24367000000000005 0.767376 0.038788 0.066502
0 0.32350199999999996 0.7263 0.043838 0.076726
0 0.29444399999999993 0.767376 0.0367 0.066502
0 0.2674240000000001 0.814552 0.034646 0.065874
0 0.212356 0.810494 0.03367 0.06583
0 0.18558999999999992 0.855986 0.04027 0.059058
0 0.42139799999999994 0.728678 0.034646 0.061122
0 0.21215399999999995 0.902736 0.040404 0.069596
0 0.24059000000000008 0.856614 0.036128 0.066772
0 0.2934840000000001 0.856032 0.037408 0.063364
0 0.26607800000000004 0.901592 0.036936 0.062826
0 0.576228 0.85547 0.036094 0.061076
0 0.5509599999999999 0.893946 0.038282 0.067892
0 0.644226 0.81556 0.026768 0.054888
0 0.6858580000000001 0.818116 0.031852 0.056592
0 0.725792 0.817264 0.035286 0.063946
0 0.6221220000000001 0.856614 0.029292 0.052062
0 0.5991759999999999 0.895068 0.03101 0.062242
0 0.662474 0.854058 0.03357 0.058252
0 0.7028460000000001 0.857444 0.031886 0.054888
0 0.7215320000000001 0.894506 0.03357 0.059956
0 0.6807399999999999 0.892534 0.03441 0.057174
0 0.639966 0.894238 0.029292 0.057174
0 0.617256 0.933004 0.032356 0.06
0 0.574764 0.933004 0.030606 0.056592
0 0.6582319999999999 0.933274 0.034444 0.054888
0 0.7005380000000001 0.93186 0.032324 0.058878
0 0.71793 0.965538 0.033974 0.066234
