0 0.26852600000000004 0.11733799999999994 0.09445 0.070826
0 0.49009199999999997 0.10994400000000004 0.095484 0.068488
0 0.710626 0.09438199999999997 0.096516 0.066938
0 0.935308 0.07880599999999993 0.095484 0.073162
0 0.8694 0.224356 0.108966 0.084062
0 0.6369419999999999 0.2383679999999999 0.121416 0.090288
0 0.40862599999999993 0.24770599999999998 0.121416 0.091838
0 0.5694840000000001 0.392482 0.119334 0.090288
0 0.80765 0.38119400000000003 0.116234 0.092612
0 0.33027399999999996 0.4080440000000001 0.112084 0.090288
0 0.18498400000000004 0.26794399999999996 0.1017 0.084062
0 0.09002599999999994 0.42166799999999993 0.106884 0.087962
0 0.23895 0.5870679999999999 0.11 0.094962
0 0.489576 0.566832 0.10275 0.091838
0 0.3946160000000001 0.7618 0.1183 0.08795
0 0.6551 0.7427379999999999 0.107934 0.098076
0 0.738124 0.553982 0.112084 0.084838
