0 0.533116 0.58605 0.058266 0.03135
0 0.6712 0.562776 0.050666 0.0285
0 0.840308 0.5452 0.054484 0.02755
0 0.929616 0.5889 0.058266 0.02945
0 0.793434 0.612182 0.057 0.030412
0 0.621792 0.631182 0.060816 0.032312
0 0.479284 0.655888 0.062066 0.0323
0 0.399484 0.605524 0.059534 0.0285
0 0.334242 0.677262 0.053216 0.02945
0 0.260134 0.628332 0.054466 0.030412
0 0.189834 0.701012 0.065866 0.03135
0 0.2652 0.755638 0.0646 0.038
0 0.411516 0.728562 0.058266 0.03515
0 0.56225 0.706238 0.0532 0.0342
0 0.740234 0.688662 0.057 0.03515
0 0.885284 0.666338 0.055734 0.0304
0 0.835242 0.742338 0.05955 0.0323
0 0.6883 0.766088 0.0646 0.0342
0 0.498284 0.787938 0.054466 0.038
0 0.344374 0.811694 0.068416 0.039912
0 0.190466 0.836876 0.059534 0.03705
0 0.93785 0.799344 0.059534 0.036112
0 0.783934 0.824044 0.065866 0.036112
0 0.634466 0.853976 0.063334 0.03515
0 0.432416 0.872026 0.069666 0.03895
0 0.269634 0.90005 0.070934 0.0399
0 0.107492 0.927126 0.068416 0.04465
0 0.358942 0.969406 0.069684 0.041812
0 0.563526 0.945174 0.065884 0.04085
0 0.727566 0.91715 0.067134 0.0418
0 0.88465 0.889124 0.069666 0.04465
