0 0.408025 0.434006 0.053233 0.039913
0 0.420967 0.054356 0.053233 0.039913
0 0.538750 0.046950 0.053233 0.039912
0 0.655800 0.035550 0.053233 0.039912
0 0.775883 0.030419 0.053233 0.039912
0 0.920300 0.031563 0.053233 0.039913
0 0.607158 0.114219 0.053233 0.039913
0 0.724967 0.108519 0.053233 0.039913
0 0.872417 0.111937 0.053233 0.039913
0 0.487067 0.122200 0.053233 0.039912
0 0.373058 0.131319 0.053233 0.039912
0 0.322900 0.210556 0.053233 0.039913
0 0.440700 0.203712 0.053233 0.039913
0 0.556233 0.195162 0.053233 0.039913
0 0.676317 0.187750 0.053233 0.039912
0 0.828333 0.191175 0.053233 0.039913
0 0.939300 0.181481 0.053233 0.039913
0 0.894458 0.261288 0.053233 0.039913
0 0.775883 0.270406 0.053233 0.039912
0 0.625400 0.267556 0.053233 0.039912
0 0.509108 0.276106 0.053233 0.039913
0 0.389783 0.282950 0.053233 0.039912
0 0.271975 0.292069 0.053233 0.039913
0 0.341133 0.362181 0.053233 0.039913
0 0.223329 0.371875 0.053242 0.039912
0 0.456667 0.355913 0.053233 0.039913
0 0.575992 0.347931 0.053233 0.039913
0 0.724200 0.350212 0.053233 0.039913
0 0.842008 0.341094 0.053233 0.039912
0 0.961342 0.332544 0.053233 0.039913
0 0.912700 0.413487 0.053233 0.039913
0 0.791850 0.422606 0.053233 0.039913
0 0.673283 0.429450 0.053233 0.039912
0 0.525833 0.427169 0.053233 0.039913
0 0.290217 0.443131 0.053233 0.039913
0 0.980738 0.104981 0.038525 0.039913
0 0.978004 0.486681 0.043992 0.039913
0 0.862233 0.495575 0.053233 0.039913
0 0.746400 0.503100 0.053233 0.039913
0 0.626008 0.509256 0.053233 0.039913
0 0.477342 0.507206 0.053233 0.039913
0 0.358775 0.512675 0.053233 0.039913
0 0.242025 0.523619 0.053233 0.039913
0 0.190692 0.603694 0.053233 0.039913
0 0.306600 0.594187 0.053233 0.039913
0 0.426308 0.587062 0.053233 0.039913
0 0.527017 0.670194 0.053233 0.039912
0 0.575150 0.589437 0.053233 0.039913
0 0.693592 0.583263 0.053233 0.039913
0 0.812033 0.575662 0.053233 0.039913
0 0.931742 0.569963 0.053233 0.039913
0 0.882975 0.648819 0.053233 0.039913
0 0.762000 0.655944 0.053233 0.039913
0 0.641658 0.663544 0.053233 0.039912
0 0.376908 0.667344 0.053233 0.039913
0 0.256567 0.676844 0.053233 0.039913
0 0.140658 0.683969 0.053233 0.039912
0 0.708800 0.738600 0.053233 0.039913
0 0.831675 0.728625 0.053233 0.039913
0 0.957717 0.773275 0.053233 0.039913
0 0.782267 0.810331 0.053233 0.039913
0 0.905300 0.853931 0.053233 0.039913
