0 0.114953 0.182145 0.031135 0.016492
0 0.149167 0.204961 0.029646 0.015391
0 0.179568 0.176176 0.031156 0.015961
0 0.211490 0.148816 0.028125 0.012539
0 0.147646 0.153371 0.028125 0.014820
0 0.181849 0.127723 0.025073 0.012539
0 0.239615 0.122875 0.028125 0.013109
0 0.274953 0.143398 0.030406 0.011969
0 0.311438 0.166203 0.028875 0.014250
0 0.246073 0.171613 0.028875 0.014820
0 0.216812 0.199262 0.031167 0.014258
0 0.284078 0.195273 0.028885 0.015391
0 0.082281 0.211234 0.029646 0.014250
0 0.044281 0.241445 0.029646 0.015391
0 0.113062 0.236598 0.033438 0.015961
0 0.185271 0.231469 0.031917 0.014828
0 0.254432 0.224914 0.031927 0.017672
0 0.339177 0.222340 0.032687 0.015945
0 0.366542 0.192422 0.029646 0.015391
0 0.431526 0.187004 0.028885 0.014820
0 0.406823 0.217785 0.029646 0.014820
0 0.474469 0.211805 0.031167 0.014250
0 0.539073 0.207242 0.028125 0.017672
0 0.610901 0.219496 0.028885 0.013680
0 0.518932 0.238594 0.030406 0.015391
0 0.450146 0.243727 0.032687 0.016531
0 0.380979 0.250277 0.029646 0.017102
0 0.312958 0.254555 0.031917 0.016531
0 0.223271 0.257406 0.031917 0.016531
0 0.151068 0.264531 0.030406 0.017094
0 0.078484 0.270801 0.032677 0.015961
0 0.038958 0.306430 0.032688 0.017672
0 0.113062 0.299586 0.033438 0.016531
0 0.189448 0.292750 0.035729 0.017672
0 0.282938 0.290184 0.031167 0.017102
0 0.354760 0.283625 0.031917 0.018812
0 0.426589 0.277359 0.034198 0.018812
0 0.496891 0.269660 0.031927 0.015961
0 0.592276 0.251703 0.032677 0.014250
0 0.661823 0.245437 0.028875 0.014250
0 0.726807 0.240020 0.032677 0.014820
0 0.572135 0.285621 0.034958 0.017102
0 0.643198 0.279070 0.031167 0.016531
0 0.711984 0.273367 0.034969 0.017672
0 0.777729 0.265953 0.028125 0.016531
0 0.865516 0.262539 0.031927 0.016531
0 0.854495 0.299301 0.034198 0.017102
0 0.764807 0.302152 0.032677 0.017102
0 0.841953 0.336355 0.034969 0.018242
0 0.749990 0.339777 0.033437 0.018242
0 0.694505 0.308711 0.031927 0.017672
0 0.931245 0.257359 0.031927 0.018469
0 0.923948 0.292590 0.035562 0.019148
0 0.985458 0.285066 0.029083 0.020523
0 0.913917 0.328844 0.035562 0.020516
0 0.982266 0.320633 0.035469 0.019156
0 0.903885 0.368516 0.037396 0.021891
0 0.975021 0.359969 0.037396 0.021203
0 0.970005 0.402723 0.040135 0.023258
0 0.959974 0.447871 0.043781 0.023258
0 0.953130 0.497801 0.042865 0.025992
0 0.942646 0.552187 0.040125 0.028047
0 0.870135 0.507719 0.044687 0.028047
0 0.784885 0.517641 0.038354 0.026000
0 0.674953 0.521402 0.039219 0.025305
0 0.593781 0.532336 0.042875 0.026703
0 0.135927 0.550816 0.046521 0.030789
0 0.040161 0.562789 0.046510 0.030094
0 0.233063 0.542609 0.041958 0.028047
0 0.321073 0.530293 0.044688 0.029414
0 0.415932 0.552867 0.042865 0.028047
0 0.504854 0.543293 0.038313 0.026680
0 0.086219 0.612039 0.047438 0.030094
0 0.183354 0.600066 0.048333 0.033523
0 0.281396 0.587414 0.045604 0.030094
0 0.380359 0.612039 0.046510 0.030094
0 0.475672 0.600754 0.043781 0.029414
0 0.566875 0.589809 0.045604 0.029414
0 0.655344 0.578176 0.045604 0.029414
0 0.768896 0.571680 0.044687 0.028734
0 0.855542 0.563469 0.044687 0.027359
0 0.136844 0.664711 0.046521 0.034203
0 0.239901 0.651031 0.050156 0.031469
0 0.342052 0.677363 0.048333 0.034883
0 0.440099 0.665738 0.047427 0.034883
0 0.537234 0.651371 0.044698 0.033523
0 0.632552 0.639742 0.041979 0.030781
0 0.748833 0.633586 0.048333 0.033516
0 0.843229 0.622301 0.045604 0.031461
0 0.930333 0.610328 0.048333 0.034891
0 0.920302 0.673945 0.050167 0.037625
0 0.824078 0.687625 0.051073 0.034891
0 0.732417 0.702332 0.048333 0.032836
0 0.605203 0.708148 0.045635 0.034891
0 0.505323 0.722523 0.050188 0.039016
0 0.405896 0.736879 0.057458 0.036258
0 0.576000 0.784414 0.052896 0.039609
0 0.708703 0.775527 0.051990 0.041039
0 0.809484 0.761504 0.051073 0.037617
0 0.908453 0.746805 0.050177 0.038297
0 0.893839 0.824758 0.053781 0.041078
0 0.477510 0.451219 0.037250 0.022234
0 0.790792 0.841535 0.057458 0.038992
0 0.880719 0.458629 0.038000 0.024508
0 0.801286 0.466039 0.041802 0.023375
0 0.697932 0.472312 0.037260 0.022234
0 0.615078 0.481145 0.035719 0.023945
0 0.531854 0.490543 0.038000 0.025633
0 0.448630 0.499672 0.037240 0.023375
0 0.358563 0.478297 0.039521 0.023937
0 0.269255 0.487703 0.038760 0.025656
0 0.180328 0.496254 0.041802 0.025648
0 0.089500 0.507652 0.042562 0.026789
0 0.027177 0.462906 0.039521 0.022797
0 0.136625 0.457488 0.036479 0.025648
0 0.220615 0.448094 0.038771 0.023969
0 0.306495 0.439250 0.040281 0.023375
0 0.390104 0.432121 0.038771 0.022805
0 0.624958 0.316117 0.032687 0.016531
0 0.551615 0.321250 0.034958 0.018812
0 0.472948 0.308141 0.034208 0.017672
0 0.398844 0.314406 0.031917 0.015391
0 0.323979 0.321535 0.032687 0.018242
0 0.251396 0.328375 0.034958 0.019375
0 0.153724 0.329516 0.038760 0.020516
0 0.074682 0.337496 0.038760 0.021664
0 0.031740 0.378539 0.039521 0.022797
0 0.114964 0.371414 0.040281 0.022234
0 0.213391 0.367992 0.038010 0.022234
0 0.291677 0.359730 0.036479 0.019383
0 0.369958 0.352887 0.036479 0.018242
0 0.446349 0.345762 0.032677 0.018805
0 0.527672 0.363148 0.038760 0.020516
0 0.602917 0.354883 0.035729 0.022234
0 0.674740 0.347187 0.036479 0.021656
0 0.073542 0.414449 0.038000 0.019383
0 0.178427 0.409605 0.041042 0.021086
0 0.258615 0.401625 0.037250 0.022234
0 0.339563 0.394215 0.038000 0.022227
0 0.417859 0.386516 0.038031 0.020531
0 0.503729 0.405617 0.034958 0.022234
0 0.582776 0.397922 0.036490 0.022797
0 0.657260 0.388230 0.038000 0.020523
0 0.732885 0.381391 0.037250 0.021656
0 0.828292 0.376840 0.034917 0.021648
0 0.891359 0.410746 0.033448 0.019945
0 0.815354 0.420152 0.038000 0.022805
0 0.716161 0.424426 0.038760 0.023367
0 0.637120 0.433262 0.035719 0.025086
0 0.558078 0.442953 0.037240 0.022797
