0 0.157949 0.671579 0.055313 0.071975
0 0.828916 0.743554 0.061465 0.073922
0 0.769844 0.740633 0.048496 0.073922
0 0.711797 0.741606 0.053945 0.073922
0 0.654771 0.739659 0.053271 0.077816
0 0.593652 0.739172 0.053945 0.076843
0 0.535947 0.740633 0.054629 0.079764
0 0.480630 0.739172 0.053271 0.080737
0 0.423267 0.741120 0.051904 0.078790
0 0.363853 0.741606 0.051904 0.077816
0 0.306841 0.740633 0.051182 0.070028
0 0.247070 0.742093 0.054629 0.076843
0 0.187314 0.743547 0.053945 0.075855
0 0.123804 0.745494 0.055322 0.077803
0 0.154878 0.820382 0.054639 0.071975
0 0.215654 0.820382 0.053262 0.079764
0 0.275073 0.816982 0.053271 0.080723
0 0.332437 0.811627 0.051904 0.079750
0 0.392534 0.811634 0.050537 0.077816
0 0.191729 0.175716 0.054082 0.071433
0 0.307275 0.037065 0.051133 0.063032
0 0.278755 0.102191 0.049170 0.067218
0 0.365791 0.039159 0.050156 0.070028
0 0.253188 0.175021 0.051143 0.075633
0 0.421353 0.041266 0.047197 0.071433
0 0.476914 0.039166 0.048184 0.072823
0 0.534438 0.041968 0.049170 0.070028
0 0.590986 0.039861 0.050156 0.071433
0 0.649009 0.040563 0.050146 0.067218
0 0.705552 0.038463 0.049170 0.065828
0 0.338745 0.107789 0.051143 0.064423
0 0.393325 0.112691 0.048193 0.068637
0 0.449380 0.110591 0.052119 0.067218
0 0.506416 0.110591 0.048184 0.070028
0 0.561978 0.113394 0.055068 0.067232
0 0.619019 0.112691 0.049170 0.068637
0 0.675562 0.111989 0.046221 0.072823
0 0.731611 0.106391 0.048184 0.065828
0 0.162720 0.244346 0.055068 0.074228
0 0.131738 0.315779 0.048184 0.074228
0 0.189268 0.313672 0.051133 0.067232
0 0.221729 0.248547 0.045215 0.071419
0 0.310229 0.179221 0.049170 0.075633
0 0.822578 0.171516 0.053105 0.077024
0 0.849624 0.243644 0.054092 0.067232
0 0.787666 0.245049 0.048184 0.067232
0 0.760137 0.175716 0.056055 0.071433
0 0.706050 0.180619 0.052119 0.067218
0 0.648022 0.177823 0.054092 0.070028
0 0.880107 0.313672 0.054082 0.075633
0 0.820122 0.316474 0.054092 0.064437
0 0.732104 0.249249 0.047197 0.067232
0 0.763086 0.316474 0.048184 0.067218
0 0.676055 0.248547 0.047207 0.068637
0 0.251221 0.458630 0.053105 0.071419
0 0.192217 0.456530 0.051133 0.070028
0 0.132720 0.454402 0.058018 0.077093
0 0.852573 0.524458 0.048193 0.077038
0 0.793076 0.527955 0.055078 0.067232
0 0.885542 0.597288 0.060928 0.077024
0 0.826021 0.597288 0.061963 0.068623
0 0.734561 0.524458 0.056055 0.071419
0 0.765049 0.597288 0.056055 0.071433
0 0.677529 0.527955 0.048184 0.072823
0 0.622949 0.526558 0.057031 0.072837
0 0.565913 0.528658 0.055068 0.068637
0 0.504448 0.526558 0.052119 0.070028
0 0.451348 0.524458 0.050156 0.068637
0 0.395293 0.527260 0.054082 0.068623
0 0.707031 0.597990 0.054082 0.070028
0 0.653433 0.595883 0.055068 0.068623
0 0.593936 0.597983 0.056055 0.064423
0 0.535425 0.599388 0.053096 0.067232
0 0.478389 0.598686 0.053105 0.074228
0 0.422827 0.597288 0.052119 0.068623
0 0.337271 0.528658 0.054092 0.065828
0 0.277773 0.525160 0.053105 0.067232
0 0.221719 0.525855 0.057031 0.068623
0 0.161240 0.525153 0.054082 0.070028
0 0.098799 0.527260 0.059004 0.079833
0 0.367603 0.598630 0.048486 0.066134
0 0.308535 0.598630 0.055996 0.071975
0 0.250825 0.598630 0.052588 0.070028
0 0.191416 0.599604 0.056680 0.073922
0 0.127905 0.599604 0.051221 0.077816
0 0.856572 0.668658 0.056680 0.071975
0 0.798867 0.668658 0.060098 0.073922
0 0.738086 0.669631 0.055996 0.079764
0 0.680381 0.666711 0.056680 0.075869
0 0.623018 0.665737 0.052578 0.071975
0 0.565991 0.664771 0.050537 0.077803
0 0.509995 0.667197 0.053271 0.071001
0 0.453315 0.666224 0.050537 0.067107
0 0.393901 0.666711 0.050537 0.071975
0 0.336875 0.669145 0.051211 0.067107
0 0.279849 0.669145 0.051904 0.074896
0 0.221118 0.668658 0.053271 0.073922
0 0.568574 0.960925 0.054063 0.077816
0 0.479795 0.884332 0.052930 0.075369
0 0.510532 0.960522 0.055205 0.078623
0 0.420327 0.886766 0.051221 0.077010
0 0.450752 0.961822 0.056387 0.076356
0 0.363701 0.888387 0.054063 0.076996
0 0.391587 0.963039 0.052920 0.073922
0 0.305654 0.890410 0.050645 0.079430
0 0.332690 0.963442 0.055771 0.073115
0 0.272646 0.963846 0.054063 0.072309
0 0.244761 0.892038 0.050654 0.079430
0 0.180454 0.899736 0.059756 0.093213
0 0.422334 0.321377 0.051133 0.071433
0 0.476421 0.324882 0.049170 0.067232
0 0.535918 0.324179 0.058027 0.074228
0 0.594429 0.321377 0.053096 0.077024
0 0.649995 0.321377 0.052119 0.071433
0 0.851099 0.385807 0.051143 0.082629
0 0.791602 0.387197 0.052129 0.074228
0 0.884043 0.454430 0.056055 0.074228
0 0.821099 0.455132 0.056064 0.075633
0 0.734565 0.385800 0.058018 0.071433
0 0.678022 0.386502 0.055068 0.070028
0 0.620981 0.388602 0.053096 0.071419
0 0.565415 0.387197 0.052119 0.074228
0 0.763081 0.457935 0.054092 0.070028
0 0.707520 0.459332 0.057031 0.067232
0 0.913052 0.528658 0.060967 0.071419
0 0.646060 0.460028 0.052119 0.071433
0 0.592461 0.457928 0.049180 0.075633
0 0.507397 0.385800 0.050146 0.068623
0 0.452817 0.390702 0.049170 0.067218
0 0.394307 0.388602 0.056055 0.071419
0 0.337764 0.388602 0.051133 0.074228
0 0.281216 0.386502 0.052119 0.067218
0 0.219756 0.385800 0.051133 0.079833
0 0.163701 0.387907 0.059004 0.078428
0 0.535913 0.457928 0.052119 0.072823
0 0.479375 0.455132 0.053105 0.072823
0 0.421348 0.459332 0.053105 0.078442
0 0.365298 0.457928 0.053096 0.072823
0 0.310229 0.460028 0.057041 0.068623
0 0.449897 0.812608 0.050537 0.073922
0 0.507603 0.814061 0.049854 0.076829
0 0.565649 0.809687 0.051221 0.075869
0 0.624038 0.810174 0.051904 0.071001
0 0.681748 0.812121 0.052578 0.071001
0 0.742871 0.813574 0.054629 0.075855
0 0.801943 0.815035 0.056680 0.076829
0 0.863745 0.816008 0.057373 0.078776
0 0.835063 0.895758 0.064189 0.084618
0 0.892393 0.744117 0.052930 0.083477
0 0.774873 0.887976 0.054629 0.079430
0 0.715688 0.887170 0.054639 0.071335
0 0.747007 0.963039 0.055732 0.073922
0 0.656216 0.886766 0.056338 0.075369
0 0.686387 0.960202 0.055195 0.079597
0 0.595894 0.881905 0.052920 0.076996
0 0.627476 0.961008 0.051221 0.077983
0 0.538413 0.885960 0.050654 0.080236
0 0.704077 0.316474 0.046221 0.067218
0 0.454297 0.248547 0.050156 0.077038
0 0.421353 0.179214 0.055068 0.070028
0 0.364312 0.179221 0.049170 0.072823
0 0.478389 0.180619 0.053105 0.064437
0 0.535449 0.179214 0.049219 0.070028
0 0.590991 0.182017 0.046221 0.067232
0 0.506411 0.249944 0.046221 0.068623
0 0.565420 0.252051 0.048184 0.070028
0 0.619014 0.252747 0.051133 0.063018
0 0.280728 0.248547 0.049170 0.068637
0 0.339238 0.252051 0.050156 0.061627
0 0.396763 0.251349 0.055068 0.063032
0 0.250732 0.319270 0.050156 0.070028
0 0.309268 0.319979 0.053145 0.074228
0 0.365791 0.324179 0.050156 0.071419
