0 0.06887599999999994 0.083936 0.09834 0.140056
0 0.18197200000000002 0.079722 0.100312 0.142866
0 0.2980179999999999 0.081126 0.100292 0.134436
0 0.4111039999999999 0.076926 0.09834 0.131656
0 0.12395599999999996 0.226788 0.110136 0.134464
0 0.23803799999999997 0.225382 0.09834 0.137274
0 0.351124 0.223978 0.092442 0.145646
0 0.463222 0.212782 0.096368 0.131656
0 0.6451560000000001 0.343032 0.10621 0.154048
0 0.6992480000000001 0.487288 0.108184 0.134464
0 0.575332 0.490098 0.096368 0.134464
0 0.5202739999999999 0.351432 0.11211 0.142866
0 0.4120999999999999 0.361238 0.104238 0.134436
0 0.296044 0.355646 0.108184 0.140056
0 0.760214 0.627344 0.108164 0.151266
0 0.640244 0.632948 0.108184 0.128874
0 0.46420799999999995 0.498498 0.094394 0.134464
0 0.5261720000000001 0.632948 0.096368 0.134436
0 0.3521099999999999 0.497094 0.094414 0.137274
0 0.07183600000000001 0.648358 0.116054 0.148456
0 0.18885799999999997 0.642754 0.106192 0.154048
0 0.29999 0.642754 0.104238 0.142866
0 0.7021980000000001 0.771614 0.102286 0.165258
0 0.5832040000000001 0.774394 0.104258 0.148456
0 0.768086 0.90886 0.11211 0.148456
0 0.642198 0.910264 0.112128 0.151266
0 0.46913000000000005 0.7716 0.116036 0.142866
0 0.356044 0.773004 0.110136 0.140056
0 0.241962 0.777204 0.106192 0.142838
0 0.13083 0.774394 0.104238 0.148456
0 0.526162 0.91587 0.108184 0.140056
0 0.4150400000000001 0.918664 0.114062 0.134464
0 0.29211999999999994 0.920056 0.104238 0.142866
0 0.18492200000000003 0.915856 0.09836 0.151266
0 0.07182599999999995 0.915856 0.104238 0.145646
0 0.4081539999999999 0.632948 0.092442 0.134436
0 0.0708979999999999 0.358428 0.098438 0.140056
0 0.1819820000000001 0.364034 0.092442 0.134464
0 0.13084000000000007 0.504102 0.096368 0.140056
0 0.2380279999999999 0.505494 0.102266 0.126036
