0 0.971662 0.9659 0.014908 0.025322
0 0.986886 0.674312 0.01603 0.028496
0 0.988024 0.7141 0.015392 0.02797
0 0.965578 0.740096 0.01531 0.027982
0 0.98904 0.755758 0.015602 0.027172
0 0.990392 0.798656 0.015028 0.027622
0 0.96683 0.781524 0.01581 0.027982
0 0.944172 0.804666 0.017486 0.03
0 0.945992 0.870276 0.013662 0.02554
0 0.923088 0.894666 0.014116 0.025064
0 0.968716 0.88583 0.013206 0.02554
0 0.947586 0.910282 0.01448 0.026478
0 0.925136 0.934576 0.014208 0.025322
0 0.991074 0.858174 0.013662 0.025322
0 0.970082 0.92703 0.013752 0.026658
0 0.947592 0.950688 0.015218 0.026876
0 0.926458 0.97545 0.014298 0.026658
0 0.992764 0.900064 0.014308 0.025064
