0 0.366850 0.360000 0.015667 0.029586
0 0.355008 0.382781 0.013883 0.030059
0 0.307250 0.473240 0.016667 0.031568
0 0.401108 0.343550 0.014450 0.029467
0 0.389725 0.364556 0.014450 0.030059
0 0.378475 0.385991 0.013050 0.029556
0 0.366675 0.408669 0.013883 0.028580
0 0.354875 0.430607 0.015283 0.031036
0 0.343767 0.453772 0.015267 0.032041
0 0.331133 0.474970 0.015000 0.031065
0 0.319467 0.500607 0.016100 0.032041
0 0.307800 0.523772 0.016100 0.031036
0 0.295025 0.547678 0.013883 0.031568
0 0.422492 0.348521 0.013317 0.029586
0 0.410683 0.369734 0.014167 0.026627
0 0.400825 0.390917 0.013883 0.031538
0 0.388892 0.412618 0.013883 0.030562
0 0.378892 0.432825 0.013883 0.027604
0 0.365567 0.456731 0.014433 0.031036
0 0.354458 0.479896 0.014450 0.029083
0 0.342658 0.502086 0.014717 0.029083
0 0.330983 0.526760 0.014700 0.031095
0 0.318492 0.549157 0.014717 0.031568
0 0.306692 0.575030 0.014983 0.030059
0 0.293917 0.598950 0.017767 0.036479
0 0.442625 0.352707 0.014150 0.032041
0 0.431800 0.373432 0.014167 0.030059
0 0.421375 0.395118 0.013883 0.030059
0 0.410825 0.415577 0.013883 0.030562
0 0.400550 0.438979 0.015000 0.030089
0 0.389442 0.459201 0.013883 0.033018
0 0.378192 0.482618 0.014717 0.030562
0 0.366400 0.505769 0.013333 0.029586
0 0.355292 0.528950 0.013883 0.028609
0 0.343067 0.551864 0.013333 0.027101
0 0.330717 0.576021 0.013600 0.029083
0 0.319208 0.601405 0.016083 0.033521
0 0.463033 0.355680 0.013333 0.033018
0 0.453592 0.377855 0.013317 0.028077
0 0.443042 0.399305 0.012783 0.027604
0 0.319517 0.449364 0.014967 0.030680
0 0.331683 0.426893 0.015300 0.030828
0 0.343517 0.404408 0.015633 0.027278
0 0.306283 0.734053 0.014800 0.034083
0 0.330183 0.733343 0.015400 0.031243
0 0.317783 0.758728 0.015400 0.030178
0 0.305783 0.785178 0.018200 0.036923
0 0.399983 0.682574 0.014200 0.031243
0 0.377683 0.681509 0.014800 0.029822
0 0.354483 0.683107 0.015600 0.030178
0 0.365667 0.656139 0.016333 0.034467
0 0.388683 0.657899 0.017200 0.034438
0 0.411083 0.659142 0.014800 0.033373
0 0.388983 0.756243 0.016200 0.029467
0 0.399283 0.731568 0.014400 0.030533
0 0.410783 0.706893 0.013800 0.031598
0 0.421983 0.682041 0.013000 0.030178
0 0.432683 0.658609 0.015200 0.033018
0 0.432917 0.420562 0.012500 0.027515
0 0.421967 0.440725 0.013400 0.028609
0 0.411108 0.463639 0.014450 0.028107
0 0.400558 0.485074 0.013883 0.030562
0 0.389167 0.507470 0.013333 0.027071
0 0.378058 0.530917 0.013883 0.028580
0 0.366258 0.554334 0.013050 0.028077
0 0.354458 0.578003 0.014983 0.029083
0 0.342925 0.602396 0.014717 0.035503
0 0.473000 0.382485 0.013333 0.031538
0 0.462592 0.402707 0.013050 0.029556
0 0.453142 0.422914 0.013050 0.028609
0 0.443183 0.444349 0.013033 0.029053
0 0.432475 0.466302 0.012817 0.028580
0 0.422008 0.488713 0.013683 0.030089
0 0.410800 0.510163 0.012767 0.028609
0 0.399975 0.532115 0.013883 0.029083
0 0.388725 0.556272 0.014150 0.028047
0 0.377200 0.579926 0.013333 0.032041
0 0.366092 0.602825 0.014983 0.033521
0 0.492308 0.386686 0.013050 0.030059
0 0.482300 0.406391 0.012500 0.028107
0 0.473142 0.426109 0.013050 0.029083
0 0.463850 0.446790 0.013367 0.028905
0 0.453425 0.469541 0.014150 0.030148
0 0.443158 0.490444 0.014717 0.028580
0 0.432458 0.512130 0.013883 0.029586
0 0.421633 0.534571 0.013333 0.030089
0 0.410800 0.556746 0.013333 0.030059
0 0.400083 0.580621 0.013500 0.030473
0 0.389008 0.604571 0.016383 0.032041
0 0.502717 0.409852 0.012233 0.028107
0 0.493133 0.430577 0.012500 0.029142
0 0.483417 0.451509 0.012500 0.028580
0 0.473558 0.471982 0.013317 0.028166
0 0.463442 0.493166 0.014183 0.030059
0 0.453083 0.514793 0.014167 0.026036
0 0.442917 0.535843 0.012500 0.027722
0 0.432317 0.559734 0.012500 0.029112
0 0.422050 0.582160 0.013600 0.028521
0 0.411358 0.606050 0.013883 0.032041
0 0.512292 0.433772 0.011383 0.024645
0 0.502575 0.453994 0.011950 0.027633
0 0.493000 0.475163 0.011100 0.028609
0 0.483417 0.495370 0.010833 0.027604
0 0.473567 0.517559 0.012800 0.029556
0 0.463983 0.538757 0.013600 0.029586
0 0.453567 0.561198 0.013333 0.029083
0 0.442875 0.584112 0.013050 0.028580
0 0.432317 0.607027 0.013600 0.030089
0 0.521417 0.456820 0.012167 0.028195
0 0.512717 0.477485 0.012500 0.025148
0 0.502717 0.499675 0.012500 0.025148
0 0.493275 0.519142 0.011383 0.026627
0 0.483275 0.541065 0.011950 0.028107
0 0.473225 0.561982 0.013117 0.027515
0 0.463142 0.585192 0.012217 0.026598
0 0.453408 0.608609 0.013850 0.028107
0 0.531458 0.480932 0.011650 0.026124
0 0.521725 0.500163 0.010583 0.027130
0 0.513117 0.521598 0.011067 0.025621
0 0.503400 0.542559 0.011633 0.026124
0 0.493250 0.564246 0.012500 0.026124
0 0.483417 0.585695 0.012233 0.027604
0 0.474242 0.608861 0.013850 0.030562
0 0.541600 0.504601 0.012500 0.027130
0 0.531325 0.524320 0.011383 0.028107
0 0.522017 0.544024 0.012233 0.028107
0 0.512300 0.565473 0.011667 0.025621
0 0.503408 0.586169 0.011117 0.027604
0 0.493408 0.609349 0.012217 0.029586
0 0.539925 0.546494 0.011950 0.028077
0 0.531458 0.567441 0.011117 0.027604
0 0.522017 0.589630 0.011667 0.028609
0 0.512850 0.611065 0.012767 0.030059
0 0.550892 0.569408 0.013883 0.029586
0 0.541175 0.590370 0.014983 0.029083
0 0.532842 0.613299 0.013883 0.030562
0 0.550483 0.613047 0.013600 0.031065
0 0.453167 0.657973 0.014333 0.030207
0 0.443292 0.682559 0.013050 0.029083
0 0.432183 0.706213 0.013600 0.028107
0 0.421617 0.730858 0.013633 0.028107
0 0.411067 0.753787 0.014200 0.028580
0 0.400108 0.778432 0.014983 0.029586
0 0.388725 0.804556 0.014450 0.028580
0 0.377308 0.830429 0.014450 0.030089
0 0.365817 0.855089 0.014167 0.031065
0 0.353717 0.882485 0.015000 0.031065
0 0.364942 0.906006 0.015217 0.034320
0 0.474133 0.659408 0.014500 0.032249
0 0.463967 0.682633 0.012833 0.028994
0 0.453383 0.707041 0.013667 0.029290
0 0.442525 0.729970 0.013717 0.027219
0 0.432442 0.753299 0.011783 0.027722
0 0.421800 0.778195 0.013167 0.029586
0 0.410383 0.803195 0.012000 0.028698
0 0.399300 0.829083 0.013167 0.028994
0 0.387883 0.854083 0.014667 0.031065
0 0.377133 0.879379 0.014167 0.030769
0 0.388050 0.903639 0.014333 0.030178
0 0.399050 0.877308 0.012667 0.029586
0 0.410883 0.852456 0.012667 0.030178
0 0.421717 0.826568 0.013667 0.028698
0 0.432217 0.801716 0.013667 0.029290
0 0.442383 0.776420 0.012333 0.028994
0 0.453633 0.753047 0.012833 0.027811
0 0.463883 0.730710 0.013667 0.028107
0 0.410633 0.900385 0.013500 0.028402
0 0.400750 0.931657 0.016667 0.038462
0 0.421417 0.875000 0.013667 0.031065
0 0.432333 0.849852 0.013500 0.032840
0 0.442917 0.824112 0.013333 0.030473
0 0.453000 0.799112 0.013500 0.028402
0 0.463833 0.775444 0.013500 0.030769
0 0.474083 0.752071 0.013000 0.028994
0 0.473667 0.706065 0.013333 0.030473
0 0.493633 0.658757 0.015200 0.035148
0 0.452933 0.895917 0.013800 0.028047
0 0.463433 0.870533 0.014000 0.029112
0 0.473833 0.844260 0.013600 0.029112
0 0.483633 0.819586 0.012000 0.030178
0 0.522733 0.726923 0.013000 0.029467
0 0.542233 0.727456 0.013600 0.031243
0 0.532733 0.749467 0.013000 0.029112
0 0.513333 0.750000 0.012600 0.028757
0 0.503533 0.773077 0.013800 0.028757
0 0.494333 0.797396 0.013000 0.027692
0 0.523133 0.771657 0.013000 0.027337
0 0.542333 0.772899 0.013400 0.031243
0 0.513733 0.795799 0.012600 0.028757
0 0.533333 0.793846 0.012600 0.027692
0 0.524133 0.817811 0.012600 0.028757
0 0.503933 0.820651 0.012600 0.028047
0 0.514233 0.841243 0.014000 0.027337
0 0.493533 0.842308 0.013400 0.028047
0 0.504633 0.865207 0.013600 0.029112
0 0.484233 0.866627 0.014000 0.029112
0 0.494333 0.890414 0.012600 0.029822
0 0.474633 0.892544 0.013200 0.028402
0 0.464733 0.916686 0.013800 0.029112
0 0.292683 0.654882 0.020800 0.039763
0 0.318583 0.656021 0.017500 0.033521
0 0.306083 0.682396 0.014800 0.030888
0 0.293583 0.709024 0.017400 0.033018
0 0.343000 0.656805 0.017333 0.033728
0 0.330583 0.682219 0.015400 0.030533
0 0.318483 0.707781 0.015200 0.030533
0 0.484233 0.682722 0.014000 0.030533
0 0.512933 0.658580 0.014600 0.034083
0 0.531633 0.657870 0.015600 0.034793
0 0.550033 0.659645 0.016400 0.037633
0 0.504233 0.682722 0.013200 0.029112
0 0.522633 0.682722 0.012800 0.026982
0 0.541533 0.684320 0.015000 0.030178
0 0.493433 0.705976 0.013600 0.026627
0 0.513233 0.705621 0.012800 0.026627
0 0.532333 0.705089 0.013400 0.030533
0 0.550833 0.706154 0.013200 0.024852
0 0.483833 0.728876 0.013200 0.027692
0 0.503533 0.728521 0.013400 0.026982
0 0.493333 0.749645 0.012200 0.027337
0 0.484133 0.774142 0.013400 0.030888
0 0.473633 0.798639 0.012800 0.028757
0 0.463933 0.823491 0.013000 0.030178
0 0.453433 0.847101 0.014800 0.026982
0 0.442633 0.872485 0.014000 0.028757
0 0.432433 0.897692 0.015600 0.029467
0 0.422033 0.924852 0.016400 0.029822
0 0.443333 0.921657 0.015800 0.030533
0 0.342783 0.707604 0.017000 0.029467
0 0.388983 0.706538 0.014600 0.030888
0 0.366183 0.707071 0.014600 0.031243
0 0.354083 0.733166 0.014800 0.031598
0 0.377283 0.731746 0.015200 0.033018
0 0.365783 0.756598 0.015000 0.030178
0 0.378083 0.781805 0.015600 0.033018
0 0.341983 0.758373 0.015800 0.030888
0 0.330283 0.783935 0.016000 0.032308
0 0.353783 0.782515 0.016200 0.030888
0 0.365383 0.805947 0.014600 0.032308
0 0.342383 0.807367 0.017400 0.033728
0 0.353683 0.833462 0.015600 0.031953
0 0.317783 0.808787 0.016200 0.035148
0 0.329183 0.833994 0.015800 0.033728
0 0.341483 0.859379 0.015200 0.034083
