0 0.263095 0.411544 0.015350 0.020990
0 0.277780 0.411559 0.015360 0.021019
0 0.292485 0.411094 0.013970 0.020090
0 0.306805 0.410442 0.013390 0.018486
0 0.321380 0.410037 0.014840 0.019295
0 0.335480 0.408921 0.014340 0.020030
0 0.350385 0.408651 0.014370 0.019460
0 0.365215 0.407871 0.015290 0.020840
0 0.380040 0.407354 0.013440 0.020855
0 0.394685 0.406792 0.014630 0.020600
0 0.409825 0.406282 0.013570 0.019580
0 0.423710 0.405742 0.014340 0.019550
0 0.438495 0.405082 0.014350 0.019550
0 0.453055 0.405090 0.013910 0.020855
0 0.467485 0.404873 0.013430 0.020840
0 0.482125 0.403853 0.014850 0.020180
0 0.496745 0.402804 0.014390 0.019490
0 0.511370 0.402459 0.013920 0.020180
0 0.525530 0.401769 0.014400 0.020180
0 0.540155 0.400375 0.013930 0.020180
0 0.554925 0.400712 0.013490 0.020165
0 0.569895 0.401057 0.013910 0.019595
0 0.467265 0.443433 0.014550 0.018711
0 0.482080 0.441874 0.015080 0.020270
0 0.496975 0.441574 0.015150 0.020360
0 0.511675 0.440960 0.013930 0.020930
0 0.525740 0.441124 0.014640 0.020660
0 0.540385 0.441124 0.014650 0.020660
0 0.555460 0.440480 0.013780 0.019370
0 0.569675 0.439513 0.014650 0.018726
0 0.585220 0.438478 0.014360 0.018996
0 0.599305 0.438223 0.014130 0.018606
0 0.614295 0.437909 0.014990 0.017976
0 0.628855 0.437264 0.014990 0.017976
0 0.644055 0.436942 0.015410 0.018621
0 0.257565 0.469363 0.013270 0.019265
0 0.272180 0.469040 0.013440 0.019640
0 0.286385 0.469093 0.013950 0.019595
0 0.300335 0.468111 0.015690 0.018951
0 0.315540 0.467496 0.014340 0.018801
0 0.329640 0.467376 0.014260 0.018621
0 0.343905 0.466694 0.014270 0.018636
0 0.358860 0.465630 0.014720 0.019265
0 0.373815 0.465592 0.014270 0.019340
0 0.388540 0.464618 0.014260 0.020000
0 0.402575 0.464618 0.014730 0.020000
0 0.417300 0.463928 0.014720 0.020000
0 0.432485 0.462894 0.014730 0.019340
0 0.446750 0.462894 0.013800 0.019310
0 0.461250 0.462204 0.014260 0.019310
0 0.475975 0.461859 0.014270 0.020000
0 0.490010 0.461169 0.013800 0.018621
0 0.504735 0.460135 0.014730 0.017931
0 0.519230 0.460135 0.014260 0.019310
0 0.533955 0.459790 0.014270 0.018621
0 0.548555 0.458853 0.013990 0.018876
0 0.563010 0.458501 0.013980 0.019580
0 0.577695 0.457804 0.014450 0.019565
0 0.592615 0.457451 0.014450 0.020270
0 0.607050 0.456364 0.014500 0.019505
0 0.621570 0.455892 0.014580 0.019880
0 0.636615 0.456267 0.014270 0.020690
0 0.651620 0.456762 0.014400 0.022939
0 0.265505 0.488508 0.013830 0.017766
0 0.279820 0.488141 0.013820 0.018501
0 0.293645 0.487391 0.014810 0.018501
0 0.308455 0.486282 0.013830 0.020720
0 0.322540 0.485420 0.014100 0.019175
0 0.337490 0.485060 0.014480 0.018426
0 0.310290 0.523156 0.014500 0.019265
0 0.325025 0.522774 0.014750 0.019760
0 0.339380 0.522279 0.014180 0.019730
0 0.353795 0.521679 0.014870 0.019550
0 0.368320 0.520907 0.013960 0.019715
0 0.382505 0.520090 0.014190 0.019490
0 0.397090 0.519415 0.014980 0.019640
0 0.412000 0.519205 0.014700 0.019790
0 0.426600 0.519055 0.014300 0.019190
0 0.441000 0.518516 0.014500 0.018741
0 0.455385 0.517984 0.014110 0.019655
0 0.469565 0.517444 0.014250 0.018996
0 0.483895 0.517226 0.014110 0.019430
0 0.498225 0.516904 0.014830 0.020075
0 0.512970 0.515720 0.014660 0.020285
0 0.527550 0.515195 0.014700 0.018876
0 0.542235 0.514933 0.014410 0.018351
0 0.556645 0.514258 0.014190 0.018351
0 0.571115 0.513733 0.014750 0.019040
0 0.585760 0.513553 0.014660 0.018771
0 0.600420 0.513058 0.014660 0.019250
0 0.614995 0.512444 0.014490 0.020000
0 0.629570 0.512316 0.014660 0.020255
0 0.644230 0.511694 0.014660 0.020090
0 0.651440 0.530337 0.014680 0.019025
0 0.636840 0.530622 0.014520 0.019265
0 0.622320 0.530870 0.014520 0.018771
0 0.607805 0.531717 0.014510 0.018786
0 0.593275 0.532106 0.014330 0.018546
0 0.578610 0.532609 0.015320 0.019040
0 0.563785 0.532511 0.014490 0.019535
0 0.549455 0.532856 0.014490 0.019745
0 0.535055 0.533606 0.014310 0.019745
0 0.520715 0.534468 0.014330 0.019520
0 0.506275 0.535457 0.014450 0.019010
0 0.491805 0.535705 0.014490 0.019025
0 0.477475 0.536094 0.014490 0.019505
0 0.462730 0.536589 0.014660 0.019505
0 0.448320 0.536717 0.014160 0.019250
0 0.433660 0.537106 0.015160 0.019040
0 0.419035 0.537759 0.014270 0.018936
0 0.404615 0.538036 0.014550 0.019550
0 0.390410 0.538763 0.014160 0.019355
0 0.375665 0.539370 0.015330 0.019370
0 0.360830 0.539790 0.014560 0.019340
0 0.346485 0.540105 0.014430 0.019550
0 0.332120 0.540870 0.014260 0.019430
0 0.375510 0.576612 0.014500 0.019850
0 0.361170 0.577474 0.013940 0.019835
0 0.346970 0.577856 0.014500 0.019640
0 0.332420 0.578231 0.014400 0.019190
0 0.317920 0.578606 0.014400 0.019640
0 0.303590 0.579325 0.014300 0.020240
0 0.311320 0.597241 0.014960 0.020150
0 0.326000 0.597091 0.014400 0.020450
0 0.340490 0.596859 0.014600 0.019925
0 0.354745 0.596349 0.014110 0.018906
0 0.369130 0.596147 0.014380 0.019310
0 0.383585 0.595532 0.014530 0.019730
0 0.398105 0.594895 0.014250 0.020105
0 0.412785 0.594528 0.014830 0.019940
0 0.427390 0.594078 0.014100 0.019640
0 0.441490 0.593553 0.013900 0.020090
0 0.455745 0.593126 0.014630 0.020225
0 0.470420 0.592564 0.014340 0.020210
0 0.484940 0.592039 0.014340 0.020210
0 0.499105 0.591912 0.014690 0.020975
0 0.513710 0.591522 0.014520 0.020735
0 0.528070 0.590765 0.014860 0.020210
0 0.542760 0.590255 0.014200 0.020240
0 0.557235 0.590135 0.014270 0.020030
0 0.571565 0.589505 0.013930 0.020090
0 0.585895 0.588741 0.014730 0.020120
0 0.600300 0.588051 0.014100 0.020540
0 0.614775 0.587699 0.014470 0.020705
0 0.629470 0.587511 0.014700 0.020990
0 0.622690 0.606552 0.014800 0.019790
0 0.608055 0.606852 0.014310 0.019970
0 0.593570 0.606927 0.014700 0.020690
0 0.578970 0.607451 0.014900 0.020240
0 0.564320 0.608201 0.014000 0.019640
0 0.549970 0.608891 0.014400 0.019250
0 0.535510 0.609250 0.014520 0.020330
0 0.520810 0.610060 0.014400 0.020150
0 0.506350 0.609970 0.014280 0.019970
0 0.492045 0.610345 0.014290 0.020090
0 0.477795 0.610690 0.014550 0.020480
0 0.463155 0.610937 0.014710 0.020375
0 0.448600 0.611544 0.014400 0.020090
0 0.434175 0.612309 0.014770 0.020690
0 0.419595 0.612541 0.014250 0.019925
0 0.405205 0.612849 0.014530 0.020540
0 0.390680 0.613666 0.014520 0.019715
0 0.412880 0.631724 0.013800 0.020150
0 0.387380 0.388141 0.013540 0.019430
0 0.401245 0.386852 0.013970 0.018891
0 0.415590 0.386807 0.014300 0.020210
0 0.430225 0.386687 0.014310 0.019970
0 0.584225 0.400427 0.013910 0.019595
0 0.599615 0.400397 0.013490 0.020795
0 0.613525 0.399475 0.013490 0.021499
0 0.628745 0.398628 0.014870 0.020855
0 0.643380 0.397916 0.014360 0.020840
0 0.650555 0.418141 0.013990 0.018891
0 0.635895 0.418156 0.013970 0.020180
0 0.621350 0.419070 0.014220 0.019190
0 0.607365 0.419775 0.013750 0.019190
0 0.592120 0.420262 0.014400 0.018396
0 0.577685 0.419708 0.013930 0.019385
0 0.562370 0.421169 0.014860 0.019340
0 0.547740 0.420060 0.013400 0.020090
0 0.533430 0.420900 0.014040 0.019640
0 0.518645 0.421559 0.013850 0.019250
0 0.504365 0.421964 0.013650 0.019040
0 0.489390 0.422676 0.013940 0.018666
0 0.474850 0.423868 0.013940 0.017901
0 0.460665 0.424618 0.014430 0.019400
0 0.445985 0.424618 0.013930 0.019400
0 0.431300 0.424993 0.014440 0.020150
0 0.416615 0.425742 0.013930 0.020150
0 0.401440 0.426162 0.013440 0.020840
0 0.387260 0.426447 0.013920 0.020210
0 0.372565 0.427601 0.014430 0.019400
0 0.358130 0.427601 0.014440 0.019400
0 0.342950 0.427991 0.013940 0.018681
0 0.328765 0.429468 0.014430 0.020135
0 0.314365 0.429093 0.013850 0.020765
0 0.300260 0.429475 0.014360 0.020000
0 0.285465 0.429985 0.013650 0.020690
0 0.271330 0.430735 0.014920 0.020990
0 0.264710 0.451102 0.014260 0.020525
0 0.279345 0.451222 0.015070 0.018696
0 0.293380 0.450450 0.014040 0.018711
0 0.308195 0.449280 0.014550 0.019490
0 0.323010 0.448148 0.013000 0.020195
0 0.336785 0.447759 0.014550 0.019415
0 0.351600 0.447736 0.015080 0.019370
0 0.366155 0.446544 0.015070 0.020255
0 0.380970 0.446544 0.013520 0.020255
0 0.395005 0.445810 0.014550 0.020345
0 0.409820 0.445030 0.015080 0.020345
0 0.425155 0.445030 0.014550 0.018786
0 0.439450 0.444213 0.014040 0.020270
0 0.453750 0.443823 0.013520 0.019490
0 0.351735 0.484768 0.014830 0.018741
0 0.366905 0.483726 0.014590 0.019445
0 0.381805 0.483418 0.015010 0.019460
0 0.396395 0.482976 0.014170 0.018576
0 0.410620 0.482391 0.013960 0.017496
0 0.424895 0.482174 0.014610 0.017931
0 0.439300 0.481642 0.014200 0.019265
0 0.453805 0.480517 0.014790 0.018966
0 0.468350 0.480367 0.014500 0.018966
0 0.483100 0.480690 0.014400 0.019910
0 0.497640 0.479445 0.014880 0.018861
0 0.512825 0.479100 0.014230 0.020060
0 0.527050 0.478343 0.013520 0.018846
0 0.555750 0.477459 0.014940 0.019205
0 0.570455 0.476919 0.013990 0.018126
0 0.584955 0.476192 0.014690 0.018441
0 0.599840 0.476169 0.014700 0.018846
0 0.614300 0.475300 0.013940 0.018426
0 0.628780 0.475472 0.014800 0.020060
0 0.637130 0.493186 0.014760 0.018426
0 0.622490 0.493351 0.014340 0.017916
0 0.607975 0.493666 0.014230 0.018486
0 0.593260 0.493996 0.014520 0.018786
0 0.578685 0.494843 0.013950 0.018351
0 0.563985 0.495547 0.014350 0.018951
0 0.549625 0.495870 0.014230 0.017916
0 0.535195 0.496177 0.014510 0.018351
0 0.520550 0.497009 0.014160 0.018276
0 0.505735 0.497024 0.015090 0.017916
0 0.490950 0.498441 0.013700 0.017781
0 0.476660 0.498351 0.014480 0.018771
0 0.462250 0.498133 0.014500 0.019205
0 0.447750 0.499205 0.014300 0.018771
0 0.433200 0.500067 0.014800 0.019565
0 0.418795 0.500247 0.013990 0.018486
0 0.404150 0.500337 0.014820 0.018066
0 0.389345 0.500960 0.014410 0.017901
0 0.374790 0.501552 0.014500 0.018036
0 0.360130 0.502646 0.014500 0.018246
0 0.345660 0.502789 0.014120 0.018531
0 0.331510 0.503148 0.014580 0.018891
0 0.316895 0.503898 0.014330 0.019250
0 0.302640 0.504280 0.013900 0.019055
0 0.288295 0.504655 0.014590 0.019805
0 0.273560 0.505142 0.014480 0.019550
0 0.281300 0.523531 0.014800 0.019265
0 0.295795 0.523283 0.014170 0.020000
0 0.317750 0.541709 0.014660 0.019760
0 0.303235 0.541814 0.014530 0.019550
0 0.288680 0.542039 0.014820 0.019340
0 0.296435 0.560862 0.014690 0.019145
0 0.310895 0.560547 0.014610 0.019745
0 0.325230 0.560315 0.014340 0.019220
0 0.339645 0.559528 0.014470 0.019955
0 0.354115 0.559040 0.014470 0.019970
0 0.368555 0.558681 0.014210 0.020120
0 0.382760 0.558066 0.014200 0.019580
0 0.397360 0.557496 0.015000 0.019520
0 0.411840 0.557039 0.014140 0.020465
0 0.426445 0.556792 0.015130 0.019970
0 0.441320 0.556544 0.014300 0.020465
0 0.455460 0.556049 0.013980 0.020465
0 0.469885 0.555120 0.015030 0.019955
0 0.484660 0.554865 0.014520 0.019955
0 0.499090 0.554475 0.014340 0.020735
0 0.513520 0.554213 0.014520 0.020210
0 0.527860 0.553568 0.014160 0.019430
0 0.542200 0.552789 0.014520 0.019940
0 0.556890 0.552541 0.014860 0.019955
0 0.571320 0.551889 0.014340 0.020210
0 0.585645 0.551342 0.014310 0.019655
0 0.600145 0.550885 0.014690 0.019970
0 0.614835 0.550502 0.014450 0.020225
0 0.629515 0.550150 0.014910 0.020240
0 0.644545 0.549978 0.015150 0.020585
0 0.636835 0.568576 0.014610 0.019850
0 0.622050 0.568861 0.014960 0.019400
0 0.607605 0.569265 0.013930 0.019160
0 0.593445 0.569610 0.015070 0.018831
0 0.578525 0.569978 0.014390 0.019115
0 0.564070 0.570787 0.014520 0.019895
0 0.549615 0.571297 0.014110 0.020105
0 0.535200 0.571904 0.014520 0.019520
0 0.520680 0.572106 0.014520 0.019925
0 0.506090 0.572421 0.014660 0.019715
0 0.398440 0.632114 0.014920 0.020450
0 0.491635 0.572421 0.014250 0.019295
0 0.477365 0.573463 0.013970 0.019490
0 0.462975 0.573651 0.014790 0.019715
0 0.448425 0.574145 0.014310 0.019235
0 0.433955 0.574250 0.014630 0.020435
0 0.419185 0.575525 0.014630 0.020765
0 0.404620 0.575930 0.014500 0.019835
0 0.390065 0.576177 0.014390 0.020030
0 0.376365 0.614100 0.014390 0.019775
0 0.362165 0.614490 0.014050 0.020015
