0 0.4807999999999999 0.376062 0.01726 0.038666
0 0.42341000000000006 0.422728 0.01666 0.03824
0 0.445986 0.422728 0.01785 0.039094
0 0.46868599999999994 0.421884 0.01667 0.040782
0 0.49061599999999994 0.42 0.01679 0.039928
0 0.51183 0.419156 0.01714 0.039094
0 0.4339740000000001 0.467804 0.01705 0.037618
0 0.4565140000000001 0.465848 0.01657 0.037902
0 0.47813400000000006 0.465288 0.01719 0.039378
0 0.5003299999999999 0.463752 0.0169 0.0384
0 0.521326 0.462204 0.01715 0.038436
0 0.4215500000000001 0.511832 0.0169 0.039448
0 0.443894 0.510782 0.01749 0.037352
0 0.4661599999999999 0.509084 0.01764 0.040248
0 0.48841599999999996 0.507066 0.01627 0.039378
0 0.509824 0.504862 0.01571 0.03696
0 0.530384 0.50416 0.01571 0.037974
0 0.453894 0.553466 0.01683 0.03856
0 0.47609999999999997 0.550862 0.01672 0.036552
0 0.49756599999999995 0.549458 0.01695 0.03616
0 0.518974 0.547342 0.01639 0.038364
0 0.5402199999999999 0.546044 0.01582 0.036088
0 0.419764 0.59872 0.01765 0.039076
0 0.4414 0.596488 0.0173 0.0376
0 0.46354000000000006 0.593538 0.016 0.035822
0 0.4861059999999999 0.592792 0.01783 0.039662
0 0.5066740000000001 0.589832 0.01631 0.037298
0 0.52857 0.5888 0.01682 0.038186
0 0.5495840000000001 0.58752 0.01715 0.040106
0 0.42994 0.641128 0.0167 0.037706
0 0.45219999999999994 0.63872 0.0173 0.037156
0 0.47347399999999995 0.636694 0.01715 0.037476
0 0.4955799999999999 0.634604 0.01736 0.038596
0 0.517156 0.631796 0.01657 0.037636
0 0.5376700000000001 0.630044 0.01552 0.037404
0 0.55878 0.627352 0.0167 0.036712
0 0.41778000000000004 0.686168 0.0175 0.039752
0 0.561944 0.830338 0.01633 0.035324
0 0.5823160000000001 0.82752 0.01681 0.035982
0 0.42408 0.895688 0.01644 0.036
0 0.4454640000000001 0.892756 0.01823 0.036
0 0.46679000000000004 0.889272 0.01632 0.035324
0 0.4885459999999999 0.88376 0.01709 0.035538
0 0.509236 0.880498 0.01543 0.034418
0 0.5304899999999999 0.876676 0.0167 0.035768
0 0.55145 0.872294 0.01632 0.035538
0 0.571426 0.870036 0.01607 0.035538
0 0.5914900000000001 0.865654 0.01596 0.035306
0 0.42210400000000003 0.968756 0.01741 0.037066
0 0.44361000000000006 0.965494 0.01542 0.034098
0 0.4654100000000001 0.960764 0.01508 0.036088
0 0.48619999999999997 0.957022 0.01652 0.036462
0 0.5077039999999999 0.952392 0.01541 0.036658
0 0.528276 0.948454 0.01619 0.034294
0 0.5491760000000001 0.94352 0.01541 0.035876
0 0.569634 0.940062 0.01619 0.036854
0 0.5890899999999999 0.935432 0.01608 0.035094
0 0.5784499999999999 0.97616 0.01608 0.034454
0 0.09897 0.390462 0.02158 0.046026
0 0.05892999999999993 0.442036 0.02302 0.048586
0 0.0848199999999999 0.440756 0.02302 0.046026
0 0.13656000000000001 0.721272 0.02108 0.042258
0 0.16149999999999998 0.718044 0.0205 0.043556
0 0.016734000000000027 0.782364 0.02211 0.043236
0 0.04451000000000005 0.779662 0.02128 0.043734
0 0.07076400000000005 0.775236 0.02239 0.043734
0 0.09729600000000005 0.772044 0.02239 0.042258
0 0.12328000000000006 0.768116 0.02018 0.040302
0 0.16194599999999992 0.807814 0.02045 0.042756
0 0.14895999999999998 0.765556 0.0199 0.04176
0 0.031199999999999894 0.827822 0.0213 0.041778
0 0.05800000000000005 0.82456 0.02056 0.041334
0 0.08443 0.819992 0.01958 0.040906
0 0.11025599999999991 0.815866 0.02031 0.043076
0 0.13607400000000003 0.81216 0.02055 0.040888
0 0.017125999999999975 0.876338 0.02105 0.042204
0 0.04339000000000004 0.872826 0.0202 0.040444
0 0.0706500000000001 0.868302 0.02138 0.041138
0 0.09683599999999992 0.863414 0.02079 0.041848
0 0.12331599999999998 0.859752 0.02039 0.040106
0 0.148914 0.85592 0.01981 0.041512
0 0.261776 0.384506 0.01961 0.047734
0 0.28692000000000006 0.383368 0.02088 0.045458
0 0.3116399999999999 0.382418 0.02046 0.042808
0 0.33477 0.3828 0.01982 0.04432
0 0.3589260000000001 0.380906 0.01955 0.045084
0 0.22405000000000008 0.433564 0.02132 0.044338
0 0.24909000000000003 0.432996 0.01982 0.043946
0 0.27360000000000007 0.432622 0.0194 0.043946
0 0.29832400000000003 0.430346 0.01897 0.041672
0 0.3225100000000001 0.429414 0.01918 0.043538
0 0.34595599999999993 0.429386 0.01833 0.042062
0 0.36961 0.425796 0.02004 0.041672
0 0.21133599999999997 0.4812 0.02129 0.04464
0 0.2359199999999999 0.480898 0.02026 0.043396
0 0.261466 0.478746 0.02009 0.04464
0 0.28484 0.4772 0.01974 0.040942
0 0.3096000000000001 0.476276 0.02078 0.042792
0 0.33349399999999996 0.474276 0.02009 0.043094
0 0.357394 0.472116 0.02009 0.040018
0 0.2238039999999999 0.528152 0.02061 0.042472
0 0.24848000000000003 0.525688 0.01974 0.04064
0 0.27298 0.523076 0.01992 0.04032
0 0.296616 0.521528 0.01939 0.039716
0 0.32094599999999995 0.520604 0.02095 0.039716
0 0.344236 0.518294 0.01939 0.04064
0 0.36735000000000007 0.516008 0.01922 0.039662
0 0.21029600000000004 0.574044 0.02095 0.043734
0 0.23557399999999995 0.573094 0.01991 0.043112
0 0.2599100000000001 0.570632 0.0187 0.043094
0 0.28395400000000004 0.568328 0.01969 0.040942
0 0.30795400000000006 0.56616 0.01957 0.040942
0 0.33236 0.564622 0.01988 0.044018
0 0.35531599999999997 0.562018 0.01835 0.041866
0 0.22241599999999995 0.618648 0.01991 0.042488
0 0.24717600000000006 0.617574 0.02095 0.042792
0 0.27142 0.613734 0.01922 0.040018
0 0.2952300000000001 0.613272 0.02182 0.04464
0 0.3190360000000001 0.610498 0.02027 0.042186
0 0.3432299999999999 0.607768 0.0196 0.039288
0 0.3659300000000001 0.604214 0.018 0.038934
0 0.36460000000000004 0.692142 0.0199 0.038792
0 0.20945999999999998 0.754792 0.01888 0.041564
0 0.2334400000000001 0.753556 0.0194 0.040942
0 0.25820599999999994 0.75048 0.01905 0.040942
0 0.28166599999999997 0.745706 0.01957 0.041244
0 0.30590399999999995 0.744008 0.01991 0.039094
0 0.32885600000000004 0.740782 0.01905 0.038792
0 0.3524799999999999 0.737396 0.01782 0.039414
0 0.22075 0.798898 0.0186 0.040178
0 0.24455000000000005 0.796142 0.0202 0.041066
0 0.2694000000000001 0.792676 0.0197 0.039466
0 0.29289999999999994 0.790098 0.0199 0.041422
0 0.31679999999999997 0.786186 0.0187 0.040356
0 0.33966399999999997 0.78184 0.01745 0.037138
0 0.36228400000000005 0.779368 0.01911 0.03696
0 0.20785600000000004 0.846942 0.01811 0.038524
0 0.2319199999999999 0.842888 0.01956 0.042684
0 0.25653400000000004 0.838844 0.01945 0.040498
0 0.27981999999999996 0.834996 0.01778 0.036746
0 0.30404999999999993 0.831626 0.01934 0.03872
0 0.32722000000000007 0.827778 0.019 0.038916
0 0.35000600000000004 0.823928 0.01745 0.037156
0 0.219414 0.888836 0.01723 0.036552
0 0.24341999999999997 0.884186 0.01768 0.037138
0 0.26809400000000005 0.880302 0.01811 0.039004
0 0.29109399999999996 0.876488 0.01745 0.03952
0 0.3152759999999999 0.873128 0.01667 0.039128
0 0.33816599999999997 0.868872 0.01711 0.039324
0 0.36017600000000005 0.864534 0.01845 0.039716
0 0.20724399999999998 0.933592 0.01845 0.03952
0 0.23147000000000006 0.928648 0.01956 0.039128
0 0.255644 0.925778 0.01833 0.039716
0 0.43659000000000003 0.377226 0.0175 0.039716
0 0.45875599999999994 0.376906 0.01667 0.039928
0 0.43981000000000003 0.683244 0.01736 0.037636
0 0.46131999999999995 0.68032 0.01618 0.037404
0 0.48374399999999995 0.677626 0.01631 0.035786
0 0.4314800000000001 0.554418 0.0176 0.039146
0 0.5051939999999999 0.674888 0.01517 0.037102
0 0.5265139999999999 0.672862 0.01583 0.038026
0 0.5471440000000001 0.669822 0.01607 0.036
0 0.5677639999999999 0.667698 0.01505 0.035768
0 0.42839000000000005 0.725848 0.0167 0.035094
0 0.44995399999999997 0.724036 0.01707 0.036444
0 0.4726699999999999 0.720774 0.01772 0.037564
0 0.4938 0.718302 0.0157 0.036214
0 0.514364 0.715724 0.01633 0.03824
0 0.535244 0.712454 0.01581 0.036214
0 0.5562560000000001 0.709316 0.01505 0.035768
0 0.5767439999999999 0.707512 0.01631 0.036676
0 0.41566400000000003 0.770392 0.01811 0.039592
0 0.4380599999999999 0.768134 0.01808 0.039592
0 0.459886 0.765768 0.01721 0.036676
0 0.48152400000000006 0.762622 0.01593 0.037564
0 0.5024759999999999 0.758684 0.01659 0.034204
0 0.5230300000000001 0.754978 0.01644 0.032622
0 0.544924 0.752266 0.01571 0.034418
0 0.56555 0.749352 0.01466 0.034418
0 0.5849740000000001 0.745742 0.01505 0.034418
0 0.4255340000000001 0.811306 0.01659 0.03648
0 0.44755999999999996 0.808738 0.01708 0.038454
0 0.46874400000000005 0.805032 0.01745 0.036444
0 0.49057400000000007 0.801876 0.01507 0.034648
0 0.511946 0.798054 0.01551 0.037352
0 0.533096 0.795014 0.01709 0.035324
0 0.553526 0.792204 0.01517 0.036
0 0.573704 0.788036 0.01607 0.034418
0 0.4133800000000001 0.855422 0.01734 0.036
0 0.435724 0.852622 0.01593 0.036978
0 0.45786400000000005 0.849894 0.01647 0.037102
0 0.478494 0.845448 0.01621 0.036746
0 0.500316 0.841582 0.01683 0.036658
0 0.5211300000000001 0.837644 0.0167 0.034648
0 0.54189 0.833484 0.0157 0.034862
0 0.04427599999999998 0.963146 0.02195 0.041138
0 0.07047000000000003 0.958746 0.02134 0.041582
0 0.12212599999999996 0.948356 0.01925 0.042844
0 0.23747399999999996 0.386018 0.02259 0.046986
0 0.20920000000000005 0.664124 0.0198 0.043272
0 0.23464400000000007 0.66352 0.01937 0.041244
0 0.25889000000000006 0.661048 0.0201 0.04064
0 0.28339000000000003 0.657662 0.01854 0.041866
0 0.30720400000000003 0.65472 0.01939 0.039752
0 0.33075600000000005 0.652738 0.01905 0.040622
0 0.35334 0.650124 0.0213 0.040338
0 0.2209700000000001 0.71 0.01974 0.038168
0 0.24616400000000005 0.707226 0.01749 0.042472
0 0.27031000000000005 0.703992 0.01974 0.038488
0 0.29403 0.700916 0.01974 0.040338
0 0.317844 0.697992 0.01993 0.04064
0 0.3410599999999999 0.697226 0.01922 0.04032
0 0.278926 0.922026 0.01845 0.040106
0 0.30261000000000005 0.917102 0.01938 0.036658
0 0.32592 0.914062 0.01814 0.038328
0 0.34894000000000003 0.908968 0.01896 0.0376
0 0.12485999999999997 0.390454 0.02254 0.040924
0 0.15147 0.390026 0.02206 0.041778
0 0.11190999999999995 0.438196 0.02158 0.042614
0 0.13805 0.439476 0.02206 0.04688
0 0.16490000000000005 0.437342 0.02398 0.046026
0 0.04502000000000006 0.492328 0.02206 0.043466
0 0.07179599999999997 0.49064 0.02241 0.043432
0 0.0986800000000001 0.488392 0.0224 0.042488
0 0.12456599999999995 0.486186 0.02241 0.039822
0 0.15194599999999991 0.486622 0.02339 0.038952
0 0.030469999999999997 0.540516 0.02306 0.040996
0 0.05815999999999999 0.539306 0.02308 0.04352
0 0.08489400000000002 0.537636 0.02029 0.038542
0 0.1123400000000001 0.534774 0.0226 0.042632
0 0.1379300000000001 0.531894 0.02214 0.041814
0 0.16412000000000004 0.530426 0.02384 0.043254
0 0.016760000000000108 0.590142 0.02238 0.042328
0 0.04533000000000009 0.588026 0.02238 0.041476
0 0.07128000000000001 0.584648 0.02286 0.041476
0 0.09891000000000005 0.58424 0.02098 0.038986
0 0.12508999999999992 0.582106 0.0219 0.043182
0 0.15128000000000008 0.578302 0.0219 0.037244
0 0.030329999999999968 0.638408 0.02286 0.042328
0 0.05842600000000009 0.633752 0.02191 0.041476
0 0.08509000000000011 0.632472 0.0219 0.042328
0 0.11128000000000005 0.629084 0.02096 0.04064
0 0.13746999999999998 0.629512 0.0219 0.041494
0 0.163184 0.625706 0.02095 0.044018
0 0.017709999999999892 0.687494 0.02334 0.042328
0 0.04364999999999997 0.684266 0.0219 0.042666
0 0.07103400000000004 0.681138 0.02191 0.043164
0 0.09759600000000002 0.678382 0.02259 0.043592
0 0.12403399999999998 0.675848 0.02215 0.042756
0 0.14973999999999998 0.673094 0.01878 0.038952
0 0.03104400000000007 0.733004 0.02193 0.046168
0 0.05749000000000004 0.73024 0.02238 0.044018
0 0.08450000000000002 0.728328 0.02026 0.042756
0 0.1104400000000001 0.724098 0.02214 0.042756
0 0.03064 0.920952 0.02138 0.041156
0 0.05730999999999997 0.916248 0.02256 0.04288
0 0.08399000000000001 0.911192 0.0206 0.041832
0 0.1101700000000001 0.907004 0.0204 0.041138
0 0.13606600000000002 0.901768 0.02079 0.039058
0 0.14783400000000002 0.945192 0.02079 0.041494
0 0.16146400000000005 0.89864 0.01981 0.040444
0 0.09627000000000008 0.954792 0.02114 0.039716
0 0.016893999999999965 0.968346 0.02179 0.040516
