0 0.684542 0.539472 0.149834 0.171612
0 0.50848 0.41183400000000003 0.138458 0.168778
0 0.5412079999999999 0.632862 0.139 0.166612
0 0.377062 0.5138879999999999 0.133042 0.162222
0 0.5723119999999999 0.8405560000000001 0.134124 0.155
0 0.40789600000000004 0.7251939999999999 0.130876 0.152166
0 0.444396 0.9209719999999999 0.122792 0.135612
0 0.29000000000000004 0.7973060000000001 0.12225 0.144944
0 0.25456199999999995 0.6018619999999999 0.119542 0.153612
0 0.1453120000000001 0.686612 0.109792 0.145666
0 0.1834579999999999 0.870862 0.10925 0.133388
0 0.08516600000000007 0.9286939999999999 0.106334 0.133722
0 0.10672999999999999 0.489722 0.119626 0.160778
0 0.21608399999999994 0.39749999999999996 0.130834 0.163222
0 0.0688740000000001 0.2795000000000001 0.126166 0.165778
0 0.177292 0.1810560000000001 0.129916 0.175666
0 0.3394379999999999 0.29383399999999993 0.140208 0.179444
0 0.47635399999999994 0.1779440000000001 0.150458 0.191888
0 0.6562699999999999 0.303806 0.157042 0.189388
0 0.8245 0.17730599999999996 0.166334 0.205612
