0 0.1550100000000001 0.07274399999999992 0.01266 0.028486
0 0.14162999999999992 0.11656599999999995 0.0183 0.030614
0 0.1257999999999999 0.1587860000000001 0.0176 0.030614
0 0.14233000000000007 0.20206799999999991 0.0169 0.034842
0 0.15765000000000007 0.15772199999999992 0.01374 0.029566
0 0.17067999999999994 0.11575800000000003 0.01372 0.027976
0 0.1852799999999999 0.07062999999999997 0.01268 0.027436
0 0.21398000000000006 0.06879999999999997 0.01444 0.024798
0 0.24320000000000008 0.06957999999999998 0.01372 0.029536
0 0.2734700000000001 0.06878600000000001 0.01514 0.025848
0 0.30393000000000003 0.06748200000000004 0.01478 0.030614
0 0.3172999999999999 0.025771999999999906 0.0176 0.030614
0 0.33525000000000005 0.06616200000000005 0.0169 0.035352
0 0.20165999999999995 0.11497800000000002 0.01584 0.029536
0 0.23104999999999998 0.11181400000000008 0.01618 0.028486
0 0.2588600000000001 0.11313400000000007 0.0176 0.031124
0 0.28949 0.11206800000000006 0.0169 0.032174
0 0.31906999999999996 0.10917599999999994 0.0169 0.029566
0 0.18616999999999995 0.1561459999999999 0.01514 0.028516
0 0.17331999999999992 0.19731600000000005 0.01548 0.030614
0 0.21750000000000003 0.15403199999999995 0.01232 0.026386
0 0.20130000000000003 0.1954579999999999 0.01372 0.027976
0 0.1912799999999999 0.23742200000000002 0.0176 0.028486
0 0.2461899999999999 0.15112400000000004 0.01618 0.026926
0 0.2333400000000001 0.19229399999999996 0.01512 0.026926
0 0.22188999999999992 0.23769200000000001 0.0169 0.032204
0 0.2761100000000001 0.153764 0.0169 0.029026
0 0.30550999999999995 0.15217400000000003 0.01794 0.034302
0 0.3352599999999999 0.15139400000000003 0.01548 0.032744
0 0.3206500000000001 0.19097399999999998 0.01726 0.029566
0 0.2935399999999999 0.19230799999999992 0.01584 0.027976
0 0.26378999999999997 0.19229399999999996 0.01618 0.026926
0 0.24917999999999996 0.23557800000000007 0.01584 0.030074
0 0.27910999999999997 0.2334639999999999 0.01514 0.027946
0 0.30921 0.2326680000000001 0.01338 0.025338
0 0.33736999999999995 0.23056999999999994 0.0155 0.025338
0 0.3234600000000001 0.27226400000000006 0.01584 0.028486
0 0.2935399999999999 0.275428 0.01444 0.030614
0 0.2669600000000001 0.275952 0.0162 0.027466
0 0.2817400000000001 0.3197460000000001 0.0176 0.030614
0 0.31096999999999997 0.3176460000000001 0.0169 0.032714
0 0.6318999999999999 0.05086999999999997 0.01528 0.031754
0 0.60318 0.05040399999999989 0.01572 0.029626
0 0.61928 0.09194999999999998 0.01612 0.028396
0 0.5904499999999999 0.09271399999999996 0.0155 0.028726
0 0.5740400000000001 0.05254800000000004 0.01608 0.030854
0 0.5456399999999999 0.054678000000000004 0.01792 0.028396
0 0.52949 0.014631999999999978 0.01622 0.028306
0 0.56019 0.09437800000000007 0.0161 0.028396
0 0.5317799999999999 0.09881600000000001 0.01836 0.029956
0 0.50345 0.09911599999999998 0.0159 0.028096
0 0.5156700000000001 0.05637200000000009 0.01794 0.029326
0 0.4981500000000001 0.015578000000000092 0.0159 0.028396
0 0.48665 0.058049999999999935 0.01894 0.029626
0 0.4747300000000001 0.10064399999999996 0.0155 0.026896
0 0.47024 0.017722000000000016 0.01588 0.031484
0 0.44304999999999994 0.01970000000000005 0.0177 0.029326
0 0.4587399999999999 0.059115999999999946 0.01572 0.030554
0 0.42938999999999994 0.06003000000000003 0.0161 0.029326
0 0.41267999999999994 0.01924999999999999 0.01732 0.029626
0 0.44558999999999993 0.10157400000000005 0.0171 0.030554
0 0.41696 0.1012599999999999 0.01692 0.029926
0 0.39751000000000003 0.06368799999999997 0.01874 0.032984
0 0.40158000000000005 0.14341800000000005 0.01996 0.032984
0 0.4317500000000001 0.14172399999999996 0.0175 0.030254
0 0.4613799999999999 0.141424 0.01812 0.028996
0 0.4180999999999999 0.18479800000000002 0.01792 0.031484
0 0.44731999999999994 0.18434799999999996 0.01528 0.029326
0 0.48897999999999997 0.1412739999999999 0.01384 0.028096
0 0.4764600000000001 0.18356799999999995 0.01488 0.029626
0 0.40637999999999996 0.226642 0.02096 0.032654
0 0.43438 0.22526200000000007 0.02036 0.031754
0 0.4636199999999999 0.22374800000000006 0.01896 0.029326
0 0.4209400000000001 0.265922 0.02036 0.030494
0 0.45006999999999997 0.265892 0.01914 0.031754
0 0.4783900000000001 0.26389799999999997 0.01954 0.033284
0 0.4356199999999999 0.3083499999999999 0.01996 0.036672
0 0.46577 0.30682199999999993 0.01954 0.033614
0 0.4932700000000001 0.222518 0.01674 0.033584
0 0.5223899999999999 0.2234339999999999 0.0171 0.031154
0 0.5499099999999999 0.22313399999999994 0.01754 0.033614
0 0.506 0.182504 0.01732 0.030554
0 0.5187200000000001 0.14189000000000007 0.01508 0.029926
0 0.5338 0.18158999999999992 0.01712 0.029926
0 0.5467500000000001 0.14019399999999993 0.01606 0.030854
0 0.57629 0.13837999999999995 0.0161 0.029626
0 0.5616099999999999 0.18128999999999995 0.0169 0.031784
0 0.5920799999999999 0.17578800000000006 0.01876 0.031754
0 0.60551 0.13517200000000007 0.01874 0.032984
0 0.07773000000000008 0.03368799999999994 0.01514 0.030614
0 0.11047999999999991 0.03238399999999997 0.01584 0.029026
0 0.1377600000000001 0.03290799999999994 0.019 0.031154
0 0.1676899999999999 0.032113999999999976 0.0169 0.031664
0 0.19743 0.032113999999999976 0.01726 0.029566
0 0.22771000000000008 0.03106399999999998 0.01726 0.029566
0 0.2578100000000001 0.029730000000000034 0.0169 0.035352
0 0.28685000000000005 0.03054000000000001 0.01866 0.030614
0 0.09410000000000007 0.0732839999999999 0.01408 0.026386
0 0.12491000000000008 0.07460200000000006 0.01514 0.029026
0 0.11065999999999998 0.11734599999999995 0.01408 0.027976
