0 0.543511 0.754788 0.100000 0.023938
0 0.680213 0.751892 0.105319 0.028185
0 0.791915 0.728919 0.101064 0.029344
0 0.849894 0.698031 0.100000 0.032432
0 0.707340 0.700541 0.097872 0.028958
0 0.767447 0.664826 0.101064 0.030116
0 0.592447 0.722934 0.102128 0.025097
0 0.456277 0.725830 0.100000 0.028571
0 0.360000 0.697452 0.105319 0.029730
0 0.499894 0.690116 0.112766 0.032819
0 0.611649 0.667336 0.119043 0.035135
0 0.669096 0.630869 0.125638 0.032471
0 0.515372 0.635695 0.116064 0.030541
0 0.400426 0.661544 0.103191 0.029730
