0 0.038876 0.861288 0.04565 0.0397
0 0.785874 0.9056120000000001 0.043584 0.02895
0 0.878034 0.8846 0.051066 0.033626
0 0.683134 0.87245 0.044834 0.039226
0 0.592842 0.893 0.046084 0.03175
0 0.49135 0.8607739999999999 0.0498 0.03455
0 0.409784 0.885526 0.048566 0.03175
0 0.394216 0.8252820000000001 0.044834 0.032688
0 0.475784 0.7982 0.046066 0.03455
0 0.5835 0.835094 0.044834 0.031762
0 0.671924 0.8089379999999999 0.047316 0.0355
0 0.775908 0.8449 0.05105 0.03455
0 0.874292 0.818282 0.05605 0.041088
0 0.9733 0.856106 0.044834 0.032688
0 0.374292 0.759906 0.049816 0.034562
0 0.3581 0.6912560000000001 0.047334 0.031762
0 0.462708 0.732818 0.052316 0.034562
0 0.57105 0.7701819999999999 0.0498 0.034562
0 0.662584 0.7449619999999999 0.051066 0.0383
0 0.766576 0.780456 0.047316 0.032688
0 0.862466 0.7515000000000001 0.0548 0.0383
0 0.972676 0.7921320000000001 0.05105 0.037362
0 0.965842 0.7225440000000001 0.057316 0.032688
0 0.963958 0.6492260000000001 0.058516 0.03735
0 0.854366 0.680512 0.0436 0.030826
0 0.760966 0.715074 0.051066 0.036426
0 0.651384 0.678174 0.048566 0.039226
0 0.473292 0.23359400000000008 0.061016 0.042962
0 0.4845 0.317188 0.051066 0.042024
0 0.6053 0.3643559999999999 0.051066 0.042962
0 0.589734 0.2760879999999999 0.0523 0.0439
0 0.579766 0.18922400000000006 0.059766 0.0495
0 0.691224 0.14345600000000003 0.061016 0.045762
0 0.703674 0.2373240000000001 0.063516 0.0467
0 0.714266 0.325588 0.0523 0.0439
0 0.810784 0.18969400000000003 0.058534 0.044838
0 0.820116 0.281226 0.069734 0.042976
0 0.827592 0.3708880000000001 0.059784 0.044826
0 0.93905 0.3297939999999999 0.058534 0.044838
0 0.934066 0.238726 0.0685 0.051376
0 0.932824 0.14672400000000008 0.066016 0.0523
0 0.192466 0.044918000000000013 0.069734 0.052312
0 0.328216 0.09395599999999993 0.062266 0.045762
0 0.435308 0.044918000000000013 0.057284 0.048562
0 0.562334 0.09254999999999991 0.062266 0.0467
0 0.674408 0.04678800000000005 0.06725 0.0523
0 0.80705 0.09769399999999995 0.066 0.051362
0 0.91975 0.0500560000000001 0.059766 0.051362
0 0.291574 0.7885120000000001 0.055016 0.0467
0 0.101142 0.770618 0.060184 0.049812
0 0.308184 0.8527260000000001 0.052934 0.04125
0 0.127084 0.8356060000000001 0.0602 0.042812
0 0.554858 0.7033940000000001 0.047316 0.035488
0 0.448384 0.6665000000000001 0.0436 0.036424
0 0.341908 0.626806 0.054784 0.041088
0 0.323224 0.553488 0.047316 0.042024
0 0.433442 0.59365 0.046084 0.0383
0 0.414758 0.5207999999999999 0.05355 0.042026
0 0.516258 0.4843679999999999 0.054784 0.040162
0 0.53245 0.5614239999999999 0.0523 0.0411
0 0.546142 0.638018 0.049816 0.044838
0 0.640792 0.6020559999999999 0.049816 0.036438
0 0.751624 0.6431560000000001 0.052316 0.040162
0 0.628342 0.5249999999999999 0.049816 0.039226
0 0.741042 0.5674999999999999 0.05105 0.03455
0 0.850634 0.6076619999999999 0.051066 0.042026
0 0.955866 0.5754379999999999 0.0548 0.042974
0 0.845026 0.5306059999999999 0.057284 0.039238
0 0.732326 0.4904440000000001 0.05605 0.041088
0 0.948392 0.495112 0.059784 0.0411
0 0.303308 0.4811000000000001 0.057284 0.0411
0 0.946516 0.4129179999999999 0.058534 0.042962
0 0.835684 0.4516819999999999 0.056034 0.040162
0 0.725476 0.400312 0.054784 0.042024
0 0.619624 0.4460759999999999 0.049816 0.0383
0 0.502558 0.4031119999999999 0.057284 0.0383
0 0.401066 0.4400059999999999 0.056034 0.044838
0 0.287116 0.3979760000000001 0.0548 0.039224
0 0.383624 0.36201799999999995 0.05605 0.042038
0 0.266566 0.3167120000000001 0.061034 0.0467
0 0.3637 0.2756179999999999 0.058534 0.042962
0 0.246642 0.22891799999999995 0.05605 0.044838
0 0.220492 0.1406559999999999 0.061016 0.049512
0 0.350008 0.18502400000000008 0.063516 0.0467
0 0.4515 0.14112600000000008 0.0548 0.044826
0 0.093458 0.09161799999999998 0.063516 0.050438
0 0.118258 0.18452599999999997 0.065384 0.052924
0 0.142134 0.273644 0.0633 0.047488
0 0.166524 0.3553759999999999 0.066416 0.05215
0 0.186242 0.43865 0.060184 0.047476
0 0.210626 0.5153179999999999 0.05915 0.045138
0 0.034724 0.570576 0.058116 0.040476
0 0.228792 0.586538 0.058116 0.044374
0 0.056 0.6379060000000001 0.057066 0.041262
0 0.2537 0.657362 0.053966 0.045926
0 0.271334 0.7211939999999999 0.062266 0.042812
0 0.078834 0.7063999999999999 0.052934 0.0428
