0 0.063844 0.22984399999999994 0.041938 0.06523
0 0.026282 0.25078200000000006 0.040188 0.06052
0 0.04507 0.3568119999999999 0.034078 0.048916
0 0.082632 0.3294379999999999 0.037578 0.059416
0 0.124124 0.3078860000000001 0.041938 0.062896
0 0.163874 0.283428 0.039312 0.055896
0 0.210618 0.2589680000000001 0.047172 0.069896
0 0.258672 0.22867799999999994 0.048938 0.076896
0 0.31196 0.20014599999999994 0.050672 0.078042
0 0.372242 0.16693800000000003 0.052422 0.081542
0 0.435148 0.12850000000000006 0.057672 0.090876
0 0.505914 0.09005200000000002 0.054172 0.093188
0 0.581922 0.04929199999999989 0.059406 0.097834
0 0.591968 0.1972179999999999 0.058532 0.093188
0 0.516398 0.233344 0.057672 0.093188
0 0.448258 0.267126 0.052422 0.081542
0 0.384914 0.2945 0.051546 0.080374
0 0.328124 0.323032 0.046312 0.07223
0 0.599828 0.3352599999999999 0.058532 0.089688
0 0.528196 0.3643860000000001 0.053296 0.089688
0 0.45918 0.39233399999999996 0.051546 0.082708
0 0.399336 0.4179679999999999 0.048922 0.08502
0 0.341664 0.44417799999999996 0.050672 0.090854
0 0.609446 0.4686459999999999 0.049796 0.076874
0 0.536054 0.48729200000000006 0.053296 0.074584
0 0.470532 0.5123120000000001 0.051532 0.080376
0 0.412 0.538532 0.046312 0.08152
0 0.355648 0.553094 0.038454 0.071062
0 0.303234 0.5688219999999999 0.041938 0.069896
0 0.61643 0.5979380000000001 0.049796 0.079208
0 0.548726 0.6148020000000001 0.050672 0.073312
0 0.481454 0.631146 0.047188 0.078042
0 0.04507 0.11976000000000009 0.046296 0.06873
0 0.082632 0.08889600000000009 0.042796 0.072208
0 0.240766 0.1092820000000001 0.046312 0.078062
0 0.191 0.137864 0.0445 0.07448
0 0.14511 0.1716040000000001 0.043656 0.076876
0 0.104468 0.20071799999999995 0.042812 0.076896
0 0.125446 0.05801999999999996 0.046296 0.078042
0 0.297118 0.07258399999999998 0.048922 0.081542
0 0.42554 0.646282 0.041922 0.06873
0 0.554836 0.731312 0.052422 0.078042
0 0.623414 0.7184999999999999 0.049796 0.085042
0 0.27671 0.3455619999999999 0.043422 0.068874
0 0.226374 0.37215599999999993 0.042968 0.072188
0 0.182398 0.3994580000000001 0.040954 0.070166
0 0.139422 0.41395800000000005 0.038938 0.065458
0 0.098968 0.432156 0.036906 0.057354
0 0.289578 0.4635 0.038938 0.066126
0 0.24357 0.48305200000000004 0.039954 0.07152
0 0.19554 0.5012300000000001 0.046016 0.068792
