0 0.1592420000000001 0.4601900000000001 0.065868 0.088882
0 0.4130799999999999 0.05185200000000001 0.074084 0.09782
0 0.48973200000000006 0.07942800000000005 0.079706 0.091826
0 0.5694859999999999 0.10553199999999996 0.079608 0.094442
0 0.15239599999999998 0.047276000000000096 0.057652 0.088664
0 0.2156 0.06561400000000006 0.068362 0.094822
0 0.2867980000000001 0.09465999999999997 0.073838 0.085668
0 0.35948599999999997 0.12217999999999996 0.07154 0.091772
0 0.43093000000000004 0.14359600000000006 0.071344 0.085668
0 0.5064059999999999 0.17721999999999993 0.079608 0.097874
0 0.5887279999999999 0.20024599999999992 0.085134 0.088882
0 0.03850799999999999 0.08092600000000005 0.065868 0.082288
0 0.10300799999999999 0.10689400000000004 0.06313 0.091716
0 0.1646700000000001 0.13297000000000003 0.06577 0.082834
0 0.231908 0.15444199999999997 0.068704 0.088938
0 0.3019320000000001 0.1848780000000001 0.071344 0.088664
0 0.37464600000000003 0.21389600000000009 0.074084 0.092098
0 0.44865599999999994 0.23542200000000002 0.073838 0.091554
0 0.5281419999999999 0.26877400000000007 0.079168 0.091336
0 0.052200000000000024 0.16817400000000005 0.06577 0.09199
0 0.11545200000000011 0.1954499999999999 0.065624 0.085396
0 0.18244400000000005 0.2215800000000001 0.068362 0.08872
0 0.248386 0.24607599999999996 0.068508 0.088774
0 0.3185819999999999 0.27684 0.071882 0.094822
0 0.39393600000000006 0.304114 0.073936 0.094768
0 0.46924199999999994 0.33318800000000004 0.076674 0.097874
0 0.547604 0.3652040000000001 0.085232 0.094986
0 0.06601400000000002 0.255204 0.065526 0.082506
0 0.12899799999999995 0.2810619999999999 0.065722 0.085286
0 0.195036 0.305558 0.07154 0.08534
0 0.26628399999999997 0.33621199999999996 0.071344 0.091608
0 0.33493799999999996 0.3669199999999999 0.071442 0.085776
0 0.40752999999999995 0.39730200000000004 0.073936 0.091498
0 0.485722 0.4294819999999999 0.082444 0.094714
0 0.07701800000000003 0.33937400000000006 0.066014 0.091826
0 0.14276200000000006 0.3698920000000001 0.071344 0.091716
0 0.2100979999999999 0.3974660000000001 0.068802 0.085722
0 0.2827139999999999 0.43106200000000006 0.071344 0.091772
0 0.354058 0.4601900000000001 0.071344 0.088882
0 0.4298280000000001 0.4890460000000001 0.080196 0.097656
0 0.505012 0.5228060000000001 0.076822 0.09782
0 0.09476799999999996 0.43106200000000006 0.06308 0.091772
0 0.2264060000000001 0.48741199999999996 0.06846 0.094386
0 0.2950360000000001 0.5213080000000001 0.073986 0.08872
0 0.36924200000000007 0.5519339999999999 0.07423 0.094604
0 0.4446699999999999 0.585558 0.07692 0.088828
0 0.04398600000000008 0.4860500000000001 0.065868 0.091662
0 0.10848400000000002 0.519754 0.068606 0.085614
0 0.17435200000000006 0.548692 0.068606 0.088446
0 0.24158999999999997 0.5810360000000001 0.071344 0.085886
0 0.31295800000000007 0.6098920000000001 0.071394 0.09466
0 0.38555000000000006 0.648174 0.073888 0.085668
0 0.05625999999999998 0.57327 0.06841 0.082562
0 0.12356999999999996 0.609782 0.06582 0.088338
0 0.188118 0.640326 0.068754 0.088284
0 0.25811800000000007 0.6741140000000001 0.07154 0.094822
0 0.32799599999999995 0.707902 0.068606 0.094822
0 0.071442 0.6618520000000001 0.06582 0.088828
0 0.13603999999999994 0.698366 0.063374 0.082288
0 0.204426 0.7321519999999999 0.06841 0.082288
0 0.27320199999999994 0.7659119999999999 0.068754 0.088664
0 0.08643 0.7536780000000001 0.063326 0.082834
0 0.1510260000000001 0.787194 0.065868 0.082288
0 0.2196340000000001 0.822344 0.071344 0.086104
0 0.03569599999999995 0.80545 0.065526 0.082834
0 0.10151599999999994 0.8422339999999999 0.066112 0.088828
0 0.05359399999999992 0.89436 0.063178 0.082562
