0 0.548508 0.748652 0.091578 0.147056
0 0.393458 0.608596 0.098833 0.149855
0 0.497732 0.608596 0.093391 0.147056
0 0.598831 0.607196 0.092484 0.141456
0 0.706279 0.612096 0.089766 0.140056
0 0.805562 0.611396 0.087042 0.135857
0 0.895326 0.612096 0.090672 0.140056
0 0.043919 0.731158 0.087047 0.140032
0 0.140034 0.735346 0.092484 0.142856
0 0.242039 0.736746 0.089766 0.142856
0 0.342685 0.743753 0.093391 0.142856
0 0.443781 0.744461 0.096115 0.138640
0 0.649607 0.750052 0.092484 0.147056
0 0.843646 0.748652 0.083417 0.144256
0 0.751612 0.750052 0.086141 0.144256
0 0.140031 0.187027 0.081604 0.141456
0 0.243398 0.184928 0.088859 0.137257
0 0.187633 0.321484 0.091578 0.135857
0 0.094695 0.324284 0.087047 0.138656
0 0.346763 0.184928 0.088859 0.140056
0 0.446503 0.191231 0.094297 0.135849
0 0.553495 0.196134 0.094302 0.140056
0 0.659128 0.195434 0.089766 0.141456
0 0.751159 0.204537 0.087047 0.131649
0 0.845911 0.208037 0.086135 0.133049
0 0.942930 0.215040 0.087953 0.135857
0 0.293721 0.323584 0.091578 0.145656
0 0.394367 0.323584 0.093391 0.151255
0 0.496372 0.329183 0.090672 0.142856
0 0.602911 0.334787 0.095208 0.145664
0 0.706732 0.336891 0.088859 0.147056
0 0.802388 0.339690 0.086141 0.144256
0 0.894872 0.340390 0.086141 0.137257
0 0.041656 0.462940 0.082521 0.138656
0 0.136404 0.461541 0.087047 0.138656
0 0.238409 0.459437 0.089766 0.148463
0 0.342229 0.468540 0.094302 0.149855
0 0.446956 0.471344 0.093391 0.149863
0 0.546695 0.472043 0.091578 0.145664
0 0.653234 0.472743 0.094302 0.144264
0 0.754331 0.472739 0.087953 0.141456
0 0.849083 0.473443 0.085229 0.137249
0 0.947461 0.471340 0.091578 0.141456
0 0.088802 0.600193 0.087948 0.144264
0 0.188086 0.605093 0.088859 0.156862
0 0.291453 0.605796 0.096115 0.152655
0 0.935224 0.744453 0.079792 0.144256
0 0.804656 0.084787 0.087042 0.130249
0 0.704008 0.073584 0.088859 0.138656
0 0.052534 0.191931 0.082516 0.145664
0 0.889432 0.873302 0.078885 0.135857
0 0.794227 0.876102 0.087953 0.133057
0 0.695849 0.885209 0.088854 0.131657
0 0.598378 0.888709 0.089766 0.133057
0 0.496372 0.883809 0.096109 0.145656
0 0.392552 0.882409 0.095208 0.142856
0 0.291003 0.872603 0.091578 0.137257
0 0.190357 0.870503 0.089766 0.135857
0 0.087440 0.867703 0.092484 0.135857
0 0.897138 0.087586 0.090672 0.130249
