0 0.252469 0.532307 0.017625 0.023906
0 0.298133 0.500354 0.017953 0.022292
0 0.302371 0.536552 0.017320 0.020271
0 0.279469 0.551312 0.017016 0.020667
0 0.255652 0.567292 0.017320 0.021875
0 0.233355 0.581245 0.016414 0.021469
0 0.212426 0.595599 0.015805 0.021073
0 0.191039 0.609964 0.016719 0.022281
0 0.169656 0.623516 0.017016 0.021073
0 0.323797 0.784891 0.013062 0.016323
0 0.302836 0.796698 0.015797 0.017979
0 0.282297 0.807641 0.014328 0.018573
0 0.262281 0.819156 0.014750 0.018562
0 0.305574 0.823667 0.013695 0.017979
0 0.326004 0.813552 0.013273 0.017417
0 0.597578 0.287797 0.020250 0.026969
0 0.627406 0.312401 0.019234 0.026969
0 0.649906 0.423464 0.017719 0.023927
0 0.677965 0.445875 0.019742 0.022917
0 0.709184 0.428016 0.018477 0.025615
0 0.681250 0.404583 0.018734 0.024604
0 0.653066 0.381333 0.019492 0.024604
0 0.685172 0.360432 0.018984 0.025281
0 0.656098 0.335995 0.020508 0.026969
0 0.659637 0.289818 0.018477 0.026969
0 0.688707 0.314594 0.019492 0.027979
0 0.737984 0.450094 0.020031 0.024604
0 0.742680 0.406943 0.020250 0.027302
0 0.713984 0.383521 0.020500 0.026958
0 0.747734 0.362797 0.019750 0.027302
0 0.718918 0.339031 0.020758 0.028313
0 0.753547 0.317120 0.020250 0.026969
0 0.723719 0.291677 0.021266 0.027979
0 0.759238 0.268755 0.022523 0.027302
0 0.728520 0.243474 0.021258 0.029323
0 0.693258 0.267234 0.020500 0.028990
0 0.697934 0.216677 0.021258 0.034375
0 0.663555 0.241958 0.022266 0.027646
0 0.630078 0.265214 0.020469 0.027635
0 0.599980 0.240104 0.021008 0.028646
0 0.632586 0.216172 0.020500 0.028656
0 0.635875 0.163932 0.020000 0.030677
0 0.666840 0.190557 0.019742 0.028656
0 0.703113 0.165281 0.022523 0.028646
0 0.733832 0.191906 0.022773 0.030000
0 0.477375 0.187490 0.020500 0.029667
0 0.765430 0.218026 0.022266 0.028990
0 0.770992 0.166125 0.020750 0.028313
0 0.176023 0.508641 0.016406 0.021885
0 0.198020 0.491052 0.017930 0.024708
0 0.220918 0.476083 0.019445 0.025521
0 0.243367 0.458490 0.017625 0.023500
0 0.267180 0.441906 0.018531 0.024312
0 0.290992 0.425120 0.017625 0.023906
0 0.295395 0.463344 0.017930 0.023500
0 0.271578 0.478917 0.018234 0.024708
0 0.247918 0.495500 0.019445 0.022292
0 0.225316 0.511677 0.017930 0.022292
0 0.201656 0.528057 0.018531 0.024302
0 0.181941 0.543021 0.017930 0.022688
0 0.159488 0.557589 0.017320 0.021073
0 0.164812 0.591156 0.017594 0.023500
0 0.185883 0.576797 0.017328 0.023906
0 0.208332 0.562234 0.017320 0.023094
0 0.229414 0.546667 0.017625 0.022688
0 0.274461 0.515927 0.017922 0.023500
0 0.507961 0.161708 0.020000 0.028646
0 0.532609 0.417057 0.020250 0.025948
0 0.535012 0.374083 0.019492 0.022917
0 0.564840 0.354703 0.019492 0.025281
0 0.563828 0.398521 0.018484 0.023250
0 0.562184 0.439135 0.018227 0.024271
0 0.591383 0.421271 0.017969 0.024271
0 0.618938 0.442167 0.018984 0.024271
0 0.621969 0.401552 0.020500 0.025958
0 0.592391 0.377792 0.018984 0.026292
0 0.624625 0.357734 0.019234 0.025281
0 0.595426 0.333635 0.019492 0.024937
0 0.087414 0.742865 0.014922 0.020125
0 0.103828 0.731281 0.014047 0.016146
0 0.122871 0.719927 0.015273 0.018729
0 0.140957 0.708339 0.015273 0.019427
0 0.160617 0.696521 0.015625 0.018250
0 0.179840 0.685516 0.014742 0.017323
0 0.155090 0.668198 0.014398 0.020604
0 0.136305 0.680615 0.014750 0.019208
0 0.117430 0.692307 0.014219 0.018260
0 0.098559 0.703891 0.015445 0.019427
0 0.082059 0.715365 0.013695 0.016146
0 0.063977 0.726714 0.014047 0.017323
0 0.047387 0.737724 0.013164 0.016406
0 0.029305 0.747313 0.012813 0.015458
0 0.022637 0.721448 0.011758 0.016625
0 0.040629 0.709625 0.014398 0.016854
0 0.057566 0.698740 0.015273 0.018958
0 0.075738 0.687156 0.014039 0.018729
0 0.093383 0.675219 0.014219 0.019187
0 0.111465 0.663646 0.015273 0.018979
0 0.131039 0.649943 0.014391 0.020135
0 0.149730 0.636141 0.014570 0.020156
0 0.144469 0.605120 0.014922 0.020365
0 0.125160 0.619047 0.014570 0.021531
0 0.105922 0.632161 0.015125 0.018281
0 0.087063 0.644323 0.014922 0.019187
0 0.069332 0.658370 0.015273 0.019198
0 0.050637 0.669490 0.015102 0.018958
0 0.033344 0.682125 0.014219 0.017563
0 0.016141 0.693948 0.013875 0.017792
0 0.538930 0.188672 0.020250 0.030677
0 0.571035 0.163391 0.021258 0.028656
0 0.603012 0.189682 0.021508 0.029323
0 0.569895 0.214286 0.021008 0.027302
0 0.538043 0.238219 0.019992 0.026625
0 0.537289 0.285911 0.018984 0.025615
0 0.567242 0.263833 0.019234 0.027979
0 0.565977 0.310010 0.021766 0.027979
0 0.535641 0.330401 0.020750 0.027635
0 0.706672 0.738844 0.017016 0.020625
0 0.681648 0.720443 0.016719 0.021844
0 0.709406 0.707698 0.017016 0.021437
0 0.712438 0.673729 0.017625 0.022250
0 0.684531 0.687276 0.017016 0.021844
0 0.504945 0.684646 0.016406 0.022250
0 0.717594 0.639344 0.018844 0.025479
0 0.688172 0.654109 0.017016 0.021844
0 0.659352 0.668469 0.018234 0.021437
0 0.662535 0.634495 0.018539 0.023052
0 0.691203 0.619323 0.018844 0.022646
0 0.720625 0.604563 0.017625 0.022250
0 0.664961 0.599104 0.019141 0.022646
0 0.694387 0.583510 0.017930 0.023896
0 0.668605 0.563307 0.017930 0.023052
0 0.724574 0.567552 0.019445 0.022646
0 0.697727 0.547135 0.019141 0.024688
0 0.670879 0.525693 0.018227 0.023865
0 0.701672 0.507896 0.019141 0.023854
0 0.728516 0.530141 0.018844 0.024677
0 0.732457 0.490906 0.019445 0.025479
0 0.705613 0.468458 0.018539 0.024271
0 0.674215 0.486255 0.018227 0.024260
0 0.634172 0.648448 0.018234 0.021042
0 0.607176 0.662203 0.018227 0.021844
0 0.581848 0.642177 0.017320 0.022250
0 0.608691 0.629437 0.017617 0.022646
0 0.636598 0.613865 0.019445 0.022250
0 0.638570 0.578677 0.018531 0.023854
0 0.610359 0.594047 0.017922 0.023052
0 0.582605 0.608807 0.016414 0.021031
0 0.585180 0.574229 0.019141 0.021437
0 0.613090 0.558453 0.017930 0.023865
0 0.641758 0.542073 0.018844 0.022646
0 0.586090 0.537422 0.020352 0.022240
0 0.613699 0.520234 0.020352 0.025885
0 0.587609 0.499604 0.018531 0.022646
0 0.644031 0.503245 0.019750 0.024260
0 0.646922 0.465026 0.020062 0.023865
0 0.617035 0.482010 0.017930 0.024667
0 0.589578 0.461380 0.017625 0.023052
0 0.555910 0.657344 0.018227 0.022646
0 0.529820 0.670693 0.015203 0.021844
0 0.504645 0.651885 0.015805 0.023062
0 0.529973 0.636917 0.016711 0.020625
0 0.556973 0.623776 0.016711 0.022656
0 0.530426 0.604359 0.016414 0.022656
0 0.478008 0.328042 0.018734 0.026292
0 0.448937 0.305969 0.017719 0.024604
0 0.419359 0.281021 0.018734 0.026625
0 0.417082 0.234510 0.019242 0.027979
0 0.387633 0.208557 0.020500 0.028656
0 0.506695 0.307484 0.018984 0.027635
0 0.477629 0.283047 0.017977 0.025281
0 0.447672 0.259448 0.018734 0.026625
0 0.507203 0.260464 0.018984 0.025281
0 0.477250 0.236536 0.018734 0.027302
0 0.446156 0.210911 0.020250 0.027302
0 0.507961 0.212432 0.019484 0.026969
0 0.325191 0.155807 0.017977 0.026969
0 0.355402 0.182938 0.019242 0.026625
0 0.384852 0.158333 0.019484 0.027979
0 0.415566 0.184964 0.018727 0.028656
0 0.445648 0.161370 0.019750 0.027969
0 0.130336 0.374094 0.017203 0.023167
0 0.108234 0.391880 0.016469 0.023177
0 0.087504 0.409318 0.016852 0.024344
0 0.067312 0.426875 0.016500 0.023875
0 0.047039 0.442688 0.017031 0.023187
0 0.027461 0.460115 0.017203 0.024812
0 0.008941 0.475214 0.015977 0.025510
0 0.136469 0.412734 0.016531 0.023594
0 0.115324 0.430620 0.018086 0.023406
0 0.094074 0.447250 0.017055 0.023896
0 0.073984 0.463740 0.016859 0.022708
0 0.054059 0.479896 0.015273 0.020833
0 0.035102 0.495807 0.014922 0.021760
0 0.015266 0.511141 0.014922 0.020594
0 0.023691 0.545547 0.015273 0.022469
0 0.042297 0.530802 0.015625 0.020604
0 0.061695 0.515120 0.016156 0.022469
0 0.080566 0.500490 0.015977 0.022229
0 0.101195 0.484349 0.017203 0.022260
0 0.121391 0.467021 0.015437 0.022708
0 0.142711 0.450635 0.017031 0.022708
0 0.148680 0.487615 0.016672 0.022229
0 0.127965 0.503297 0.017023 0.022698
0 0.107164 0.519214 0.017906 0.021302
0 0.087238 0.534078 0.015617 0.020594
0 0.067840 0.548250 0.015102 0.020854
0 0.049496 0.563583 0.014570 0.019687
0 0.031063 0.577495 0.014922 0.019427
0 0.134285 0.539005 0.015977 0.020156
0 0.113660 0.553391 0.015445 0.021302
0 0.093910 0.567667 0.015273 0.018500
0 0.074953 0.581359 0.014922 0.019656
0 0.056430 0.595870 0.014391 0.018719
0 0.037469 0.608859 0.016500 0.020365
0 0.020180 0.622786 0.014922 0.020594
0 0.138762 0.572109 0.016148 0.020365
0 0.119539 0.586630 0.016328 0.020365
0 0.099703 0.599849 0.014922 0.019198
0 0.081008 0.614130 0.014047 0.019656
0 0.062223 0.626885 0.015445 0.019896
0 0.044742 0.641161 0.016297 0.021302
0 0.026938 0.653219 0.014750 0.019667
0 0.009734 0.664922 0.014047 0.018719
0 0.369887 0.815943 0.012633 0.017698
0 0.392531 0.831656 0.014531 0.019417
0 0.390426 0.804141 0.014961 0.017135
0 0.413387 0.820984 0.015383 0.020531
0 0.436453 0.835870 0.013484 0.018844
0 0.458258 0.826318 0.015375 0.016594
0 0.481430 0.842469 0.014953 0.016875
0 0.503973 0.830812 0.015383 0.016042
0 0.481324 0.814536 0.015164 0.017698
0 0.435613 0.808766 0.013898 0.016323
0 0.459312 0.798245 0.015797 0.017698
0 0.412758 0.792068 0.015375 0.018823
0 0.435402 0.780958 0.015586 0.017438
0 0.367359 0.786729 0.015172 0.018812
0 0.389375 0.776464 0.015375 0.016885
0 0.411070 0.764255 0.014531 0.017698
0 0.503969 0.803708 0.016219 0.020250
0 0.504184 0.774792 0.014117 0.019104
0 0.479641 0.786729 0.017281 0.018812
0 0.457730 0.769719 0.014742 0.019125
0 0.434242 0.752885 0.015797 0.018542
0 0.480484 0.758078 0.015172 0.017135
0 0.457207 0.740526 0.014117 0.017969
0 0.504395 0.746141 0.014117 0.019656
0 0.504391 0.716073 0.016219 0.020250
0 0.480883 0.728307 0.015203 0.018823
0 0.254137 0.320365 0.018539 0.026333
0 0.229563 0.339375 0.019750 0.027146
0 0.205750 0.357979 0.020656 0.026333
0 0.181484 0.377599 0.020047 0.025115
0 0.159187 0.396406 0.019750 0.025521
0 0.164801 0.434625 0.018227 0.024313
0 0.187246 0.418047 0.018836 0.025115
0 0.210000 0.399438 0.018844 0.025917
0 0.234723 0.381641 0.020352 0.025115
0 0.258078 0.362630 0.018531 0.025115
0 0.284168 0.342609 0.018539 0.023094
0 0.287656 0.385078 0.018844 0.024719
0 0.263539 0.404089 0.019141 0.024719
0 0.239422 0.421281 0.017625 0.024313
0 0.216066 0.439073 0.018227 0.023500
0 0.193316 0.455052 0.018227 0.023104
0 0.170867 0.472240 0.017625 0.024312
0 0.154941 0.523208 0.019148 0.023500
0 0.071176 0.754099 0.013695 0.018719
0 0.300305 0.769599 0.014109 0.018260
0 0.279238 0.780255 0.013695 0.016031
0 0.258699 0.791630 0.014742 0.016323
0 0.239848 0.803021 0.014539 0.017125
0 0.220676 0.814677 0.013273 0.019667
0 0.216148 0.787854 0.015172 0.019937
0 0.236160 0.775620 0.015164 0.019135
0 0.255750 0.763120 0.015172 0.020531
0 0.276500 0.752042 0.014109 0.020229
0 0.297363 0.741010 0.013383 0.017438
0 0.318453 0.728672 0.014875 0.017844
0 0.316477 0.699552 0.014594 0.018646
0 0.294180 0.710068 0.016109 0.019448
0 0.272793 0.723417 0.016414 0.020271
0 0.252773 0.734745 0.018234 0.021073
0 0.232145 0.747682 0.016414 0.019448
0 0.212730 0.760021 0.015805 0.019854
0 0.207875 0.730896 0.017016 0.020667
0 0.228652 0.719974 0.017320 0.019052
0 0.249129 0.707641 0.015195 0.020260
0 0.270062 0.692677 0.017625 0.020271
0 0.291145 0.680547 0.016102 0.021073
0 0.313746 0.668406 0.016414 0.020271
0 0.310711 0.637062 0.015203 0.022292
0 0.287961 0.650203 0.018234 0.021073
0 0.266422 0.663151 0.018234 0.021885
0 0.245949 0.676698 0.017320 0.021479
0 0.225016 0.689443 0.016719 0.021885
0 0.204387 0.702583 0.016102 0.021479
0 0.200598 0.672453 0.016414 0.020260
0 0.220918 0.658703 0.016414 0.021073
0 0.242004 0.645552 0.016711 0.021479
0 0.263391 0.632208 0.017016 0.020667
0 0.285531 0.618052 0.017016 0.022292
0 0.308133 0.604099 0.016109 0.020260
0 0.305102 0.570323 0.015500 0.022292
0 0.281742 0.584682 0.016719 0.021885
0 0.260355 0.599245 0.016414 0.022698
0 0.238516 0.613807 0.017016 0.021885
0 0.216977 0.628167 0.017016 0.021479
0 0.194984 0.640297 0.016109 0.023094
0 0.174961 0.655667 0.016109 0.022292
0 0.279770 0.300344 0.020664 0.027542
0 0.153727 0.355755 0.018531 0.024302
0 0.176781 0.336339 0.019750 0.025927
0 0.200141 0.317328 0.020359 0.025927
0 0.224863 0.297307 0.020055 0.028760
0 0.249586 0.276885 0.019141 0.027542
0 0.275223 0.255651 0.019445 0.028760
0 0.146902 0.314094 0.019445 0.027542
0 0.170410 0.293672 0.020961 0.027135
0 0.193922 0.274432 0.020047 0.026781
0 0.219402 0.252615 0.020664 0.028354
0 0.271125 0.208734 0.019750 0.027948
0 0.244125 0.231177 0.019750 0.027542
0 0.214246 0.205901 0.020055 0.026323
0 0.266422 0.160193 0.018844 0.028760
0 0.238820 0.183250 0.020656 0.029563
0 0.208027 0.157771 0.020352 0.031187
0 0.019563 0.423714 0.016500 0.023177
0 0.039223 0.406161 0.016852 0.024573
0 0.060379 0.388734 0.017727 0.023906
0 0.080461 0.371286 0.017516 0.023177
0 0.101457 0.352214 0.018430 0.023406
0 0.124258 0.333250 0.018047 0.024812
0 0.526484 0.848255 0.016406 0.017802
0 0.527391 0.822167 0.013984 0.017396
0 0.527242 0.792036 0.014281 0.016177
0 0.528605 0.763719 0.015195 0.018604
0 0.528910 0.734193 0.016414 0.020219
0 0.529516 0.701432 0.017016 0.020219
0 0.550145 0.838948 0.015805 0.019417
0 0.551055 0.810234 0.015203 0.020219
0 0.551660 0.780302 0.015805 0.018604
0 0.553180 0.750979 0.015203 0.017396
0 0.553937 0.721047 0.016719 0.019010
0 0.554547 0.689505 0.016109 0.019010
0 0.573199 0.855531 0.015805 0.018604
0 0.573961 0.827422 0.016109 0.019010
0 0.575477 0.798302 0.016719 0.019812
0 0.576234 0.768974 0.016406 0.021031
0 0.577297 0.738641 0.015500 0.020219
0 0.579113 0.708510 0.016711 0.022250
0 0.579871 0.676354 0.016414 0.020229
0 0.597016 0.844818 0.015500 0.019010
0 0.599137 0.817516 0.017320 0.022656
0 0.600047 0.786974 0.016719 0.019010
0 0.600945 0.756641 0.016078 0.019010
0 0.603383 0.725901 0.016109 0.018198
0 0.605355 0.694760 0.016414 0.019812
0 0.619918 0.861802 0.015195 0.019812
0 0.621129 0.834906 0.015195 0.020229
0 0.623262 0.805380 0.015820 0.021031
0 0.625680 0.775047 0.014594 0.021031
0 0.627199 0.743698 0.015805 0.019812
0 0.629926 0.713594 0.017023 0.022604
0 0.631898 0.682021 0.016719 0.019417
0 0.644641 0.852297 0.015500 0.020219
0 0.647371 0.823177 0.017320 0.020229
0 0.649645 0.793042 0.016414 0.017396
0 0.652070 0.762708 0.015203 0.017396
0 0.654801 0.732375 0.018836 0.019812
0 0.656770 0.700823 0.017320 0.020625
0 0.668000 0.869469 0.015500 0.018979
0 0.693328 0.860995 0.017016 0.024677
0 0.670422 0.840573 0.016109 0.018604
0 0.697270 0.829443 0.015805 0.018198
0 0.700000 0.798708 0.016406 0.016583
0 0.673309 0.810234 0.015805 0.016990
0 0.675883 0.781115 0.014891 0.018604
0 0.703336 0.768979 0.018234 0.018604
0 0.678613 0.750776 0.015508 0.021031
0 0.505242 0.617708 0.016391 0.021833
0 0.556973 0.589193 0.017930 0.019823
0 0.505250 0.584135 0.016406 0.022646
0 0.531336 0.568365 0.017625 0.020229
0 0.558336 0.552995 0.018844 0.021844
0 0.504945 0.548948 0.017016 0.021833
0 0.532262 0.532974 0.017039 0.023865
0 0.558941 0.516797 0.018836 0.023865
0 0.532855 0.495760 0.018227 0.023062
0 0.506160 0.474531 0.017023 0.023458
0 0.560766 0.478370 0.017625 0.021427
0 0.533762 0.457135 0.019445 0.024271
0 0.366289 0.760000 0.015234 0.019167
0 0.387762 0.746661 0.014180 0.019552
0 0.410512 0.735370 0.015195 0.019885
0 0.364371 0.730302 0.013914 0.017896
0 0.386496 0.717677 0.014180 0.019542
0 0.408738 0.706219 0.014180 0.019542
0 0.408109 0.674198 0.014438 0.019542
0 0.384598 0.687177 0.015445 0.018542
0 0.362102 0.698802 0.014938 0.018208
0 0.360457 0.669146 0.015695 0.020896
0 0.383082 0.655828 0.014430 0.021906
0 0.406594 0.642510 0.015953 0.020896
0 0.358434 0.637286 0.015195 0.021906
0 0.381437 0.623641 0.017219 0.022240
0 0.404949 0.608641 0.015695 0.020552
0 0.355906 0.604427 0.015703 0.020229
0 0.379922 0.589594 0.015703 0.020896
0 0.403305 0.575276 0.016453 0.021906
0 0.354391 0.570724 0.016203 0.021573
0 0.480281 0.697453 0.014687 0.020219
0 0.456520 0.709755 0.016711 0.021240
0 0.432883 0.721891 0.014438 0.019219
0 0.432250 0.692063 0.016203 0.019542
0 0.456520 0.678917 0.016711 0.020896
0 0.480027 0.666104 0.015695 0.018875
0 0.479777 0.633073 0.016711 0.020896
0 0.455508 0.646896 0.016203 0.022250
0 0.431492 0.659870 0.014187 0.019885
0 0.430605 0.628021 0.015445 0.019542
0 0.454875 0.614031 0.014938 0.021229
0 0.429723 0.594484 0.014680 0.020552
0 0.479270 0.599036 0.016211 0.019552
0 0.454246 0.580328 0.016711 0.020552
0 0.480535 0.565333 0.016711 0.020896
0 0.453609 0.543589 0.016453 0.020552
0 0.429090 0.560266 0.015445 0.021552
0 0.427445 0.524380 0.016203 0.023260
0 0.479141 0.527583 0.017469 0.020896
0 0.453105 0.508031 0.017461 0.022250
0 0.425676 0.487474 0.016711 0.021573
0 0.479523 0.492188 0.017219 0.022917
0 0.452223 0.470615 0.017211 0.022917
0 0.424918 0.449719 0.017211 0.022250
0 0.478762 0.453427 0.016711 0.022250
0 0.506082 0.435224 0.016742 0.022240
0 0.451336 0.431859 0.016969 0.023594
0 0.423781 0.409943 0.016453 0.023594
0 0.477629 0.412812 0.016961 0.022583
0 0.506695 0.393937 0.017469 0.024604
0 0.449945 0.391240 0.018734 0.023250
0 0.478512 0.371693 0.017727 0.023927
0 0.377645 0.555552 0.016711 0.022250
0 0.402172 0.541063 0.016203 0.022250
0 0.351988 0.536849 0.016961 0.023260
0 0.375496 0.519828 0.016961 0.023594
0 0.400398 0.504151 0.017219 0.023927
0 0.349590 0.499604 0.015695 0.022250
0 0.373875 0.482922 0.017250 0.023260
0 0.399641 0.467073 0.016703 0.022583
0 0.347074 0.463057 0.016180 0.022635
0 0.371457 0.445505 0.016961 0.023927
0 0.343648 0.424271 0.017469 0.023938
0 0.397113 0.427813 0.018227 0.024937
0 0.369305 0.406234 0.018734 0.023594
0 0.341117 0.383151 0.017469 0.023927
0 0.395344 0.388036 0.017719 0.025615
0 0.366906 0.364615 0.018984 0.025958
0 0.422141 0.368995 0.017719 0.023260
0 0.338211 0.342198 0.017219 0.025625
0 0.364629 0.322646 0.017977 0.026292
0 0.393320 0.345234 0.020750 0.024948
0 0.391297 0.302260 0.018734 0.026625
0 0.361598 0.277823 0.018477 0.024937
0 0.336570 0.297703 0.016453 0.025615
0 0.332145 0.253385 0.016711 0.025271
0 0.328613 0.206031 0.019727 0.028313
0 0.358563 0.230969 0.018984 0.028313
0 0.389152 0.256250 0.019492 0.028979
0 0.420367 0.325516 0.017719 0.025948
0 0.449949 0.349109 0.018227 0.023927
0 0.505687 0.351807 0.017969 0.027302
0 0.011664 0.386380 0.018609 0.024344
0 0.032117 0.368005 0.018078 0.025510
0 0.053180 0.348948 0.017734 0.025771
0 0.073195 0.331026 0.018078 0.023635
0 0.095137 0.310661 0.018789 0.026448
0 0.117961 0.290656 0.017734 0.025771
0 0.141309 0.270755 0.018086 0.028094
0 0.164391 0.249219 0.018609 0.026688
0 0.187914 0.226516 0.020359 0.029490
0 0.183000 0.180990 0.020016 0.027396
0 0.157898 0.204047 0.017906 0.027615
0 0.134105 0.226177 0.019148 0.028354
0 0.111023 0.246177 0.017906 0.026687
0 0.087766 0.267943 0.018437 0.026219
0 0.066805 0.289141 0.017516 0.024135
0 0.045016 0.308906 0.017906 0.023875
0 0.023422 0.327984 0.017906 0.025052
0 0.015176 0.286333 0.019305 0.024604
0 0.036492 0.265370 0.018453 0.025740
0 0.059328 0.245479 0.019484 0.024812
0 0.081711 0.224292 0.017203 0.026917
0 0.104176 0.202771 0.017555 0.026938
0 0.127699 0.179354 0.018961 0.025979
0 0.152016 0.156531 0.018437 0.025750
0 0.028426 0.222552 0.019836 0.025771
0 0.050547 0.201115 0.018781 0.026917
0 0.073105 0.178651 0.019305 0.027385
0 0.097156 0.154536 0.018250 0.027385
0 0.042035 0.153484 0.020008 0.027156
0 0.018422 0.175958 0.019141 0.027146
0 0.179754 0.807943 0.013164 0.017344
0 0.197480 0.795646 0.013164 0.016625
0 0.193270 0.769667 0.013164 0.016625
0 0.174398 0.781016 0.014391 0.015448
0 0.156473 0.793188 0.015133 0.018729
0 0.138500 0.801500 0.015625 0.018958
0 0.115414 0.786750 0.014750 0.018958
0 0.133848 0.776333 0.013695 0.017792
0 0.151930 0.763599 0.014047 0.017594
0 0.169484 0.753281 0.014047 0.017563
0 0.189145 0.742865 0.015805 0.018250
0 0.184844 0.713724 0.014922 0.017094
0 0.165094 0.725427 0.014391 0.018021
0 0.146395 0.736896 0.014570 0.016625
0 0.127703 0.746849 0.015094 0.016385
0 0.108480 0.759250 0.017023 0.018250
0 0.091098 0.777505 0.013867 0.020594
0 0.075566 0.781365 0.016852 0.018958
0 0.058707 0.791672 0.016164 0.021302
0 0.053184 0.765219 0.013867 0.018021
0 0.320633 0.755974 0.013906 0.017969
