0 0.053701999999999916 0.329138 0.08935 0.126636
0 0.10234999999999994 0.85583 0.088792 0.134012
0 0.19196199999999997 0.87026 0.08935 0.137628
0 0.11303400000000008 0.727238 0.089332 0.126802
0 0.20319599999999993 0.742262 0.088792 0.128008
0 0.3111839999999999 0.889212 0.08989 0.135756
0 0.399146 0.902706 0.084954 0.134012
0 0.4852080000000001 0.915932 0.083854 0.131622
0 0.56907 0.927952 0.078394 0.129194
0 0.662248 0.816478 0.082772 0.122594
0 0.5803039999999999 0.804448 0.083314 0.122594
0 0.4947919999999999 0.788258 0.083314 0.123726
0 0.4095599999999999 0.776246 0.084954 0.126136
0 0.321318 0.762688 0.089332 0.128008
0 0.12412599999999996 0.60164 0.089062 0.12936
0 0.212434 0.618332 0.08678 0.130194
0 0.33252799999999993 0.63733 0.090212 0.124782
0 0.4214039999999999 0.653596 0.086018 0.123948
0 0.505908 0.666534 0.082214 0.121428
0 0.5885039999999999 0.682808 0.081454 0.120612
0 0.6714800000000001 0.69659 0.084498 0.119778
0 0.681184 0.576608 0.084126 0.121854
0 0.597642 0.56241 0.082214 0.121038
0 0.5152239999999999 0.547386 0.083364 0.124356
0 0.4303459999999999 0.530102 0.08639 0.12304
0 0.3426119999999999 0.51505 0.089822 0.124782
0 0.6103639999999999 0.4405 0.086458 0.124374
0 0.525012 0.4243 0.084988 0.122558
0 0.44048200000000004 0.4076 0.085562 0.122558
0 0.353372 0.390492 0.0894 0.12419
0 0.36369399999999996 0.267748 0.089518 0.123188
0 0.45162199999999997 0.284522 0.08634 0.122706
0 0.537042 0.3033 0.083584 0.123188
0 0.62131 0.320084 0.087692 0.122688
0 0.37344 0.144468 0.090448 0.12519
0 0.4612179999999999 0.162826 0.082672 0.123688
0 0.5475479999999999 0.181862 0.089078 0.12469
0 0.2224600000000001 0.491298 0.0883 0.124578
0 0.13333799999999996 0.474292 0.08994 0.126376
0 0.14384599999999992 0.350148 0.090938 0.12925
0 0.2329239999999999 0.366664 0.087218 0.124616
0 0.06409200000000004 0.202928 0.090212 0.12645
0 0.15487800000000007 0.222548 0.090584 0.127284
0 0.24394800000000005 0.241946 0.0883 0.126858
0 0.07323799999999991 0.075014 0.090212 0.128526
0 0.16496200000000005 0.096088 0.08945 0.12645
0 0.254988 0.11695 0.0906 0.125616
0 0.470626 0.045394 0.065782 0.090158
