0 0.875879 0.124340 0.035820 0.053249
0 0.832109 0.196675 0.038828 0.054365
0 0.796309 0.256904 0.033633 0.051574
0 0.874160 0.257183 0.038398 0.056599
0 0.920078 0.060482 0.035391 0.052132
0 0.958242 0.125203 0.035781 0.050406
0 0.915566 0.193858 0.044414 0.060000
0 0.957383 0.260508 0.037500 0.056548
0 0.916191 0.328046 0.036211 0.053756
0 0.957383 0.395888 0.038359 0.059391
0 0.872637 0.389162 0.037070 0.050406
0 0.829082 0.327487 0.034492 0.054873
0 0.754277 0.326117 0.041836 0.054365
0 0.794160 0.391117 0.035352 0.053198
0 0.709629 0.389721 0.035352 0.051523
0 0.666934 0.326650 0.037070 0.049949
0 0.625098 0.390558 0.037930 0.048731
0 0.583711 0.328046 0.036250 0.052741
0 0.501777 0.330330 0.036211 0.048173
0 0.540996 0.392792 0.031914 0.049848
0 0.461875 0.391117 0.037500 0.050964
0 0.420918 0.327487 0.036680 0.049391
0 0.337031 0.322766 0.037109 0.053249
0 0.378223 0.385228 0.040117 0.049340
0 0.256816 0.325279 0.037930 0.050457
0 0.299941 0.388604 0.038789 0.049289
0 0.212832 0.388604 0.042227 0.052640
0 0.175957 0.320482 0.039258 0.061168
0 0.212832 0.254949 0.034492 0.055482
0 0.132402 0.256066 0.040117 0.057716
0 0.045078 0.254112 0.041406 0.058274
0 0.088203 0.326954 0.038828 0.051574
0 0.045508 0.386345 0.041406 0.051574
0 0.130039 0.390279 0.038828 0.053756
0 0.088203 0.539898 0.035391 0.043756
0 0.047891 0.603223 0.036641 0.049289
0 0.169707 0.539898 0.032773 0.042640
0 0.257246 0.544112 0.035352 0.047614
0 0.131328 0.602107 0.037109 0.047056
0 0.213262 0.601827 0.031914 0.042030
0 0.086895 0.672716 0.034492 0.042589
0 0.046582 0.734061 0.036680 0.045482
0 0.131523 0.734340 0.032344 0.042487
0 0.169277 0.672157 0.031055 0.042589
0 0.382324 0.597919 0.027617 0.038680
0 0.499180 0.536218 0.028438 0.041980
0 0.583262 0.537081 0.031055 0.041371
0 0.462305 0.600152 0.030625 0.039797
0 0.541875 0.598756 0.031875 0.038122
0 0.336816 0.668807 0.031445 0.044822
0 0.300801 0.739695 0.037930 0.050964
0 0.421328 0.673553 0.034922 0.045381
0 0.379492 0.734340 0.032344 0.048274
0 0.499609 0.670482 0.030156 0.041472
0 0.461660 0.734061 0.031914 0.041929
0 0.540801 0.733503 0.036680 0.044365
0 0.583477 0.671041 0.030625 0.043706
0 0.625098 0.603782 0.031055 0.044822
0 0.624453 0.736599 0.029766 0.041421
0 0.666074 0.538223 0.032773 0.043655
0 0.666719 0.669924 0.031484 0.041472
0 0.709629 0.734365 0.033633 0.043655
0 0.711348 0.602665 0.031914 0.044822
0 0.751035 0.542157 0.033633 0.045939
0 0.828437 0.543832 0.029766 0.047056
0 0.794160 0.607690 0.031914 0.045939
0 0.750605 0.673528 0.031055 0.043096
0 0.795879 0.737183 0.033633 0.044822
0 0.832090 0.676650 0.031914 0.051574
0 0.873926 0.608528 0.032773 0.044365
0 0.917480 0.545228 0.031914 0.047614
0 0.958027 0.611320 0.031914 0.048832
0 0.913184 0.680000 0.030195 0.049340
0 0.871777 0.739975 0.031914 0.045939
0 0.957168 0.742208 0.033633 0.050406
0 0.912754 0.809442 0.030195 0.041421
0 0.955234 0.873350 0.032344 0.045990
0 0.829082 0.807234 0.034492 0.048173
0 0.871348 0.871371 0.034492 0.047716
0 0.751250 0.806929 0.034922 0.049898
0 0.792227 0.868883 0.035781 0.053807
0 0.708340 0.865787 0.038789 0.052081
0 0.667148 0.804416 0.036641 0.047107
0 0.582402 0.806675 0.031914 0.048173
0 0.624453 0.871091 0.033203 0.048274
0 0.498516 0.803858 0.032344 0.045990
0 0.541016 0.870838 0.038828 0.051015
0 0.421113 0.804695 0.035352 0.046548
0 0.085820 0.050660 0.037500 0.051574
0 0.168633 0.049010 0.034922 0.045939
0 0.047227 0.118477 0.037109 0.056041
0 0.129375 0.119315 0.036641 0.049898
0 0.249922 0.057132 0.035391 0.052132
0 0.211113 0.120152 0.035352 0.054924
0 0.295840 0.124061 0.037539 0.054822
0 0.086465 0.186574 0.034492 0.052132
0 0.169922 0.192183 0.034062 0.048731
0 0.254238 0.191294 0.037930 0.052741
0 0.337031 0.054061 0.040547 0.056041
0 0.417891 0.054036 0.039219 0.058325
0 0.502852 0.055127 0.040078 0.053706
0 0.582852 0.055990 0.043125 0.053299
0 0.379512 0.121574 0.035820 0.050964
0 0.335313 0.191624 0.036250 0.045381
0 0.297148 0.255228 0.034922 0.052690
0 0.462090 0.121827 0.036211 0.052690
0 0.422852 0.189619 0.038828 0.047157
0 0.379082 0.254949 0.035820 0.053249
0 0.462305 0.258020 0.036641 0.053807
0 0.500703 0.189898 0.034062 0.049949
0 0.541211 0.122107 0.032344 0.054365
0 0.582617 0.191624 0.033203 0.047614
0 0.539707 0.259391 0.032773 0.049949
0 0.670820 0.054010 0.036250 0.050457
0 0.628125 0.125761 0.035391 0.050406
0 0.669512 0.191294 0.033633 0.049391
0 0.624453 0.258832 0.035781 0.049949
0 0.753184 0.057411 0.033633 0.052690
0 0.708770 0.121269 0.029336 0.047107
0 0.753828 0.190736 0.034062 0.051624
0 0.709844 0.257741 0.034062 0.057716
0 0.833613 0.059061 0.035820 0.058325
0 0.797383 0.124061 0.036641 0.054822
0 0.256387 0.669365 0.031914 0.038122
0 0.299082 0.602665 0.029336 0.037005
0 0.214766 0.734365 0.028906 0.043655
0 0.335078 0.535964 0.030625 0.040355
0 0.419824 0.537107 0.029336 0.040305
0 0.460586 0.864670 0.029766 0.046497
0 0.376914 0.860736 0.037500 0.045431
0 0.335078 0.800457 0.033203 0.044873
0 0.253379 0.802716 0.035352 0.048274
0 0.297793 0.868299 0.036211 0.049289
0 0.170352 0.803274 0.033203 0.049391
0 0.215625 0.865508 0.035781 0.050406
0 0.130254 0.868832 0.036680 0.048122
0 0.087988 0.801904 0.035820 0.048782
0 0.047461 0.864670 0.034922 0.049848
