0 0.298566 0.14995599999999998 0.034 0.026666
0 0.4011 0.355178 0.036466 0.042534
0 0.4729 0.34364400000000006 0.036534 0.037244
0 0.43735 0.37422200000000005 0.0359 0.0328
0 0.3978 0.40522199999999997 0.036534 0.041644
0 0.50745 0.3617999999999999 0.032566 0.036312
0 0.472566 0.38971200000000006 0.034534 0.0372
0 0.43435 0.42426600000000003 0.036566 0.044266
0 0.2875 0.23157800000000006 0.032534 0.036312
0 0.321384 0.2466219999999999 0.0339 0.0328
0 0.469566 0.43888799999999994 0.033866 0.043378
0 0.506534 0.4067559999999999 0.032666 0.038222
0 0.5032 0.45608800000000005 0.034 0.039112
0 0.5417 0.3756440000000001 0.034334 0.037334
0 0.540366 0.4236439999999999 0.033666 0.040888
0 0.576866 0.394088 0.036 0.038666
0 0.5387 0.472534 0.035 0.041778
0 0.498866 0.5058659999999999 0.04 0.042666
0 0.5367 0.5223120000000001 0.035 0.045334
0 0.577366 0.3514219999999999 0.035 0.040444
0 0.611866 0.362978 0.033334 0.038666
0 0.611366 0.41186600000000007 0.033666 0.042222
0 0.575866 0.4409780000000001 0.034666 0.039112
0 0.611034 0.459422 0.034334 0.043112
0 0.574034 0.490534 0.035 0.042222
0 0.5732 0.542978 0.036666 0.047556
0 0.542366 0.3318000000000001 0.033266 0.041288
0 0.611734 0.3204880000000001 0.034666 0.035556
0 0.645734 0.336044 0.032666 0.039112
0 0.679534 0.3075779999999999 0.034934 0.034622
0 0.679034 0.35246599999999995 0.0346 0.040844
0 0.645734 0.382266 0.034666 0.036444
0 0.713534 0.326244 0.032266 0.0364
0 0.746066 0.2976000000000001 0.033334 0.037778
0 0.7799 0.31382200000000005 0.033 0.041778
0 0.679734 0.40115600000000007 0.033334 0.040444
0 0.646066 0.4298219999999999 0.034 0.040888
0 0.646066 0.4780439999999999 0.034 0.041334
0 0.681066 0.4471560000000001 0.034666 0.042666
0 0.681734 0.494934 0.034666 0.041334
0 0.61 0.509822 0.0368 0.040534
0 0.6094 0.5615559999999999 0.0348 0.0448
0 0.6458 0.528756 0.0348 0.041066
0 0.6454 0.579688 0.0364 0.0464
0 0.6826 0.5474220000000001 0.0364 0.045866
0 0.682634 0.6004659999999999 0.038066 0.045288
0 0.920234 0.01564399999999999 0.027534 0.029334
0 0.860834 0.02551199999999998 0.028066 0.026666
0 0.8935 0.0383119999999999 0.027666 0.029866
0 0.770234 0.020712000000000064 0.028334 0.0288
0 0.952434 0.02822199999999997 0.027134 0.028888
0 0.984234 0.04151199999999999 0.027666 0.027734
0 0.800766 0.033600000000000074 0.0294 0.027644
0 0.832734 0.047800000000000065 0.0288 0.0284
0 0.74085 0.04239999999999999 0.029366 0.029956
0 0.771384 0.054712000000000094 0.028234 0.031466
0 0.7426 0.080044 0.030534 0.029956
0 0.864416 0.05971199999999999 0.029966 0.030712
0 0.896384 0.07544400000000007 0.028234 0.0284
0 0.9249 0.05124400000000007 0.0288 0.026134
0 0.956566 0.06391199999999997 0.0288 0.029956
0 0.928634 0.08773399999999998 0.0282 0.028444
0 0.960716 0.10226599999999997 0.0279 0.028534
0 0.93325 0.12613399999999997 0.028234 0.031466
0 0.868166 0.09771200000000002 0.030534 0.034534
0 0.835616 0.08351200000000003 0.027634 0.029156
0 0.80365 0.07044399999999995 0.029366 0.029156
0 0.77485 0.094244 0.028234 0.0292
0 0.8071 0.10808799999999996 0.030534 0.027644
0 0.9417 0.264178 0.032666 0.0352
0 0.910966 0.29297799999999996 0.0288 0.037778
0 0.976984 0.2805120000000001 0.0341 0.039688
0 0.945066 0.3083560000000001 0.035534 0.0352
0 0.7451 0.11713400000000007 0.0318 0.029466
0 0.777116 0.13222200000000006 0.030366 0.032
0 0.8096 0.14622200000000007 0.03 0.033334
0 0.713616 0.10422200000000004 0.0293 0.032888
0 0.71445 0.14222200000000007 0.030966 0.033334
0 0.746784 0.15733400000000008 0.031034 0.034222
0 0.7143 0.181778 0.03 0.033334
0 0.711966 0.06688800000000006 0.030666 0.029334
0 0.681116 0.0526660000000001 0.0297 0.028444
0 0.68195 0.09000000000000008 0.028634 0.028444
0 0.651284 0.07555599999999996 0.0293 0.028888
0 0.65145 0.1128880000000001 0.029634 0.031556
0 0.681934 0.126444 0.03 0.030222
0 0.651266 0.15222200000000008 0.03 0.031112
0 0.68345 0.16555600000000004 0.0323 0.031112
0 0.650616 0.1922219999999999 0.0307 0.032
0 0.684466 0.20599999999999996 0.032334 0.033778
0 0.840116 0.122444 0.0303 0.033778
0 0.779284 0.17066599999999998 0.030634 0.033334
0 0.74795 0.19688799999999995 0.032634 0.034222
0 0.78095 0.2122219999999999 0.031366 0.038222
0 0.872134 0.13622200000000007 0.029 0.032
0 0.842616 0.16111199999999992 0.0327 0.032
0 0.81195 0.18511199999999994 0.031366 0.033778
0 0.74945 0.238 0.033034 0.034666
0 0.716634 0.22222199999999992 0.031334 0.034222
0 0.685116 0.24933399999999994 0.033034 0.037778
0 0.90495 0.15133400000000008 0.031966 0.033778
0 0.875784 0.17688799999999993 0.032366 0.032444
0 0.845116 0.20088799999999996 0.031034 0.036
0 0.814466 0.22866600000000004 0.032334 0.036444
0 0.966616 0.14133400000000007 0.0307 0.031556
0 0.937784 0.1642220000000001 0.0297 0.032888
0 0.971634 0.17988800000000005 0.030734 0.034888
0 0.942616 0.20577800000000002 0.0327 0.034222
0 0.876584 0.21675599999999995 0.0303 0.032444
0 0.680966 0.017956000000000083 0.0284 0.028266
0 0.710966 0.029956000000000094 0.0276 0.026666
0 0.368366 0.10115600000000002 0.032 0.029334
0 0.399366 0.11502199999999996 0.03 0.0304
0 0.429566 0.12862200000000001 0.0312 0.029866
0 0.463966 0.10488800000000009 0.0328 0.031466
0 0.332766 0.12488800000000011 0.0328 0.029866
0 0.363366 0.139556 0.0332 0.028266
0 0.395766 0.15368800000000005 0.0308 0.033066
0 0.460966 0.1427560000000001 0.0308 0.031466
0 0.494166 0.11875600000000008 0.0316 0.032534
0 0.308566 0.07075600000000004 0.0324 0.028266
0 0.301966 0.10968800000000001 0.0304 0.031466
0 0.329766 0.164088 0.0324 0.032534
0 0.427366 0.16782199999999992 0.0324 0.0336
0 0.361366 0.17902200000000001 0.0324 0.031466
0 0.557766 0.1088880000000001 0.0292 0.030934
0 0.588966 0.12302199999999996 0.0324 0.0304
0 0.620966 0.1014219999999999 0.0316 0.034134
0 0.490966 0.156088 0.03 0.031466
0 0.457366 0.18355600000000005 0.0308 0.0352
0 0.392766 0.19342199999999998 0.0344 0.032534
0 0.524966 0.13235599999999992 0.0292 0.027734
0 0.556366 0.14702199999999999 0.032 0.032534
0 0.620966 0.13848799999999994 0.0316 0.032534
0 0.422766 0.20808800000000005 0.0312 0.033066
0 0.490766 0.198488 0.032 0.0352
0 0.523566 0.17208800000000002 0.032 0.0336
0 0.588966 0.161956 0.0324 0.032534
0 0.556166 0.18782199999999993 0.0324 0.030934
0 0.292966 0.18968800000000008 0.0348 0.031466
0 0.324366 0.20382199999999995 0.0336 0.029866
0 0.356966 0.220356 0.0324 0.030934
0 0.388766 0.23502200000000006 0.0312 0.034666
0 0.456566 0.2235560000000001 0.0332 0.034134
0 0.420766 0.25022199999999994 0.0328 0.034134
0 0.384766 0.2766219999999999 0.0328 0.035734
0 0.351766 0.2619560000000001 0.0332 0.032
0 0.314966 0.28888800000000003 0.0388 0.0368
0 0.348166 0.30568799999999996 0.0388 0.0384
0 0.588566 0.2032879999999999 0.0308 0.029866
0 0.522966 0.2131559999999999 0.0332 0.0336
0 0.488366 0.2395560000000001 0.0352 0.030934
0 0.453366 0.2680880000000001 0.0316 0.035734
0 0.419766 0.2950219999999999 0.038 0.034134
0 0.486366 0.2835559999999999 0.0336 0.041066
0 0.520366 0.255822 0.032 0.035734
0 0.620366 0.17662200000000006 0.0304 0.032
0 0.620566 0.21822199999999992 0.0324 0.034134
0 0.652566 0.23422199999999993 0.0316 0.036266
0 0.620166 0.26035600000000003 0.034 0.0352
0 0.554166 0.22888799999999998 0.0348 0.034134
0 0.587166 0.24435600000000002 0.0352 0.0384
0 0.553166 0.27342200000000005 0.0384 0.041066
0 0.343134 0.04848800000000009 0.034 0.028444
0 0.283516 0.02237800000000001 0.032234 0.0284
0 0.3126 0.03617800000000004 0.034 0.029956
0 0.279484 0.05808799999999992 0.0357 0.030756
0 0.2501 0.045021999999999895 0.036866 0.032266
0 0.244334 0.08226599999999995 0.036866 0.034578
0 0.273434 0.09608799999999995 0.034 0.029956
0 0.267966 0.134112 0.036866 0.033822
0 0.26335 0.17288799999999993 0.0357 0.036088
0 0.88095 0.3173999999999999 0.033834 0.041112
0 0.900366 0.11304399999999992 0.028866 0.030534
0 0.908316 0.1893339999999999 0.032834 0.034488
0 0.8843 0.3621780000000001 0.0304 0.037778
0 0.91505 0.3336220000000001 0.0325 0.035956
0 0.95065 0.35020000000000007 0.029034 0.0396
0 0.888084 0.4096439999999999 0.0311 0.0424
0 0.920584 0.3787560000000001 0.0325 0.037778
0 0.8563 0.4382219999999999 0.032466 0.040534
0 0.859416 0.4856879999999999 0.033166 0.039644
0 0.863216 0.5386660000000001 0.035234 0.046044
0 0.98175 0.323488 0.033166 0.041466
0 0.956534 0.396266 0.032466 0.037778
0 0.893966 0.45664400000000005 0.035934 0.040578
0 0.650416 0.03646600000000011 0.029966 0.030712
0 0.7473 0.341688 0.032334 0.040444
0 0.7498 0.38880000000000003 0.033334 0.036888
0 0.716466 0.41768800000000006 0.032666 0.039556
0 0.8123 0.285466 0.032334 0.037334
0 0.814966 0.3312440000000001 0.031666 0.036444
0 0.782466 0.3592439999999999 0.030666 0.038222
0 0.847466 0.3050219999999999 0.032 0.035556
0 0.879966 0.274578 0.033666 0.039556
0 0.8493 0.34746600000000005 0.032334 0.037778
0 0.817634 0.3763559999999999 0.033666 0.040444
0 0.7843 0.405022 0.033 0.04
0 0.751634 0.43524399999999996 0.033 0.040888
0 0.716966 0.465244 0.033 0.038666
0 0.753134 0.4836879999999999 0.034 0.040888
0 0.718634 0.513466 0.035666 0.042666
0 0.7553 0.5327999999999999 0.034334 0.044888
0 0.720234 0.565844 0.036466 0.043422
0 0.757466 0.5868 0.036666 0.046222
0 0.787466 0.4536880000000001 0.034 0.042222
0 0.789966 0.501466 0.034334 0.042666
0 0.7928 0.5528 0.034 0.045778
0 0.8208 0.42168800000000006 0.032666 0.041334
0 0.823566 0.46902200000000005 0.033534 0.04
0 0.827134 0.5187999999999999 0.034666 0.041778
0 0.828566 0.5716220000000001 0.0342 0.045466
0 0.852966 0.393022 0.031666 0.040888
0 0.620166 0.0270220000000001 0.0284 0.0304
0 0.529566 0.020621999999999918 0.0304 0.028266
0 0.560166 0.03368799999999994 0.03 0.029866
0 0.589566 0.04915599999999998 0.0296 0.0288
0 0.619966 0.06142200000000009 0.0312 0.0288
0 0.437166 0.017956000000000083 0.0304 0.0272
0 0.467366 0.03048800000000007 0.03 0.027734
0 0.497966 0.044087999999999905 0.0304 0.029334
0 0.405166 0.03902199999999989 0.0312 0.0288
0 0.434766 0.05368799999999996 0.0288 0.026134
0 0.465166 0.06702199999999991 0.0312 0.0304
0 0.528366 0.058221999999999996 0.0296 0.030934
0 0.401166 0.077156 0.0288 0.0304
0 0.431766 0.0904879999999999 0.0316 0.029334
0 0.374966 0.025155999999999956 0.0308 0.0288
0 0.371566 0.061687999999999965 0.0304 0.028266
0 0.496366 0.07982200000000006 0.0304 0.0304
0 0.525766 0.09555599999999997 0.03 0.029866
0 0.558566 0.07155599999999995 0.03 0.029866
0 0.588966 0.08542200000000011 0.0308 0.0288
0 0.337166 0.08728800000000003 0.0304 0.031466
0 0.896734 0.507334 0.0332 0.046044
0 0.925416 0.42806600000000006 0.0325 0.046088
0 0.930266 0.476 0.032466 0.0424
0 0.932334 0.5285340000000001 0.038 0.044266
0 0.961716 0.44419999999999993 0.033166 0.0396
0 0.96655 0.49166599999999994 0.034566 0.042356
0 0.973116 0.5437559999999999 0.038034 0.048844
0 0.713934 0.37022200000000005 0.0336 0.039022
