0 0.880458 0.967578 0.0775 0.047968
0 0.761812 0.945312 0.064792 0.037812
0 0.958896 0.842718 0.068124 0.04125
0 0.93275 0.778578 0.07375 0.039532
0 0.891916 0.588968 0.065834 0.03375
0 0.869834 0.537172 0.051666 0.030782
0 0.908688 0.63889 0.063542 0.037344
0 0.927542 0.699672 0.070834 0.041718
0 0.818896 0.682954 0.054792 0.032344
0 0.803688 0.626624 0.053958 0.031876
0 0.823896 0.759984 0.064376 0.044218
0 0.718584 0.742954 0.053334 0.034844
0 0.71848 0.666 0.061458 0.037812
0 0.70598 0.612406 0.056458 0.035
0 0.78827 0.573578 0.066042 0.037344
0 0.695146 0.559126 0.059374 0.03375
0 0.771084 0.527094 0.055834 0.032188
0 0.64525 0.923664 0.05875 0.03661
0 0.74849 0.87539 0.06048 0.039844
0 0.85952 0.893704 0.063084 0.039532
0 0.846344 0.823718 0.069562 0.046
0 0.73273 0.805414 0.067834 0.04439
0 0.61977 0.786132 0.062208 0.033704
0 0.633802 0.849304 0.066104 0.038234
0 0.61048 0.725218 0.066958 0.039532
0 0.616094 0.647782 0.059188 0.033688
0 0.608958 0.597242 0.057874 0.037578
0 0.59751 0.546046 0.058312 0.0285
0 0.510468 0.582172 0.057896 0.030782
0 0.519968 0.636282 0.05702 0.031438
0 0.509812 0.707078 0.057458 0.036282
0 0.347062 0.964218 0.061666 0.036876
0 0.236958 0.942032 0.062708 0.036876
0 0.31175 0.862032 0.055208 0.036562
0 0.420916 0.883204 0.055624 0.033906
0 0.530396 0.903516 0.05875 0.034844
0 0.522896 0.836406 0.058334 0.035626
0 0.417896 0.816328 0.060834 0.033282
0 0.518416 0.767656 0.057708 0.036562
0 0.415084 0.752266 0.056458 0.033906
0 0.411438 0.693046 0.0525 0.028282
0 0.309458 0.795312 0.057708 0.034688
