0 0.019816000000000056 0.027771999999999908 0.023384 0.03182
0 0.022745999999999933 0.062238000000000016 0.025738 0.034476
0 0.042729999999999935 0.041956000000000104 0.023984 0.034206
0 0.06417600000000001 0.053755999999999915 0.024384 0.036046
0 0.04584600000000005 0.07324200000000003 0.02437 0.034728
0 0.0271300000000001 0.09525199999999989 0.021246 0.032594
0 0.08718399999999993 0.0680639999999999 0.0236 0.035
0 0.06865399999999999 0.08848400000000001 0.025154 0.03659
0 0.04857599999999995 0.10691399999999995 0.024754 0.035252
0 0.029762000000000066 0.12693599999999994 0.0238 0.03341
0 0.1079460000000001 0.07946600000000004 0.020662 0.03341
0 0.09010800000000008 0.10042799999999996 0.0228 0.035
0 0.07002400000000009 0.12057600000000002 0.021646 0.031276
0 0.05101599999999995 0.13952999999999993 0.023016 0.02998
0 0.03336199999999989 0.16074199999999994 0.026324 0.030482
0 0.1341699999999999 0.09198799999999996 0.027908 0.035188
0 0.11314599999999997 0.11342999999999992 0.027092 0.0341
0 0.09333799999999992 0.13515600000000005 0.025476 0.033536
0 0.116792 0.14534599999999998 0.025492 0.035252
0 0.07412400000000008 0.1541220000000001 0.025876 0.038494
0 0.05565400000000009 0.17495799999999995 0.021646 0.036318
0 0.09670000000000001 0.17017799999999994 0.0238 0.038974
0 0.07729999999999992 0.1894039999999999 0.024754 0.035544
0 0.013338000000000072 0.18146400000000007 0.020862 0.032846
0 0.09884599999999999 0.20266800000000007 0.023016 0.02705
0 0.03625400000000001 0.19552400000000003 0.02223 0.03343
0 0.0794459999999999 0.22215399999999996 0.02437 0.031046
0 0.05672999999999995 0.206256 0.019892 0.028912
0 0.08197600000000005 0.2538499999999999 0.018908 0.03343
0 0.06170000000000009 0.24230200000000002 0.021646 0.032092
0 0.03937600000000008 0.2279819999999999 0.02457 0.034748
0 0.015292000000000083 0.21366200000000002 0.02163 0.028368
0 0.02027000000000001 0.24826400000000004 0.0234 0.034476
0 0.042200000000000015 0.262448 0.0232 0.033138
0 0.0634539999999999 0.27491599999999994 0.020876 0.031548
0 0.046024000000000065 0.29603599999999997 0.021062 0.031192
0 0.023207999999999895 0.280292 0.022692 0.032134
0 0.027724000000000082 0.31510400000000005 0.025262 0.035272
0 0.02901599999999993 0.34568 0.02157 0.02931
0 0.01132399999999989 0.36743799999999993 0.021908 0.032532
0 0.12462400000000007 0.02581600000000006 0.024938 0.037112
0 0.14602399999999993 0.040251999999999954 0.018538 0.034812
0 0.06230000000000002 0.01963399999999993 0.022908 0.032072
0 0.08352399999999993 0.03498000000000001 0.0256 0.035272
0 0.10677599999999998 0.048734000000000055 0.023584 0.033452
0 0.1281699999999999 0.059037999999999924 0.025938 0.033892
