0 0.10698999999999992 0.392268 0.188604 0.280112
0 0.3182560000000001 0.390868 0.179532 0.282912
0 0.502318 0.409074 0.174094 0.263298
0 0.6918219999999999 0.416074 0.17227 0.266098
0 0.8858600000000001 0.43008 0.175906 0.271714
0 0.20582199999999995 0.669574 0.190416 0.291328
0 0.41346400000000005 0.673782 0.177718 0.294112
0 0.604776 0.67938 0.172282 0.288512
0 0.789744 0.68078 0.172282 0.274514
0 0.6093120000000001 0.169574 0.174084 0.260498
0 0.40801599999999993 0.147168 0.177718 0.277312
0 0.794276 0.175172 0.181344 0.260498
