0 0.318648 0.06145800000000001 0.042234 0.055334
0 0.323016 0.14688600000000007 0.042218 0.051438
0 0.385992 0.1100000000000001 0.038578 0.0495
0 0.448234 0.07359399999999994 0.043688 0.05048
0 0.511218 0.033792000000000044 0.0415 0.048542
0 0.634976 0.04350999999999994 0.040046 0.054354
0 0.572368 0.08184400000000003 0.042954 0.051438
0 0.511578 0.12067800000000006 0.037844 0.051438
0 0.45079 0.15658400000000006 0.042954 0.055334
0 0.389266 0.1934800000000001 0.039312 0.053376
0 0.80061 0.40849 0.036406 0.044646
0 0.796968 0.4866459999999999 0.034938 0.045624
0 0.848046 0.5235719999999999 0.03575 0.050562
0 0.85314 0.45174000000000003 0.034282 0.046688
0 0.857868 0.377 0.036454 0.050584
0 0.860782 0.3017700000000001 0.036468 0.051542
0 0.865508 0.22459399999999996 0.037204 0.050562
0 0.87061 0.14354200000000006 0.038656 0.051542
0 0.87425 0.06198999999999999 0.038656 0.04573
0 0.904828 0.4920199999999999 0.032844 0.045708
0 0.91029 0.41679200000000005 0.035016 0.046708
0 0.914656 0.34399 0.037938 0.05252
0 0.91793 0.26779200000000003 0.037204 0.051542
0 0.926304 0.18818800000000002 0.037922 0.0535
0 0.931766 0.10859400000000008 0.038656 0.049604
0 0.93832 0.027509999999999923 0.038672 0.05248
0 0.97982 0.23235399999999995 0.037204 0.050584
0 0.973266 0.3081259999999999 0.037218 0.04875
0 0.968172 0.38330200000000003 0.03575 0.04573
0 0.961618 0.455136 0.035734 0.04377
0 0.95543 0.5303640000000001 0.036484 0.046688
0 0.32629 0.2308539999999999 0.040046 0.048542
0 0.329938 0.3129059999999999 0.0415 0.053312
0 0.391812 0.2735620000000001 0.0415 0.052416
0 0.452226 0.23473999999999995 0.040078 0.05823
0 0.512304 0.20124999999999993 0.040766 0.0495
0 0.572008 0.16338600000000003 0.043672 0.053396
0 0.63389 0.1269800000000001 0.039312 0.052416
0 0.695774 0.08912399999999998 0.043672 0.054376
0 0.756922 0.052240000000000064 0.039312 0.054354
0 0.816624 0.09786399999999995 0.040782 0.054354
0 0.754016 0.13522999999999996 0.039312 0.055334
0 0.693226 0.17164599999999997 0.040046 0.052416
0 0.633524 0.20900999999999992 0.038578 0.04952
0 0.573094 0.2458959999999999 0.0415 0.053376
0 0.514156 0.27991600000000005 0.03575 0.047666
0 0.4515 0.3177080000000001 0.038562 0.0475
0 0.393274 0.35121800000000003 0.03714 0.04852
0 0.33539 0.3866560000000001 0.034938 0.043688
0 0.336126 0.46042800000000006 0.036406 0.053396
0 0.39618 0.431292 0.03861 0.047584
0 0.399094 0.506052 0.037126 0.051438
0 0.455516 0.46916599999999997 0.039312 0.0495
0 0.455516 0.395386 0.036406 0.051438
0 0.514836 0.510416 0.032796 0.046584
0 0.510484 0.44927000000000006 0.038594 0.052416
0 0.513766 0.3623860000000001 0.039312 0.04952
0 0.572368 0.32404199999999994 0.035672 0.044666
0 0.571282 0.39927 0.036406 0.047584
0 0.571282 0.4744999999999999 0.039312 0.048542
0 0.62843 0.5128440000000001 0.035672 0.047562
0 0.63025 0.44198000000000004 0.036406 0.0495
0 0.63207 0.365302 0.03714 0.043688
0 0.632438 0.2861880000000001 0.039312 0.048542
0 0.691406 0.2526980000000001 0.039312 0.047562
0 0.689954 0.33035400000000004 0.036406 0.0495
0 0.687766 0.404126 0.034938 0.047584
0 0.685218 0.480812 0.037124 0.045624
0 0.74018 0.5186660000000001 0.033484 0.04175
0 0.742368 0.4463440000000001 0.033484 0.04077
0 0.745274 0.37063599999999997 0.03786 0.04852
0 0.748554 0.294438 0.03714 0.051458
0 0.750742 0.21580200000000005 0.038578 0.051438
0 0.81189 0.18037400000000003 0.038594 0.054376
0 0.807524 0.2604580000000001 0.040046 0.051458
0 0.803882 0.338114 0.035672 0.04952
