0 0.318614 0.050508 0.078062 0.058328
0 0.13201 0.11353999999999997 0.095146 0.061984
0 0.095062 0.240688 0.099458 0.066126
0 0.052604 0.3872960000000001 0.093958 0.069782
0 0.256072 0.31328200000000006 0.090354 0.064688
0 0.287782 0.17564000000000002 0.09027 0.062468
0 0.518968 0.11307800000000001 0.089562 0.062906
0 0.495146 0.24158600000000008 0.084708 0.060578
0 0.467062 0.3827339999999999 0.088376 0.067968
0 0.65377 0.31079600000000007 0.090374 0.063406
0 0.824198 0.3820159999999999 0.090354 0.063782
0 0.682428 0.048475999999999964 0.078062 0.058328
0 0.830822 0.24002400000000002 0.079188 0.05839
0 0.67051 0.17215599999999998 0.083562 0.061938
0 0.844928 0.11033599999999999 0.078062 0.058328
