0 0.02495399999999992 0.347386 0.03575 0.047646
0 0.0329600000000001 0.27409400000000006 0.04011 0.048646
0 0.038421999999999956 0.1944999999999999 0.036468 0.046708
0 0.04570399999999997 0.11635400000000007 0.040844 0.057374
0 0.052618000000000054 0.034812000000000065 0.04011 0.055416
0 0.10758599999999996 0.08141599999999993 0.03939 0.047666
0 0.09881999999999991 0.16052 0.036422 0.050584
0 0.5740160000000001 0.5532919999999999 0.030844 0.039166
0 0.5866480000000001 0.48924999999999996 0.03186 0.043208
0 0.601812 0.414428 0.033874 0.041854
0 0.615718 0.34469799999999995 0.037406 0.04648
0 0.6292960000000001 0.5250520000000001 0.033938 0.041188
0 0.645726 0.454604 0.037454 0.04725
0 0.660164 0.38348000000000004 0.034984 0.042542
0 0.6742900000000001 0.311396 0.033922 0.042626
0 0.6318280000000001 0.2709060000000001 0.041 0.043896
0 0.7182740000000001 0.3514679999999999 0.033922 0.041854
0 0.7026319999999999 0.421562 0.03589 0.043208
0 0.684906 0.4947079999999999 0.032906 0.042542
0 0.669008 0.5597300000000001 0.030422 0.041792
0 0.724852 0.529042 0.03089 0.03725
0 0.7430540000000001 0.4610000000000001 0.038984 0.050624
0 0.7605 0.38921800000000006 0.035438 0.041854
0 0.776422 0.31776000000000004 0.036968 0.045896
0 0.7336959999999999 0.27698 0.036454 0.042542
0 0.7655460000000001 0.5634680000000001 0.032406 0.041188
0 0.7809680000000001 0.49774000000000007 0.029876 0.044562
0 0.7994300000000001 0.4286460000000001 0.036454 0.043874
0 0.8161099999999999 0.3548340000000001 0.033406 0.043208
0 0.833304 0.286052 0.033422 0.044604
0 0.8196479999999999 0.533136 0.032422 0.041188
0 0.85832 0.568864 0.03089 0.03848
0 0.838868 0.46471799999999996 0.036454 0.041854
0 0.875766 0.501458 0.032406 0.039834
0 0.9152039999999999 0.537188 0.034438 0.035792
0 0.9346639999999999 0.46876000000000007 0.033922 0.041854
0 0.896242 0.432698 0.035954 0.041188
0 0.857054 0.3949480000000001 0.039484 0.04523
0 0.951352 0.40033399999999997 0.034922 0.0385
0 0.913438 0.36224999999999996 0.034938 0.041874
0 0.875008 0.32416599999999995 0.033922 0.042542
0 0.9735940000000001 0.3298859999999999 0.034938 0.044562
0 0.933406 0.2918019999999999 0.035438 0.041188
0 0.89371 0.2513540000000001 0.036954 0.046584
0 0.952868 0.21663600000000005 0.035954 0.041854
0 0.79386 0.244626 0.035438 0.046584
0 0.26108599999999993 0.20455200000000007 0.036266 0.046062
0 0.3706179999999999 0.2143759999999999 0.03539 0.046624
0 0.478874 0.22196799999999994 0.036282 0.043812
0 0.5848599999999999 0.22926000000000002 0.034968 0.046062
0 0.932226 0.09949999999999992 0.033704 0.042708
0 0.8905240000000001 0.05511400000000011 0.037922 0.047188
0 0.2231399999999999 0.49767800000000006 0.033874 0.046562
0 0.23122599999999993 0.427562 0.03489 0.046584
0 0.241336 0.35477000000000003 0.03489 0.043876
0 0.25043799999999994 0.2812920000000001 0.033874 0.047916
0 0.2683899999999999 0.5361039999999999 0.034376 0.047916
0 0.28001600000000004 0.4666779999999999 0.033376 0.041188
0 0.28936800000000007 0.39487399999999995 0.03489 0.045916
0 0.2989679999999999 0.3214060000000001 0.036906 0.044562
0 0.31060200000000004 0.24791600000000003 0.03489 0.045916
0 0.32653200000000004 0.5064379999999999 0.033376 0.039834
0 0.33664000000000005 0.4339679999999999 0.033376 0.04052
0 0.3467499999999999 0.36151 0.033376 0.043896
0 0.358382 0.28836400000000006 0.03539 0.044562
0 0.37178200000000006 0.5415000000000001 0.031844 0.0385
0 0.38189000000000006 0.47307199999999994 0.032874 0.037812
0 0.39402399999999993 0.4012819999999999 0.03489 0.039854
0 0.405648 0.328468 0.03489 0.041188
0 0.4177820000000001 0.25432199999999994 0.036906 0.046562
0 0.42738999999999994 0.512178 0.031844 0.03377
0 0.44028200000000006 0.4390320000000001 0.033376 0.04252
0 0.4531799999999999 0.3692599999999999 0.03589 0.045896
0 0.46531199999999995 0.296114 0.034876 0.04523
0 0.4731479999999999 0.546886 0.029328 0.034438
0 0.48452399999999995 0.4798119999999999 0.03186 0.035126
0 0.497922 0.410042 0.033376 0.042542
0 0.510804 0.33724 0.03589 0.043896
0 0.5256959999999999 0.26376 0.03736 0.041188
0 0.529266 0.5169379999999999 0.033376 0.041958
0 0.5429219999999999 0.44779199999999997 0.035406 0.04525
0 0.5575859999999999 0.375656 0.03539 0.04523
0 0.5702179999999999 0.30285399999999996 0.036406 0.046584
0 0.538726 0.1882600000000001 0.036234 0.046062
0 0.4298120000000001 0.1798439999999999 0.036656 0.047188
0 0.32132000000000005 0.1705620000000001 0.037078 0.04775
0 0.2709680000000001 0.12703200000000003 0.033282 0.044938
0 0.28107799999999994 0.046697999999999906 0.033282 0.044938
0 0.3326960000000001 0.09135399999999994 0.037078 0.048876
0 0.38156999999999996 0.1376980000000001 0.037922 0.044938
0 0.49090600000000006 0.14501000000000008 0.038344 0.046062
0 0.44206199999999995 0.09949000000000008 0.035874 0.04602
0 0.39315600000000006 0.05371799999999993 0.0375 0.04998
0 0.6463760000000001 0.19557200000000008 0.035812 0.046062
0 0.6002339999999999 0.15315600000000007 0.037906 0.04548
0 0.5526260000000001 0.10877000000000003 0.037062 0.046624
0 0.504804 0.06552000000000002 0.03664 0.046624
0 0.569054 0.029562000000000088 0.040454 0.04775
0 0.61582 0.07309399999999999 0.03539 0.048312
0 0.662164 0.11859400000000009 0.034546 0.048312
0 0.6916640000000001 0.23769799999999996 0.036234 0.043812
0 0.751282 0.20342799999999994 0.036656 0.044938
0 0.707454 0.16130200000000006 0.0375 0.043812
0 0.680078 0.038834000000000035 0.0375 0.048292
0 0.724734 0.08349999999999991 0.0375 0.046624
0 0.768124 0.12703200000000003 0.038344 0.044938
0 0.8115319999999999 0.16887399999999997 0.035812 0.04325
0 0.853024 0.21129200000000004 0.036234 0.044958
0 0.9724680000000001 0.1410720000000001 0.035812 0.044938
0 0.911376 0.1784380000000001 0.034126 0.044374
0 0.8707260000000001 0.13405200000000006 0.03539 0.04327
0 0.8309059999999999 0.09107200000000004 0.036656 0.047188
0 0.7860400000000001 0.046135999999999955 0.037078 0.048312
0 0.09048400000000001 0.240124 0.038656 0.04475
0 0.08137400000000006 0.31534400000000007 0.037938 0.039896
0 0.07628199999999996 0.38767799999999997 0.036468 0.046688
0 0.06864000000000003 0.46286399999999994 0.032844 0.04177
0 0.062086000000000086 0.532292 0.034296 0.042916
0 0.11705399999999999 0.50027 0.03211 0.040876
0 0.12469599999999992 0.429416 0.037204 0.04475
0 0.13307000000000002 0.355156 0.037922 0.049604
0 0.14144599999999996 0.28283400000000003 0.034296 0.046708
0 0.1487179999999999 0.20663600000000004 0.032844 0.04573
0 0.15854600000000008 0.126552 0.037938 0.050562
0 0.1665620000000001 0.04694799999999999 0.037938 0.050562
