0 0.476077 0.341004 0.047846 0.072176
0 0.367723 0.874215 0.055754 0.060418
0 0.309873 0.874498 0.054915 0.059854
0 0.254538 0.874215 0.050723 0.063849
0 0.197531 0.874215 0.052400 0.061569
0 0.141565 0.875356 0.045269 0.064979
0 0.085815 0.877348 0.051138 0.063274
0 0.031527 0.877636 0.049885 0.066130
0 0.447538 0.810256 0.059523 0.078672
0 0.390946 0.808546 0.057015 0.070690
0 0.338546 0.807411 0.048631 0.072960
0 0.283423 0.810256 0.059938 0.068400
0 0.229765 0.811114 0.053238 0.067835
0 0.172965 0.810539 0.058685 0.065554
0 0.117000 0.813107 0.049046 0.062699
0 0.063135 0.811109 0.057854 0.066695
0 0.040496 0.741287 0.050300 0.078661
0 0.091846 0.746124 0.049046 0.072395
0 0.146554 0.743562 0.050308 0.071831
0 0.201677 0.739571 0.054077 0.071820
0 0.257642 0.739571 0.051977 0.068410
0 0.311931 0.742992 0.050723 0.070690
0 0.366004 0.741851 0.053238 0.072971
0 0.421550 0.744132 0.057008 0.068410
0 0.447746 0.676867 0.050723 0.070680
0 0.395346 0.674869 0.055754 0.074676
0 0.338965 0.672877 0.052823 0.068410
0 0.285308 0.674017 0.052815 0.070690
0 0.233331 0.672024 0.057015 0.067835
0 0.176112 0.669733 0.054915 0.071266
0 0.125177 0.680288 0.056169 0.067270
0 0.068165 0.676015 0.053654 0.068975
0 0.474788 0.608462 0.052823 0.070690
0 0.420712 0.609315 0.046946 0.063274
0 0.367054 0.605900 0.047785 0.057573
0 0.315492 0.606464 0.050308 0.062134
0 0.261627 0.607892 0.051562 0.067270
0 0.205662 0.607605 0.056169 0.066695
0 0.152404 0.608750 0.050269 0.072395
0 0.096458 0.610173 0.049885 0.072960
0 0.043219 0.608745 0.051562 0.066695
0 0.447538 0.540628 0.050308 0.063849
0 0.395138 0.541768 0.046108 0.069540
0 0.341900 0.542338 0.048631 0.070680
0 0.290758 0.540628 0.047792 0.066130
0 0.235423 0.537777 0.054492 0.066119
0 0.178835 0.539205 0.046115 0.071255
0 0.127692 0.539775 0.048631 0.070115
0 0.072358 0.542055 0.048623 0.070115
0 0.020746 0.542782 0.041492 0.068410
0 0.045519 0.473379 0.050300 0.069142
0 0.099596 0.468907 0.051808 0.067040
0 0.153423 0.472327 0.047785 0.068400
0 0.208504 0.473353 0.048285 0.071831
0 0.262077 0.472327 0.048800 0.072500
0 0.314396 0.476433 0.053823 0.069770
0 0.367965 0.475403 0.049300 0.069090
0 0.420535 0.470617 0.047792 0.070460
0 0.475115 0.475408 0.053323 0.077301
0 0.421731 0.348980 0.050708 0.072228
0 0.369515 0.345701 0.047692 0.065669
0 0.316696 0.348980 0.044669 0.060743
0 0.262069 0.354315 0.044062 0.066496
0 0.208946 0.352673 0.042862 0.066496
0 0.157035 0.350214 0.044069 0.064843
0 0.104515 0.352673 0.041646 0.059927
0 0.050488 0.348159 0.042254 0.062385
0 0.239431 0.283724 0.041046 0.055000
0 0.292854 0.284540 0.040446 0.055000
0 0.344165 0.283311 0.036823 0.050889
0 0.400000 0.282903 0.041046 0.059927
0 0.447688 0.279618 0.039838 0.054990
0 0.478173 0.219289 0.039238 0.059100
0 0.424146 0.219289 0.042262 0.059100
0 0.371331 0.216825 0.038031 0.057458
0 0.319715 0.217233 0.041046 0.056642
0 0.266596 0.217233 0.039838 0.056642
0 0.208946 0.220518 0.042862 0.058274
0 0.160354 0.221334 0.041046 0.053358
0 0.107231 0.220110 0.038631 0.057458
0 0.186612 0.287416 0.039238 0.055816
0 0.133796 0.286595 0.042254 0.052542
0 0.079162 0.284953 0.038031 0.057458
0 0.025738 0.284132 0.041046 0.054184
0 0.085200 0.156491 0.040446 0.053358
0 0.056258 0.223802 0.034792 0.051308
0 0.449258 0.154540 0.038562 0.050732
0 0.399162 0.154545 0.037308 0.054153
0 0.345715 0.153405 0.036892 0.054153
0 0.292685 0.155397 0.035631 0.053577
0 0.239869 0.153970 0.037308 0.056433
0 0.191662 0.157939 0.037308 0.055251
0 0.135488 0.155397 0.037315 0.057008
0 0.030273 0.153117 0.038146 0.057008
0 0.450723 0.029702 0.035631 0.049592
0 0.425992 0.092411 0.039831 0.054153
0 0.373065 0.094147 0.034931 0.049487
0 0.321246 0.092165 0.038431 0.049477
0 0.269723 0.093949 0.033769 0.049090
0 0.217904 0.093353 0.035515 0.047897
0 0.164923 0.096124 0.037846 0.052646
0 0.111504 0.095335 0.038715 0.051862
0 0.059831 0.094147 0.037262 0.052646
0 0.397662 0.030214 0.041631 0.058588
0 0.347304 0.027840 0.038715 0.055429
0 0.296792 0.029822 0.037846 0.056213
0 0.243519 0.032191 0.038423 0.054634
0 0.193596 0.034571 0.048038 0.064916
0 0.139012 0.035361 0.044254 0.067291
0 0.087342 0.036156 0.047454 0.068086
0 0.037562 0.032327 0.047446 0.064655
