0 0.021870000000000056 0.16712 0.033766 0.029024
0 0.0525199999999999 0.168028 0.033766 0.029024
0 0.08732399999999996 0.16712 0.033766 0.029024
0 0.12005200000000005 0.168028 0.033766 0.029024
0 0.104468 0.197052 0.033766 0.029024
0 0.08992200000000006 0.223356 0.033766 0.029024
0 0.07589599999999996 0.25238 0.033766 0.029024
0 0.060832 0.281406 0.033766 0.029024
0 0.04628600000000005 0.30907 0.033766 0.029024
0 0.03018199999999993 0.335374 0.033766 0.029024
0 0.04109000000000007 0.197052 0.033766 0.029024
0 0.07225999999999999 0.196598 0.033766 0.029024
0 0.02550600000000003 0.224264 0.033766 0.029024
0 0.05719399999999997 0.226984 0.033766 0.029024
0 0.0452459999999999 0.253742 0.033766 0.029024
0 0.029662000000000077 0.28186 0.033766 0.029024
0 0.017714000000000008 0.480046 0.033766 0.029024
0 0.0504420000000001 0.480498 0.033766 0.029024
0 0.146026 0.169842 0.033766 0.029024
0 0.1792720000000001 0.168934 0.033766 0.029024
0 0.20992199999999994 0.168934 0.033766 0.029024
0 0.2416100000000001 0.168934 0.033766 0.029024
0 0.27122 0.169388 0.033766 0.029024
0 0.13615599999999994 0.198412 0.033766 0.029024
0 0.16576600000000008 0.198412 0.033766 0.029024
0 0.19745400000000002 0.197506 0.033766 0.029024
0 0.22706399999999993 0.198866 0.033766 0.029024
0 0.254078 0.199774 0.033766 0.029024
0 0.28109000000000006 0.20068 0.033766 0.029024
0 0.3169360000000001 0.19932 0.033766 0.029024
0 0.34291000000000005 0.200226 0.033766 0.029024
0 0.37875400000000004 0.201134 0.033766 0.029024
0 0.1190119999999999 0.22653 0.033766 0.029024
0 0.15485799999999994 0.226984 0.033766 0.029024
0 0.18602600000000002 0.22653 0.033766 0.029024
0 0.21252000000000004 0.22517 0.033766 0.029024
0 0.24316800000000005 0.226078 0.033766 0.029024
0 0.27329800000000004 0.22653 0.033766 0.029024
0 0.30498800000000004 0.225624 0.033766 0.029024
0 0.33303799999999995 0.226984 0.033766 0.029024
0 0.36316799999999994 0.226984 0.033766 0.029024
0 0.3891420000000001 0.226984 0.033766 0.029024
0 0.41615599999999997 0.228344 0.033766 0.029024
0 0.10654600000000003 0.253742 0.033766 0.029024
0 0.13979199999999992 0.253742 0.033766 0.029024
0 0.1699219999999999 0.253742 0.033766 0.029024
0 0.19641599999999992 0.252834 0.033766 0.029024
0 0.23174000000000006 0.254196 0.033766 0.029024
0 0.25875399999999993 0.254196 0.033766 0.029024
0 0.2904420000000001 0.252834 0.033766 0.029024
0 0.3153760000000001 0.252834 0.033766 0.029024
0 0.3455060000000001 0.252834 0.033766 0.029024
0 0.3756360000000001 0.253288 0.033766 0.029024
0 0.406806 0.253288 0.033766 0.029024
0 0.4291419999999999 0.253742 0.033766 0.029024
0 0.46031200000000005 0.252834 0.033766 0.029024
0 0.09044199999999991 0.281406 0.033766 0.029024
0 0.12316799999999994 0.280952 0.033766 0.029024
0 0.153818 0.280498 0.033766 0.029024
0 0.18446800000000008 0.280498 0.033766 0.029024
0 0.21615600000000001 0.280952 0.033766 0.029024
0 0.24576599999999993 0.282766 0.033766 0.029024
0 0.2758959999999999 0.28186 0.033766 0.029024
0 0.30342800000000003 0.28186 0.033766 0.029024
0 0.33563600000000005 0.280952 0.033766 0.029024
0 0.36524599999999996 0.280952 0.033766 0.029024
0 0.39226000000000005 0.281406 0.033766 0.029024
0 0.4213499999999999 0.28186 0.033766 0.029024
0 0.44524600000000003 0.280952 0.033766 0.029024
0 0.47641599999999995 0.279592 0.033766 0.029024
0 0.50187 0.278232 0.033766 0.029024
0 0.07641600000000004 0.309524 0.033766 0.029024
0 0.10706400000000005 0.30907 0.033766 0.029024
0 0.140312 0.309978 0.033766 0.029024
0 0.17148000000000008 0.30907 0.033766 0.029024
0 0.2000519999999999 0.305442 0.033766 0.029024
0 0.23174000000000006 0.308164 0.033766 0.029024
0 0.26083199999999995 0.308164 0.033766 0.029024
0 0.29200000000000004 0.308164 0.033766 0.029024
0 0.3231679999999999 0.307256 0.033766 0.029024
0 0.3512200000000001 0.306802 0.033766 0.029024
0 0.37927200000000005 0.307256 0.033766 0.029024
0 0.40836399999999995 0.308616 0.033766 0.029024
0 0.43485799999999997 0.305896 0.033766 0.029024
0 0.46290999999999993 0.30771 0.033766 0.029024
0 0.4945980000000001 0.30771 0.033766 0.029024
0 0.5169360000000001 0.30635 0.033766 0.029024
0 0.549142 0.30635 0.033766 0.029024
0 0.06342800000000004 0.335828 0.033766 0.029024
0 0.0468059999999999 0.3644 0.033766 0.029024
0 0.030702000000000007 0.39297 0.033766 0.029024
0 0.01719399999999993 0.421996 0.033766 0.029024
0 0.09200000000000008 0.336282 0.033766 0.029024
0 0.08005200000000001 0.359864 0.033766 0.029024
0 0.06446799999999997 0.39025 0.033766 0.029024
0 0.04888399999999993 0.419728 0.033766 0.029024
0 0.035376000000000074 0.452834 0.033766 0.029024
0 0.12836399999999992 0.334014 0.033766 0.029024
0 0.10966199999999993 0.36077 0.033766 0.029024
0 0.09563600000000005 0.39025 0.033766 0.029024
0 0.08160999999999996 0.417914 0.033766 0.029024
0 0.06602599999999992 0.450566 0.033766 0.029024
0 0.15589600000000003 0.338548 0.033766 0.029024
0 0.1413500000000001 0.362586 0.033766 0.029024
0 0.1262859999999999 0.39161 0.033766 0.029024
0 0.11070200000000008 0.41746 0.033766 0.029024
0 0.09927200000000003 0.4483 0.033766 0.029024
0 0.08472799999999991 0.478232 0.033766 0.029024
0 0.183948 0.336734 0.033766 0.029024
0 0.17252 0.3644 0.033766 0.029024
0 0.15901199999999993 0.39025 0.033766 0.029024
0 0.1434280000000001 0.421542 0.033766 0.029024
0 0.13044199999999995 0.446032 0.033766 0.029024
0 0.11641600000000007 0.475964 0.033766 0.029024
0 0.2166760000000001 0.335374 0.033766 0.029024
0 0.20161000000000007 0.362586 0.033766 0.029024
0 0.1886239999999999 0.389342 0.033766 0.029024
0 0.17407799999999995 0.417006 0.033766 0.029024
0 0.16005200000000008 0.445124 0.033766 0.029024
0 0.14654600000000007 0.47415 0.033766 0.029024
0 0.24576599999999993 0.336734 0.033766 0.029024
0 0.2301820000000001 0.363038 0.033766 0.029024
0 0.2187539999999999 0.390702 0.033766 0.029024
0 0.20524600000000004 0.417914 0.033766 0.029024
0 0.19121999999999995 0.445124 0.033766 0.029024
0 0.17615599999999998 0.473696 0.033766 0.029024
0 0.276416 0.336282 0.033766 0.029024
0 0.26134999999999997 0.362586 0.033766 0.029024
0 0.24992199999999998 0.390702 0.033766 0.029024
0 0.233298 0.41746 0.033766 0.029024
0 0.22031200000000006 0.445124 0.033766 0.029024
0 0.20680600000000005 0.473242 0.033766 0.029024
0 0.3075840000000001 0.33356 0.033766 0.029024
0 0.2925199999999999 0.361224 0.033766 0.029024
0 0.27797399999999994 0.386622 0.033766 0.029024
0 0.2644679999999999 0.4161 0.033766 0.029024
0 0.2509619999999999 0.442404 0.033766 0.029024
0 0.23745400000000005 0.471882 0.033766 0.029024
0 0.338754 0.334468 0.033766 0.029024
0 0.320052 0.361224 0.033766 0.029024
0 0.30810399999999993 0.388436 0.033766 0.029024
0 0.2961560000000001 0.415192 0.033766 0.029024
0 0.2816099999999999 0.443764 0.033766 0.029024
0 0.2660260000000001 0.470522 0.033766 0.029024
0 0.3642080000000001 0.335374 0.033766 0.029024
0 0.35173999999999994 0.361224 0.033766 0.029024
0 0.3382339999999999 0.387074 0.033766 0.029024
0 0.3231679999999999 0.4161 0.033766 0.029024
0 0.31070200000000003 0.442404 0.033766 0.029024
0 0.29667599999999994 0.470068 0.033766 0.029024
0 0.393818 0.33356 0.033766 0.029024
0 0.4234279999999999 0.331746 0.033766 0.029024
0 0.4514800000000001 0.33084 0.033766 0.029024
0 0.478494 0.329932 0.033766 0.029024
0 0.5060260000000001 0.330386 0.033766 0.029024
0 0.5345979999999999 0.332654 0.033766 0.029024
0 0.56213 0.33356 0.033766 0.029024
0 0.3813500000000001 0.36077 0.033766 0.029024
0 0.3642080000000001 0.387074 0.033766 0.029024
0 0.3527800000000001 0.412926 0.033766 0.029024
0 0.34031199999999995 0.44195 0.033766 0.029024
0 0.3262860000000001 0.470068 0.033766 0.029024
0 0.41148000000000007 0.360318 0.033766 0.029024
0 0.393818 0.386622 0.033766 0.029024
0 0.38239 0.412926 0.033766 0.029024
0 0.36784400000000006 0.438322 0.033766 0.029024
0 0.355896 0.468254 0.033766 0.029024
0 0.44109 0.358956 0.033766 0.029024
0 0.42239000000000004 0.38526 0.033766 0.029024
0 0.41096200000000005 0.411564 0.033766 0.029024
0 0.399532 0.441496 0.033766 0.029024
0 0.3834280000000001 0.468254 0.033766 0.029024
0 0.46498799999999996 0.358956 0.033766 0.029024
0 0.4514800000000001 0.384354 0.033766 0.029024
0 0.43849399999999994 0.409298 0.033766 0.029024
0 0.4945980000000001 0.355328 0.033766 0.029024
0 0.5236879999999999 0.357142 0.033766 0.029024
0 0.48265 0.385714 0.033766 0.029024
0 0.4670639999999999 0.410658 0.033766 0.029024
0 0.4229099999999999 0.43923 0.033766 0.029024
0 0.4119999999999999 0.468708 0.033766 0.029024
0 0.55122 0.358504 0.033766 0.029024
0 0.5745979999999999 0.358956 0.033766 0.029024
0 0.6031679999999999 0.358956 0.033766 0.029024
0 0.508624 0.385714 0.033766 0.029024
0 0.4551160000000001 0.44059 0.033766 0.029024
0 0.44161000000000006 0.466894 0.033766 0.029024
0 0.46862399999999993 0.46508 0.033766 0.029024
0 0.48109 0.437868 0.033766 0.029024
0 0.4951159999999999 0.411112 0.033766 0.029024
0 0.5345979999999999 0.3839 0.033766 0.029024
0 0.524208 0.410204 0.033766 0.029024
0 0.5117400000000001 0.438776 0.033766 0.029024
0 0.49615600000000004 0.464626 0.033766 0.029024
0 0.5605720000000001 0.384354 0.033766 0.029024
0 0.5932980000000001 0.382994 0.033766 0.029024
0 0.617194 0.38254 0.033766 0.029024
0 0.5517399999999999 0.40975 0.033766 0.029024
0 0.578754 0.410204 0.033766 0.029024
0 0.605246 0.409298 0.033766 0.029024
0 0.63174 0.40975 0.033766 0.029024
0 0.5382340000000001 0.438776 0.033766 0.029024
0 0.5668059999999999 0.437414 0.033766 0.029024
0 0.59226 0.437414 0.033766 0.029024
0 0.6213500000000001 0.435148 0.033766 0.029024
0 0.6457660000000001 0.4356 0.033766 0.029024
0 0.525766 0.463718 0.033766 0.029024
0 0.5553760000000001 0.462812 0.033766 0.029024
0 0.579272 0.461904 0.033766 0.029024
0 0.606806 0.461452 0.033766 0.029024
0 0.635896 0.460544 0.033766 0.029024
0 0.6597919999999999 0.459638 0.033766 0.029024
0 0.686286 0.459184 0.033766 0.029024
0 0.05594800000000011 0.5317 0.033766 0.029024
0 0.020623999999999976 0.533514 0.033766 0.029024
0 0.03984399999999999 0.56254 0.033766 0.029024
0 0.054910000000000014 0.587936 0.033766 0.029024
0 0.02425999999999995 0.590658 0.033766 0.029024
0 0.042597999999999914 0.616258 0.034702 0.030976
0 0.057142000000000026 0.644376 0.034702 0.030976
0 0.02233799999999997 0.645736 0.034702 0.030976
0 0.04311599999999993 0.672494 0.034702 0.030976
0 0.05870200000000003 0.70152 0.034702 0.030976
0 0.04727199999999998 0.727824 0.034702 0.030976
0 0.060780000000000056 0.755942 0.034702 0.030976
0 0.04571400000000003 0.782698 0.034702 0.030976
0 0.06181799999999993 0.81127 0.034702 0.030976
0 0.04675399999999996 0.842562 0.034702 0.030976
0 0.032208000000000014 0.870226 0.034702 0.030976
0 0.017662000000000067 0.955942 0.034702 0.030976
0 0.026000000000000023 0.703334 0.034754 0.030976
0 0.03275399999999995 0.81127 0.034754 0.030976
0 0.03168799999999994 0.757756 0.034702 0.030976
0 0.3589880000000001 0.629184 0.029038 0.027256
0 0.328338 0.63009 0.029038 0.027256
0 0.3013239999999999 0.630998 0.029038 0.027256
0 0.2706759999999999 0.632812 0.029038 0.027256
0 0.25716800000000006 0.660476 0.029038 0.027256
0 0.28885800000000006 0.660476 0.029038 0.027256
0 0.3179479999999999 0.658662 0.029038 0.027256
0 0.34703799999999996 0.656394 0.029038 0.027256
0 0.24262399999999995 0.689954 0.029038 0.027256
0 0.27275399999999994 0.687234 0.029038 0.027256
0 0.30340199999999995 0.686326 0.029038 0.027256
0 0.3345720000000001 0.684966 0.029038 0.027256
0 0.228078 0.71898 0.029038 0.027256
0 0.25872800000000007 0.716712 0.029038 0.027256
0 0.2140519999999999 0.745736 0.029038 0.027256
0 0.24470199999999998 0.74347 0.029038 0.027256
0 0.27379200000000004 0.741656 0.029038 0.027256
0 0.30288399999999993 0.738028 0.029038 0.027256
0 0.2878179999999999 0.714898 0.029038 0.027256
0 0.318468 0.712176 0.029038 0.027256
0 0.11672799999999994 0.528888 0.025974 0.022222
0 0.145246 0.530022 0.025974 0.022222
0 0.17802600000000002 0.527302 0.025974 0.022222
0 0.2091940000000001 0.527302 0.025974 0.022222
0 0.23724600000000007 0.52458 0.025974 0.022222
0 0.2694540000000001 0.52322 0.025974 0.022222
0 0.29698800000000003 0.52186 0.025974 0.022222
0 0.13386999999999993 0.557688 0.025974 0.022222
0 0.16394799999999998 0.55542 0.025974 0.022222
0 0.19511600000000007 0.554966 0.025974 0.022222
0 0.225298 0.554058 0.025974 0.022222
0 0.25433799999999995 0.552698 0.025974 0.022222
0 0.11880599999999997 0.585352 0.025974 0.022222
0 0.13439 0.612108 0.025974 0.022222
0 0.11828599999999989 0.641134 0.025974 0.022222
0 0.12140200000000001 0.69737 0.025974 0.022222
0 0.13594799999999996 0.668344 0.025974 0.022222
0 0.28550600000000004 0.550884 0.025974 0.022222
0 0.269922 0.57991 0.025974 0.022222
0 0.25745400000000007 0.605306 0.025974 0.022222
0 0.2444679999999999 0.632064 0.025974 0.022222
0 0.2278960000000001 0.663356 0.025974 0.022222
0 0.2136880000000001 0.692336 0.028728 0.027574
0 0.19771399999999995 0.720498 0.025974 0.022222
0 0.18529799999999996 0.745896 0.025974 0.022222
0 0.17121999999999993 0.776282 0.025974 0.022222
0 0.15464999999999995 0.803492 0.025974 0.022222
0 0.14005200000000007 0.833878 0.025974 0.022222
0 0.15745399999999998 0.859092 0.025974 0.022222
0 0.18758399999999997 0.856826 0.025974 0.022222
0 0.21823400000000004 0.855918 0.025974 0.022222
0 0.24883199999999994 0.853198 0.025974 0.022222
0 0.21511600000000008 0.80059 0.025974 0.022222
0 0.140312 0.780182 0.025974 0.022222
0 0.12680599999999997 0.806486 0.025974 0.022222
0 0.12262400000000007 0.751452 0.029038 0.027256
0 0.18496200000000007 0.80152 0.029038 0.027256
0 0.171454 0.830998 0.029038 0.027256
0 0.2010639999999999 0.82873 0.029038 0.027256
0 0.2311939999999999 0.82737 0.029038 0.027256
0 0.26184399999999997 0.826916 0.029038 0.027256
0 0.2800260000000001 0.85186 0.029038 0.027256
0 0.29249400000000003 0.822834 0.029038 0.027256
0 0.30548 0.794264 0.029038 0.027256
0 0.31950600000000007 0.764784 0.029038 0.027256
0 0.3330120000000001 0.736214 0.029038 0.027256
0 0.34755800000000003 0.70991 0.029038 0.027256
0 0.36106400000000005 0.681338 0.029038 0.027256
0 0.3730119999999999 0.653674 0.029038 0.027256
0 0.387038 0.627824 0.029038 0.027256
0 0.24470199999999998 0.799252 0.029038 0.027256
0 0.2743119999999999 0.796984 0.029038 0.027256
0 0.15483200000000008 0.749818 0.029038 0.027256
0 0.13716799999999996 0.722154 0.029038 0.027256
0 0.16781800000000002 0.720794 0.029038 0.027256
0 0.15067600000000003 0.694944 0.029038 0.027256
0 0.18340200000000006 0.694036 0.029038 0.027256
0 0.19690999999999992 0.664558 0.029038 0.027256
0 0.1647019999999999 0.666826 0.029038 0.027256
0 0.40158399999999994 0.600158 0.029038 0.027256
0 0.41561000000000003 0.570226 0.029038 0.027256
0 0.42911600000000005 0.545284 0.029038 0.027256
0 0.441584 0.51762 0.029038 0.027256
0 0.1496360000000001 0.584286 0.029038 0.027256
0 0.148598 0.641428 0.029038 0.027256
0 0.1631419999999999 0.613764 0.029038 0.027256
0 0.1797660000000001 0.583378 0.029038 0.027256
0 0.1797660000000001 0.639614 0.029038 0.027256
0 0.19639000000000006 0.609682 0.029038 0.027256
0 0.2083379999999999 0.57975 0.029038 0.027256
0 0.24262399999999995 0.580658 0.029038 0.027256
0 0.22755799999999993 0.60923 0.029038 0.027256
0 0.21301199999999998 0.6378 0.029038 0.027256
0 0.32781799999999994 0.521248 0.029038 0.027256
0 0.3595060000000001 0.52034 0.029038 0.027256
0 0.38652 0.519434 0.029038 0.027256
0 0.41301199999999993 0.52034 0.029038 0.027256
0 0.31379200000000007 0.550272 0.029038 0.027256
0 0.344962 0.548912 0.029038 0.027256
0 0.37145399999999995 0.548912 0.029038 0.027256
0 0.40158399999999994 0.548004 0.029038 0.027256
0 0.1984680000000001 0.773854 0.029038 0.027256
0 0.22963599999999995 0.772948 0.029038 0.027256
0 0.2608060000000001 0.769774 0.029038 0.027256
0 0.288338 0.768866 0.029038 0.027256
0 0.301844 0.57975 0.029038 0.027256
0 0.33041600000000004 0.577936 0.029038 0.027256
0 0.36002599999999996 0.575216 0.029038 0.027256
0 0.38755800000000007 0.576122 0.029038 0.027256
0 0.28625999999999996 0.604694 0.029038 0.027256
0 0.3158700000000001 0.604694 0.029038 0.027256
0 0.3444419999999999 0.60288 0.029038 0.027256
0 0.3750899999999999 0.602426 0.029038 0.027256
0 0.5273760000000001 0.96331 0.027532 0.025396
0 0.609402 0.956508 0.027532 0.025396
0 0.6218699999999999 0.979184 0.027532 0.025396
0 0.7023900000000001 0.970566 0.027532 0.025396
0 0.7309619999999999 0.97102 0.027532 0.025396
0 0.6899219999999999 0.94653 0.027532 0.025396
0 0.717506 0.944264 0.027532 0.025396
0 0.7366760000000001 0.943356 0.027532 0.025396
0 0.7990120000000001 0.960136 0.027532 0.025396
0 0.816676 0.983718 0.027532 0.025396
0 0.384884 0.97805 0.027532 0.025396
0 0.41501199999999994 0.973062 0.027532 0.025396
0 0.4425460000000001 0.973062 0.027532 0.025396
0 0.661246 0.895964 0.027532 0.025396
0 0.6861820000000001 0.893696 0.027532 0.025396
0 0.7105980000000001 0.891428 0.027532 0.025396
0 0.7376100000000001 0.890068 0.027532 0.025396
0 0.634754 0.901406 0.027532 0.025396
0 0.6072200000000001 0.903674 0.027532 0.025396
0 0.5386500000000001 0.883718 0.027532 0.025396
0 0.566702 0.882812 0.027532 0.025396
0 0.592676 0.880998 0.027532 0.025396
0 0.6191679999999999 0.876462 0.027532 0.025396
0 0.6446240000000001 0.874648 0.027532 0.025396
0 0.672156 0.87102 0.027532 0.025396
0 0.69709 0.8683 0.027532 0.025396
0 0.7241040000000001 0.866032 0.027532 0.025396
0 0.5770900000000001 0.853786 0.027532 0.025396
0 0.6051420000000001 0.850612 0.027532 0.025396
0 0.6321559999999999 0.848344 0.027532 0.025396
0 0.6581300000000001 0.846078 0.027532 0.025396
0 0.6846239999999999 0.842448 0.027532 0.025396
0 0.712156 0.840634 0.027532 0.025396
0 0.7505980000000001 0.86195 0.027532 0.025396
0 0.7770900000000001 0.858322 0.027532 0.025396
0 0.762546 0.888254 0.027532 0.025396
0 0.7376100000000001 0.83882 0.027532 0.025396
0 0.763584 0.836554 0.027532 0.025396
0 0.793714 0.88508 0.027532 0.025396
0 0.5256620000000001 0.91093 0.027532 0.025396
0 0.5105980000000001 0.884172 0.027532 0.025396
0 0.48306399999999994 0.888708 0.027532 0.025396
0 0.44150599999999995 0.919092 0.027532 0.025396
0 0.45449399999999995 0.891428 0.027532 0.025396
0 0.4124159999999999 0.921814 0.027532 0.025396
0 0.42488400000000004 0.891882 0.027532 0.025396
0 0.383324 0.924988 0.027532 0.025396
0 0.3557920000000001 0.924988 0.027532 0.025396
0 0.3937139999999999 0.895056 0.027532 0.025396
0 0.3672200000000001 0.898684 0.027532 0.025396
0 0.5511159999999999 0.856508 0.027532 0.025396
0 0.522546 0.857414 0.027532 0.025396
0 0.496572 0.86059 0.027532 0.025396
0 0.46903800000000007 0.862404 0.027532 0.025396
0 0.43839000000000006 0.865124 0.027532 0.025396
0 0.41189600000000004 0.866938 0.027532 0.025396
0 0.381246 0.87102 0.027532 0.025396
0 0.33813000000000004 0.900498 0.027532 0.025396
0 0.351116 0.873288 0.027532 0.025396
0 0.20462399999999992 0.939502 0.027532 0.025396
0 0.2196880000000001 0.911836 0.027532 0.025396
0 0.2612460000000001 0.879184 0.027532 0.025396
0 0.2326760000000001 0.881452 0.027532 0.025396
0 0.17293599999999998 0.884626 0.027532 0.025396
0 0.19007799999999997 0.91093 0.027532 0.025396
0 0.203584 0.883718 0.027532 0.025396
0 0.14072799999999996 0.944944 0.027532 0.025396
0 0.1272200000000001 0.919092 0.027532 0.025396
0 0.6565719999999999 0.79483 0.027532 0.025396
0 0.6300779999999999 0.797098 0.027532 0.025396
0 0.6679999999999999 0.76898 0.027532 0.025396
0 0.640468 0.76898 0.027532 0.025396
0 0.602546 0.798912 0.027532 0.025396
0 0.682026 0.791656 0.027532 0.025396
0 0.695532 0.766712 0.027532 0.025396
0 0.615532 0.7717 0.027532 0.025396
0 0.576052 0.800726 0.027532 0.025396
0 0.5880000000000001 0.773514 0.027532 0.025396
0 0.54748 0.80254 0.027532 0.025396
0 0.55891 0.774876 0.027532 0.025396
0 0.519428 0.805714 0.027532 0.025396
0 0.5329360000000001 0.777142 0.027532 0.025396
0 0.49293600000000004 0.807074 0.027532 0.025396
0 0.504364 0.77941 0.027532 0.025396
0 0.7069620000000001 0.73814 0.027532 0.025396
0 0.6804680000000001 0.742676 0.027532 0.025396
0 0.653974 0.744036 0.027532 0.025396
0 0.62748 0.74585 0.027532 0.025396
0 0.603064 0.746758 0.027532 0.025396
0 0.576052 0.747664 0.027532 0.025396
0 0.548 0.75084 0.027532 0.025396
0 0.521506 0.7522 0.027532 0.025396
0 0.721506 0.760816 0.027532 0.025396
0 0.7095579999999999 0.789842 0.027532 0.025396
0 0.7360519999999999 0.787574 0.027532 0.025396
0 0.464364 0.809796 0.027532 0.025396
0 0.47787 0.782586 0.027532 0.025396
0 0.49137600000000003 0.754014 0.027532 0.025396
0 0.6939740000000001 0.714558 0.027532 0.025396
0 0.666962 0.716372 0.027532 0.025396
0 0.640468 0.717732 0.027532 0.025396
0 0.6150119999999999 0.719092 0.027532 0.025396
0 0.58748 0.72 0.027532 0.025396
0 0.5578700000000001 0.723174 0.027532 0.025396
0 0.5334540000000001 0.725442 0.027532 0.025396
0 0.5048840000000001 0.728616 0.027532 0.025396
0 0.681506 0.688708 0.027532 0.025396
0 0.652936 0.691882 0.027532 0.025396
0 0.6259220000000001 0.693242 0.027532 0.025396
0 0.5994280000000001 0.692336 0.027532 0.025396
0 0.5729359999999999 0.696418 0.027532 0.025396
0 0.5448839999999999 0.697324 0.027532 0.025396
0 0.519428 0.699138 0.027532 0.025396
0 0.43631200000000003 0.810702 0.027532 0.025396
0 0.44877999999999996 0.783946 0.027532 0.025396
0 0.4638439999999999 0.755374 0.027532 0.025396
0 0.4768319999999999 0.72907 0.027532 0.025396
0 0.490858 0.702312 0.027532 0.025396
0 0.378182 0.816146 0.027532 0.025396
0 0.39168800000000004 0.787574 0.027532 0.025396
0 0.4072720000000001 0.75991 0.027532 0.025396
0 0.4192199999999999 0.731792 0.027532 0.025396
0 0.4337660000000001 0.705488 0.027532 0.025396
0 0.7719480000000001 0.760362 0.027532 0.025396
0 0.7854540000000001 0.734512 0.027532 0.025396
0 0.7589619999999999 0.73542 0.027532 0.025396
0 0.7724679999999999 0.708662 0.027532 0.025396
0 0.743376 0.71093 0.027532 0.025396
0 0.7584420000000001 0.685532 0.027532 0.025396
0 0.731428 0.686894 0.027532 0.025396
0 0.706494 0.68644 0.027532 0.025396
0 0.7194799999999999 0.711384 0.027532 0.025396
0 0.733506 0.73678 0.027532 0.025396
0 0.7475320000000001 0.759456 0.027532 0.025396
0 0.76 0.78576 0.027532 0.025396
0 0.788052 0.7844 0.027532 0.025396
0 0.3511679999999999 0.816598 0.027532 0.025396
0 0.36363600000000007 0.790294 0.027532 0.025396
0 0.37662400000000007 0.76263 0.027532 0.025396
0 0.3901300000000001 0.734966 0.027532 0.025396
0 0.40467600000000004 0.706394 0.027532 0.025396
0 0.7423379999999999 0.659682 0.027532 0.025396
0 0.718442 0.661496 0.027532 0.025396
0 0.6909099999999999 0.664218 0.027532 0.025396
0 0.6670119999999999 0.666032 0.027532 0.025396
0 0.638442 0.665578 0.027532 0.025396
0 0.6129880000000001 0.667846 0.027532 0.025396
0 0.585974 0.6683 0.027532 0.025396
0 0.5563640000000001 0.670566 0.027532 0.025396
0 0.531428 0.671928 0.027532 0.025396
0 0.5038959999999999 0.673742 0.027532 0.025396
0 0.4753240000000001 0.676916 0.027532 0.025396
0 0.44779199999999997 0.67737 0.027532 0.025396
0 0.7288319999999999 0.635646 0.027532 0.025396
0 0.703376 0.637914 0.027532 0.025396
0 0.6794800000000001 0.639274 0.027532 0.025396
0 0.6509100000000001 0.639728 0.027532 0.025396
0 0.625974 0.641542 0.027532 0.025396
0 0.59948 0.642448 0.027532 0.025396
0 0.572468 0.644716 0.027532 0.025396
0 0.5449360000000001 0.646984 0.027532 0.025396
0 0.5148060000000001 0.64653 0.027532 0.025396
0 0.4903900000000001 0.647892 0.027532 0.025396
0 0.46181800000000006 0.650612 0.027532 0.025396
0 0.7984420000000001 0.807074 0.027532 0.025396
0 0.774546 0.810702 0.027532 0.025396
0 0.7480519999999999 0.812518 0.027532 0.025396
0 0.723636 0.815238 0.027532 0.025396
0 0.6961040000000001 0.815238 0.027532 0.025396
0 0.66961 0.81796 0.027532 0.025396
0 0.643116 0.820226 0.027532 0.025396
0 0.6171420000000001 0.822494 0.027532 0.025396
0 0.58961 0.825216 0.027532 0.025396
0 0.5625979999999999 0.82839 0.027532 0.025396
0 0.535064 0.82839 0.027532 0.025396
0 0.508572 0.834286 0.027532 0.025396
0 0.48052000000000006 0.833832 0.027532 0.025396
0 0.4524680000000001 0.836554 0.027532 0.025396
0 0.42285799999999996 0.841542 0.027532 0.025396
0 0.39376600000000006 0.843356 0.027532 0.025396
0 0.36623399999999995 0.844716 0.027532 0.025396
0 0.33662400000000003 0.84653 0.027532 0.025396
0 0.308052 0.849706 0.027532 0.025396
0 0.32103799999999993 0.822494 0.027532 0.025396
0 0.33506400000000003 0.792108 0.027532 0.025396
0 0.3490899999999999 0.76263 0.027532 0.025396
0 0.365194 0.73678 0.027532 0.025396
0 0.37854600000000005 0.706712 0.027532 0.025396
0 0.41896200000000006 0.680046 0.027532 0.025396
0 0.43350599999999995 0.650794 0.027532 0.025396
0 0.47480600000000006 0.62449 0.028572 0.025396
0 0.504416 0.624036 0.028572 0.025396
0 0.5324679999999999 0.620862 0.028572 0.025396
0 0.557402 0.619954 0.028572 0.025396
0 0.583896 0.619048 0.028572 0.025396
0 0.6114280000000001 0.61814 0.028572 0.025396
0 0.64052 0.61542 0.028572 0.025396
0 0.6644159999999999 0.61542 0.028572 0.025396
0 0.693506 0.614058 0.028572 0.025396
0 0.717922 0.612244 0.028572 0.025396
0 0.744416 0.610884 0.028572 0.025396
0 0.7303900000000001 0.585034 0.028572 0.025396
0 0.7044159999999999 0.587302 0.028572 0.025396
0 0.678442 0.588662 0.028572 0.025396
0 0.651948 0.58957 0.028572 0.025396
0 0.6264940000000001 0.590022 0.028572 0.025396
0 0.596884 0.59365 0.028572 0.025396
0 0.57039 0.593198 0.028572 0.025396
0 0.5428580000000001 0.59365 0.028572 0.025396
0 0.5148060000000001 0.596372 0.028572 0.025396
0 0.4867539999999999 0.597732 0.028572 0.025396
0 0.44571399999999994 0.62449 0.028572 0.025396
0 0.45974000000000004 0.597732 0.028572 0.025396
0 0.3870119999999999 0.679366 0.028572 0.025396
0 0.40311600000000003 0.654422 0.028572 0.025396
0 0.4166240000000001 0.626304 0.028572 0.025396
0 0.43168800000000007 0.599092 0.028572 0.025396
0 0.688312 0.562812 0.028572 0.025396
0 0.6644159999999999 0.561904 0.028572 0.025396
0 0.638962 0.564172 0.028572 0.025396
0 0.6109100000000001 0.56508 0.028572 0.025396
0 0.5828580000000001 0.566894 0.028572 0.025396
0 0.5553239999999999 0.566894 0.028572 0.025396
0 0.526754 0.5678 0.028572 0.025396
0 0.50078 0.570522 0.028572 0.025396
0 0.47584399999999993 0.570522 0.028572 0.025396
0 0.444156 0.570522 0.028572 0.025396
0 0.4566239999999999 0.542858 0.028572 0.025396
0 0.487792 0.541044 0.028572 0.025396
0 0.517922 0.541496 0.028572 0.025396
0 0.53922 0.54059 0.028572 0.025396
0 0.5698700000000001 0.54059 0.028572 0.025396
0 0.595844 0.540136 0.028572 0.025396
0 0.6233759999999999 0.537868 0.028572 0.025396
0 0.65039 0.537414 0.028572 0.025396
0 0.676364 0.536962 0.028572 0.025396
0 0.7153240000000001 0.561452 0.028572 0.025396
0 0.70078 0.534694 0.028572 0.025396
0 0.815064 0.884808 0.028572 0.025396
0 0.8 0.858956 0.028572 0.025396
0 0.8161039999999999 0.833106 0.028572 0.025396
0 0.8228580000000001 0.807256 0.028572 0.025396
0 0.812468 0.780952 0.028572 0.025396
0 0.798962 0.758276 0.028572 0.025396
0 0.8077920000000001 0.73424 0.028572 0.025396
0 0.7948059999999999 0.707936 0.028572 0.025396
0 0.784416 0.682994 0.028572 0.025396
0 0.7703899999999999 0.658956 0.028572 0.025396
0 0.756364 0.63356 0.028572 0.025396
0 0.767272 0.609524 0.028572 0.025396
0 0.7548060000000001 0.584126 0.028572 0.025396
0 0.7423379999999999 0.558276 0.028572 0.025396
0 0.7272719999999999 0.535148 0.028572 0.025396
0 0.713246 0.508844 0.028572 0.025396
0 0.686234 0.510204 0.028572 0.025396
0 0.6623380000000001 0.511564 0.028572 0.025396
0 0.636884 0.511564 0.028572 0.025396
0 0.608312 0.512472 0.028572 0.025396
0 0.581818 0.512926 0.028572 0.025396
0 0.5542860000000001 0.512926 0.028572 0.025396
0 0.5262340000000001 0.514286 0.028572 0.025396
0 0.49922 0.515192 0.028572 0.025396
0 0.47090999999999994 0.5161 0.028572 0.025396
0 0.7863899999999999 0.834058 0.027532 0.025396
0 0.40768800000000005 0.813198 0.027532 0.025396
0 0.422234 0.785532 0.027532 0.025396
0 0.43574 0.757868 0.027532 0.025396
0 0.4476880000000001 0.730658 0.027532 0.025396
0 0.46171399999999996 0.702086 0.027532 0.025396
