0 0.5530520000000001 0.600912 0.01193 0.023136
0 0.334608 0.833412 0.012932 0.025976
0 0.20974399999999993 0.718008 0.015118 0.027738
0 0.14215 0.505134 0.016174 0.030348
0 0.1864760000000001 0.497262 0.014664 0.028612
0 0.20746799999999999 0.515822 0.013844 0.029024
0 0.29285000000000005 0.421272 0.01448 0.02892
0 0.1645399999999999 0.521664 0.014508 0.028136
0 0.12094800000000006 0.527718 0.014936 0.029138
0 0.314708 0.439776 0.014116 0.027134
0 0.09763199999999994 0.511606 0.015664 0.03072
0 0.07454399999999994 0.535598 0.015938 0.030604
0 0.0985879999999999 0.5518 0.015938 0.030592
0 0.1425320000000001 0.547108 0.015118 0.028688
0 0.053598000000000035 0.559826 0.01521 0.02919
0 0.03064599999999995 0.583142 0.01612 0.03063
0 0.07577400000000001 0.576228 0.015118 0.02955
0 0.09895199999999993 0.59358 0.014846 0.030064
0 0.12090200000000006 0.569666 0.014846 0.02802
0 0.18670399999999998 0.539332 0.014936 0.028792
0 0.16488999999999998 0.563682 0.014846 0.027648
0 0.14312400000000003 0.586876 0.015028 0.028818
0 0.053506000000000054 0.601144 0.015392 0.030102
0 0.0318480000000001 0.626516 0.016156 0.029846
0 0.05455399999999999 0.643714 0.015846 0.027738
0 0.07662600000000008 0.618702 0.015728 0.029948
0 0.09981799999999996 0.635386 0.014208 0.028458
0 0.12213199999999991 0.61248 0.014936 0.027994
0 0.1438060000000001 0.627744 0.01348 0.027544
0 0.16447999999999996 0.605462 0.014026 0.026864
0 0.18652000000000002 0.580952 0.013844 0.02653
0 0.18697600000000003 0.62331 0.014208 0.02793
0 0.1654819999999999 0.64446 0.014208 0.02676
0 0.12217600000000006 0.652436 0.015028 0.027006
0 0.14441199999999998 0.669718 0.014872 0.028174
0 0.167076 0.68579 0.01448 0.026106
0 0.18752199999999997 0.661376 0.01439 0.026092
0 0.20869800000000005 0.638714 0.014846 0.02694
0 0.20856199999999991 0.557724 0.015664 0.02838
0 0.20837799999999995 0.598174 0.013662 0.025964
0 0.23006400000000005 0.574222 0.014408 0.028778
0 0.23019199999999995 0.534376 0.014116 0.02757
0 0.251112 0.551858 0.014244 0.027904
0 0.22982600000000009 0.615386 0.014664 0.027378
0 0.23037400000000008 0.655572 0.014116 0.026774
0 0.2089700000000001 0.679242 0.013934 0.02712
0 0.18825200000000009 0.701156 0.014208 0.025964
0 0.16703 0.725192 0.014572 0.026736
0 0.1443080000000001 0.708612 0.01448 0.028278
0 0.12301000000000006 0.69331 0.014326 0.029062
0 0.10054600000000002 0.678052 0.015664 0.028728
0 0.23001000000000005 0.696658 0.01357 0.025964
0 0.45714999999999995 0.48133 0.013206 0.025514
0 0.496904 0.435874 0.012386 0.026222
0 0.5180560000000001 0.413664 0.012068 0.024988
0 0.535838 0.430552 0.012296 0.024524
0 0.516804 0.453226 0.011566 0.023908
0 0.49654 0.474466 0.012568 0.02536
0 0.47613799999999995 0.497186 0.012568 0.02545
0 0.456194 0.520322 0.01275 0.024524
0 0.476294 0.536344 0.013206 0.026028
0 0.4169400000000001 0.566362 0.012204 0.024062
0 0.455692 0.558958 0.013388 0.025296
0 0.43606600000000006 0.582096 0.013296 0.024678
0 0.39485400000000004 0.588882 0.01357 0.02653
0 0.4162239999999999 0.605462 0.013324 0.025758
0 0.3960840000000001 0.62795 0.011658 0.02428
0 0.375 0.64993 0.01266 0.024306
0 0.395154 0.666048 0.01266 0.025282
0 0.37531800000000004 0.688746 0.012568 0.023278
0 0.39591 0.705836 0.013642 0.025348
0 0.3752279999999999 0.72858 0.013114 0.023046
0 0.4151180000000001 0.721066 0.012568 0.025296
0 0.41526799999999997 0.682276 0.014144 0.022674
0 0.435122 0.697468 0.01378 0.023444
0 0.415378 0.64365 0.013652 0.024988
0 0.4348320000000001 0.659988 0.013926 0.024678
0 0.43490399999999996 0.621966 0.013342 0.026066
0 0.4545539999999999 0.599106 0.013296 0.025694
0 0.475314 0.576434 0.013834 0.026312
0 0.4750000000000001 0.614486 0.014116 0.025604
0 0.49412600000000007 0.553638 0.013024 0.02545
0 0.493706 0.591658 0.0153 0.025604
0 0.4944759999999999 0.629602 0.01245 0.024988
0 0.4543680000000001 0.63723 0.013106 0.026054
0 0.4547859999999999 0.676028 0.01358 0.026222
0 0.47514999999999996 0.652738 0.013506 0.026222
0 0.4540979999999999 0.715282 0.01439 0.026066
0 0.47318400000000005 0.690604 0.01285 0.026684
0 0.492896 0.706492 0.01275 0.025758
0 0.4943580000000001 0.66824 0.013124 0.023908
0 0.5131460000000001 0.684512 0.01336 0.024678
0 0.5138020000000001 0.645258 0.012486 0.02545
0 0.5324679999999999 0.661838 0.012478 0.023754
0 0.531102 0.698592 0.012842 0.024152
0 0.5511520000000001 0.676664 0.012322 0.023792
0 0.569896 0.692378 0.01265 0.023136
0 0.5139800000000001 0.607854 0.01266 0.02437
0 0.532878 0.62426 0.012204 0.024486
0 0.5149220000000001 0.56991 0.013088 0.02437
0 0.5334239999999999 0.58518 0.012022 0.02437
0 0.1695359999999999 0.982468 0.013752 0.024268
0 0.16921199999999992 0.944242 0.014198 0.02509
0 0.16895799999999994 0.905372 0.013142 0.025552
0 0.168242 0.866536 0.012988 0.026054
0 0.1673960000000001 0.826414 0.01275 0.026092
0 0.18934399999999996 0.843508 0.013296 0.026092
0 0.18914399999999998 0.881884 0.012932 0.024872
0 0.18989600000000006 0.920764 0.013124 0.025848
0 0.1903919999999999 0.95957 0.013206 0.02554
0 0.21156599999999992 0.972494 0.013114 0.025192
0 0.21024599999999993 0.933542 0.013388 0.025462
0 0.2104379999999999 0.895386 0.013588 0.026452
0 0.20974399999999993 0.856286 0.013296 0.02599
0 0.209654 0.817822 0.013296 0.025026
0 0.23051 0.834408 0.012932 0.025322
0 0.2311160000000001 0.872378 0.01378 0.026196
0 0.2311479999999999 0.912706 0.013114 0.025102
0 0.23187599999999997 0.950012 0.012568 0.024652
0 0.25305200000000005 0.963702 0.01357 0.02581
0 0.25346 0.92592 0.013114 0.024872
0 0.252818 0.887494 0.01367 0.025758
0 0.25188600000000005 0.848508 0.013132 0.024652
0 0.25181600000000004 0.809506 0.013288 0.02572
0 0.2729140000000001 0.826208 0.013588 0.026246
0 0.2724500000000001 0.864506 0.012842 0.025976
0 0.2732699999999999 0.902152 0.013206 0.025308
0 0.2734700000000001 0.941246 0.013424 0.025758
0 0.2733779999999999 0.978002 0.013606 0.025102
0 0.29457599999999995 0.954904 0.013378 0.025976
0 0.293806 0.916858 0.013114 0.025412
0 0.29388400000000003 0.879056 0.013816 0.025772
0 0.2945359999999999 0.839698 0.012568 0.025232
0 0.29444399999999993 0.801922 0.013296 0.025206
0 0.3145819999999999 0.817416 0.012404 0.024216
0 0.3146819999999999 0.85563 0.013152 0.026016
0 0.31370600000000004 0.893156 0.013024 0.02554
0 0.31461800000000006 0.931362 0.012842 0.024652
0 0.3147 0.969562 0.013734 0.02599
0 0.334654 0.983336 0.012842 0.02554
0 0.3335619999999999 0.9468 0.013388 0.024884
0 0.334608 0.907982 0.013296 0.025424
0 0.334608 0.870592 0.013114 0.02617
0 0.5097719999999999 0.888638 0.013114 0.024062
0 0.508524 0.925386 0.01246 0.023136
0 0.5283979999999999 0.938894 0.010746 0.022776
0 0.5277860000000001 0.902802 0.01164 0.023882
0 0.54643 0.916318 0.01246 0.023508
0 0.564398 0.930566 0.011676 0.02239
0 0.529644 0.829968 0.01193 0.024434
0 0.5289839999999999 0.866434 0.012194 0.024434
0 0.5467580000000001 0.881144 0.011548 0.024242
0 0.564986 0.894756 0.012322 0.024062
0 0.5488580000000001 0.843946 0.012068 0.023882
0 0.530564 0.79295 0.01246 0.024794
0 0.5306280000000001 0.755006 0.012332 0.024434
0 0.548592 0.77074 0.012322 0.024434
0 0.5681320000000001 0.748894 0.012332 0.024062
0 0.5682020000000001 0.785456 0.012724 0.023868
0 0.548592 0.807758 0.012596 0.022944
0 0.5674779999999999 0.82293 0.011804 0.024062
0 0.566826 0.85903 0.012068 0.022944
0 0.5840019999999999 0.872166 0.012322 0.022584
0 0.583674 0.9091 0.01194 0.023136
0 0.60164 0.922976 0.012204 0.022764
0 0.6022320000000001 0.885868 0.011276 0.022944
0 0.620136 0.900674 0.01193 0.02333
0 0.6368579999999999 0.914922 0.011276 0.02221
0 0.584854 0.835154 0.01193 0.023316
0 0.5850500000000001 0.799524 0.01154 0.023882
0 0.585852 0.762686 0.011776 0.023882
0 0.6054459999999999 0.741588 0.01193 0.024254
0 0.6046579999999999 0.7775 0.012194 0.022764
0 0.603694 0.814146 0.012104 0.024614
0 0.602824 0.851164 0.011148 0.024254
0 0.621116 0.865694 0.010756 0.024062
0 0.6217079999999999 0.829228 0.011666 0.023316
0 0.621972 0.792584 0.011412 0.022956
0 0.62348 0.756118 0.011276 0.023316
0 0.6419079999999999 0.733632 0.011412 0.023868
0 0.6421680000000001 0.771112 0.011148 0.023688
0 0.639632 0.806922 0.012358 0.023508
0 0.6393439999999999 0.84385 0.011804 0.022584
0 0.638102 0.879486 0.011666 0.023136
0 0.6558740000000001 0.893272 0.011804 0.022584
0 0.656854 0.857178 0.012194 0.021838
0 0.657586 0.820438 0.01153 0.022776
0 0.6586240000000001 0.786286 0.011276 0.023316
0 0.66052 0.749454 0.011384 0.022944
0 0.563374 0.986228 0.01154 0.021786
0 0.706704 0.987236 0.011402 0.0218
0 0.688588 0.973354 0.011402 0.0218
0 0.7069859999999999 0.952218 0.011402 0.021786
0 0.06261399999999995 0.986336 0.013934 0.025784
0 0.06088399999999994 0.945238 0.013934 0.026208
0 0.059836 0.906594 0.01348 0.024884
0 0.037058000000000035 0.851934 0.014736 0.027494
0 0.05920799999999993 0.867128 0.013752 0.0259
0 0.08179000000000003 0.843516 0.014034 0.026646
0 0.08246799999999999 0.88383 0.01357 0.026426
0 0.0827420000000001 0.921986 0.013934 0.025438
0 0.08376199999999989 0.9623 0.013534 0.02509
0 0.10532800000000009 0.976786 0.013024 0.025322
0 0.1052820000000001 0.938246 0.01348 0.02554
0 0.10377999999999998 0.899776 0.013388 0.0259
0 0.10318800000000006 0.85917 0.012932 0.02554
0 0.1252279999999999 0.83342 0.013296 0.024678
0 0.12554599999999994 0.87426 0.01357 0.025514
0 0.12636599999999998 0.913362 0.012842 0.025976
0 0.12657999999999991 0.95241 0.012906 0.025
0 0.1461300000000001 0.848014 0.013388 0.024538
0 0.14704000000000006 0.888714 0.013206 0.025552
0 0.14763199999999999 0.92752 0.013296 0.025424
0 0.3344720000000001 0.794024 0.01266 0.025836
0 0.35491800000000007 0.810598 0.013114 0.026106
0 0.3540080000000001 0.847634 0.012568 0.025552
0 0.3546 0.885084 0.01266 0.024948
0 0.35478199999999993 0.922732 0.013752 0.024718
0 0.3547499999999999 0.95957 0.01296 0.02554
0 0.37445400000000006 0.974428 0.013024 0.025952
0 0.37417999999999996 0.93734 0.012478 0.025064
0 0.37459 0.89982 0.013296 0.025552
0 0.3938980000000001 0.951164 0.012386 0.02338
0 0.41348000000000007 0.965674 0.012568 0.024872
0 0.394034 0.913836 0.012478 0.024254
0 0.3748039999999999 0.786336 0.012086 0.024628
0 0.375078 0.82471 0.01245 0.0259
0 0.37404400000000004 0.861234 0.01275 0.024062
0 0.39454999999999996 0.801222 0.012778 0.025064
0 0.3943540000000001 0.83831 0.012204 0.023714
0 0.39414400000000005 0.876164 0.01306 0.023894
0 0.41391200000000006 0.816704 0.01234 0.024178
0 0.41411200000000004 0.854408 0.012194 0.023676
0 0.41345999999999994 0.891806 0.012714 0.024794
0 0.4124000000000001 0.92901 0.011684 0.022956
0 0.43307000000000007 0.86894 0.012222 0.024254
0 0.43265 0.906324 0.01266 0.023856
0 0.4310099999999999 0.94178 0.011566 0.02333
0 0.451584 0.957134 0.012276 0.02185
0 0.451816 0.919294 0.011284 0.02203
0 0.41503599999999996 0.779332 0.011804 0.023908
0 0.43449000000000004 0.79306 0.011804 0.023908
0 0.43367 0.831696 0.012786 0.024988
0 0.454272 0.770616 0.011584 0.024062
0 0.45345199999999997 0.807404 0.011476 0.024216
0 0.4526319999999999 0.846042 0.011584 0.024988
0 0.4725919999999999 0.78592 0.011412 0.023688
0 0.4918720000000001 0.763336 0.011666 0.024434
0 0.4922439999999999 0.801188 0.011448 0.024254
0 0.47220400000000007 0.823124 0.01246 0.024808
0 0.4722679999999999 0.859948 0.01266 0.025168
0 0.4521360000000001 0.883092 0.012978 0.024434
0 0.47062399999999993 0.89725 0.012724 0.024242
0 0.47029999999999994 0.933714 0.012586 0.024242
0 0.48984000000000005 0.948984 0.012596 0.023316
0 0.49016799999999994 0.911132 0.01194 0.023496
0 0.49122 0.87374 0.01246 0.024242
0 0.490888 0.837462 0.012596 0.02536
0 0.5115400000000001 0.777956 0.01142 0.024062
0 0.510232 0.815258 0.011666 0.023882
0 0.509968 0.852178 0.012194 0.024434
0 0.6771180000000001 0.725668 0.012322 0.024242
0 0.6950179999999999 0.742146 0.011676 0.024242
0 0.677054 0.764268 0.012194 0.024062
0 0.694758 0.77833 0.010356 0.02257
0 0.6764619999999999 0.799794 0.01101 0.02221
0 0.676134 0.836356 0.012194 0.023508
0 0.67397 0.871246 0.011276 0.02221
0 0.673516 0.908078 0.011148 0.021478
0 0.6914119999999999 0.88448 0.01102 0.021658
0 0.710364 0.862918 0.011148 0.021466
0 0.692596 0.84894 0.009964 0.022018
0 0.693838 0.812758 0.010884 0.021092
0 0.710496 0.827378 0.01194 0.02221
0 0.6000319999999999 0.977378 0.011394 0.0218
0 0.6358280000000001 0.968322 0.011402 0.021786
0 0.653224 0.983014 0.011402 0.021786
0 0.671762 0.96027 0.011394 0.0218
0 0.708858 0.897616 0.01154 0.021658
0 0.20733200000000007 0.433868 0.014298 0.02815
0 0.228642 0.451684 0.014664 0.030052
0 0.18583799999999995 0.457924 0.014664 0.028624
0 0.16288799999999992 0.480996 0.014846 0.028496
0 0.14221400000000006 0.462854 0.01448 0.029306
0 0.24986799999999998 0.429974 0.016494 0.030282
0 0.2076039999999999 0.474608 0.01448 0.02739
0 0.2510239999999999 0.47018 0.013888 0.029048
0 0.22960000000000003 0.49248 0.01275 0.026864
0 0.27224399999999993 0.446524 0.0148 0.028778
0 0.11926199999999998 0.487166 0.015574 0.028754
0 0.3556919999999999 0.516156 0.013752 0.025964
0 0.3345180000000001 0.53865 0.013844 0.025706
0 0.272996 0.568278 0.013752 0.02712
0 0.3144800000000001 0.561144 0.014208 0.026478
0 0.29330999999999996 0.585372 0.014308 0.024808
0 0.3557840000000001 0.555488 0.014298 0.026222
0 0.3347899999999999 0.577918 0.015118 0.025322
0 0.31444000000000005 0.60176 0.01449 0.026222
0 0.272 0.609492 0.014126 0.026516
0 0.25141199999999997 0.593342 0.014116 0.02635
0 0.2519180000000001 0.63338 0.014216 0.027506
0 0.272678 0.648868 0.01348 0.026606
0 0.2944899999999999 0.625604 0.013752 0.02455
0 0.31434800000000007 0.64167 0.013944 0.02455
0 0.29316999999999993 0.665212 0.013114 0.025874
0 0.272454 0.688008 0.01449 0.026736
0 0.29266799999999993 0.703882 0.013934 0.02635
0 0.2723580000000001 0.72599 0.013934 0.025578
0 0.25232199999999994 0.749384 0.013388 0.024036
0 0.294308 0.74349 0.013934 0.024588
0 0.31411600000000006 0.719968 0.01348 0.024074
0 0.334654 0.736228 0.013206 0.025232
0 0.31457599999999997 0.680444 0.013124 0.026002
0 0.33433599999999997 0.695674 0.012932 0.024332
0 0.3552820000000001 0.712814 0.012932 0.024164
0 0.3347899999999999 0.65806 0.012204 0.02365
0 0.3551040000000001 0.67241 0.011848 0.025102
0 0.33342399999999994 0.618084 0.013662 0.024422
0 0.3551740000000001 0.633644 0.013114 0.025566
0 0.35546999999999995 0.59694 0.01367 0.027378
0 0.375092 0.61187 0.013206 0.02536
0 0.37627600000000005 0.571638 0.013388 0.025102
0 0.3969180000000001 0.429588 0.013562 0.026992
0 0.39683599999999997 0.469268 0.012978 0.026376
0 0.4173039999999999 0.446208 0.01348 0.026222
0 0.43734000000000006 0.463868 0.013114 0.023598
0 0.41612000000000005 0.486542 0.013296 0.023598
0 0.3961619999999999 0.508908 0.013452 0.026376
0 0.3761840000000001 0.532738 0.012478 0.023444
0 0.39635200000000004 0.548316 0.013288 0.026222
0 0.4155740000000001 0.525874 0.013114 0.02545
0 0.4367620000000001 0.503278 0.01378 0.02653
0 0.4359519999999999 0.543226 0.01234 0.025296
0 0.4182380000000001 0.405334 0.013888 0.027146
0 0.4377040000000001 0.423534 0.012932 0.027456
0 0.457792 0.401478 0.013032 0.027146
0 0.45683000000000007 0.44115 0.013296 0.024126
0 0.47800599999999993 0.418214 0.012112 0.02545
0 0.4777640000000001 0.457718 0.013088 0.02518
0 0.14822000000000002 0.967346 0.013378 0.02554
0 0.18724999999999992 0.742584 0.014936 0.0282
0 0.2509920000000001 0.671562 0.01419 0.027828
0 0.251876 0.71239 0.014134 0.027378
0 0.23119800000000001 0.734788 0.014126 0.027082
0 0.21011000000000002 0.757848 0.01439 0.028522
0 0.16781800000000002 0.765258 0.015966 0.028868
0 0.14590199999999998 0.749672 0.015482 0.028676
0 0.12422599999999995 0.774678 0.015664 0.029178
0 0.12403999999999993 0.733014 0.01511 0.028778
0 0.101912 0.75838 0.015118 0.029588
0 0.10100200000000004 0.71784 0.015664 0.027814
0 0.07973600000000003 0.781016 0.01521 0.027378
0 0.07932600000000001 0.741472 0.014936 0.028368
0 0.056829999999999936 0.766228 0.0153 0.027186
0 0.057021999999999906 0.725572 0.015684 0.02919
0 0.07691200000000009 0.658052 0.01521 0.028574
0 0.07850599999999996 0.701318 0.014936 0.027776
0 0.0564579999999999 0.684416 0.0151 0.028574
0 0.03302000000000005 0.667712 0.015766 0.028174
0 0.033196 0.707764 0.014846 0.026966
0 0.035474000000000006 0.750348 0.014298 0.026812
0 0.009336000000000011 0.649094 0.015574 0.02757
0 0.010245999999999977 0.69065 0.014664 0.027776
0 0.011293999999999915 0.731606 0.015482 0.027172
0 0.012613999999999903 0.773264 0.01448 0.027172
0 0.035838000000000036 0.790386 0.014846 0.027198
0 0.25100199999999995 0.510584 0.013844 0.027416
0 0.272818 0.486716 0.013944 0.027288
0 0.2722260000000001 0.528432 0.014582 0.028406
0 0.2938940000000001 0.504588 0.013124 0.025964
0 0.29303199999999996 0.54527 0.013388 0.02635
0 0.31429799999999997 0.521556 0.013296 0.026478
0 0.31453 0.481388 0.013398 0.025578
0 0.29312399999999994 0.463542 0.013388 0.026132
0 0.334244 0.458336 0.01348 0.025488
0 0.3347899999999999 0.49831 0.01275 0.025746
0 0.33519999999999994 0.417506 0.014298 0.026606
0 0.3761840000000001 0.41153 0.013934 0.02725
0 0.35669400000000007 0.434538 0.013752 0.025964
0 0.3770500000000001 0.452082 0.01348 0.025064
0 0.355418 0.47464 0.013206 0.024678
0 0.37586600000000003 0.491736 0.013114 0.025706
0 0.5516399999999999 0.638696 0.01184 0.023124
0 0.5706739999999999 0.617416 0.012386 0.022828
0 0.5710839999999999 0.579474 0.01193 0.023754
0 0.49540000000000006 0.514956 0.012296 0.026132
0 0.5150220000000001 0.530816 0.012668 0.023586
0 0.534518 0.546716 0.011476 0.024562
0 0.515984 0.491818 0.01193 0.024588
0 0.5356099999999999 0.46966 0.010928 0.02315
0 0.5344120000000001 0.50858 0.012358 0.024486
0 0.5550539999999999 0.446736 0.01193 0.024036
0 0.574044 0.464152 0.012022 0.025192
0 0.55419 0.486966 0.01184 0.024036
0 0.593442 0.479762 0.012204 0.023252
0 0.5731059999999999 0.50342 0.011968 0.023778
0 0.553752 0.525334 0.012786 0.024164
0 0.553234 0.562802 0.011748 0.023264
0 0.5722400000000001 0.542686 0.012786 0.023136
0 0.590638 0.557468 0.011876 0.023908
0 0.5929420000000001 0.519036 0.012112 0.024678
0 0.6113379999999999 0.49606 0.012112 0.024332
0 0.60999 0.535682 0.01397 0.023264
0 0.628706 0.55072 0.012604 0.024294
0 0.60893 0.57171 0.011648 0.02288
0 0.5894999999999999 0.594866 0.012332 0.023124
0 0.6078060000000001 0.610296 0.011786 0.022366
0 0.589254 0.632526 0.012386 0.022866
0 0.570328 0.655026 0.012604 0.023908
0 0.5888880000000001 0.670128 0.01184 0.023264
0 0.60683 0.685552 0.011658 0.023008
0 0.608214 0.648342 0.011512 0.021594
0 0.626066 0.66338 0.011512 0.021594
0 0.62673 0.626054 0.01102 0.024808
0 0.6267940000000001 0.58928 0.012786 0.024294
0 0.6461300000000001 0.566402 0.011748 0.024294
0 0.64551 0.604448 0.011968 0.023522
0 0.6629780000000001 0.61955 0.011384 0.024422
0 0.644736 0.64153 0.011876 0.023394
0 0.643826 0.678934 0.011512 0.02288
0 0.661904 0.656504 0.011968 0.023778
0 0.6803459999999999 0.672056 0.010966 0.023522
0 0.014389999999999903 0.875168 0.014754 0.025552
0 0.0156639999999999 0.91581 0.013662 0.024652
0 0.016170000000000018 0.954678 0.013398 0.02509
0 0.03793200000000008 0.891826 0.013934 0.02599
0 0.03784199999999993 0.931138 0.013388 0.025102
0 0.0401419999999999 0.970026 0.013616 0.026016
