0 0.776526 0.300456 0.005965 0.011568
0 0.485831 0.482950 0.007454 0.012661
0 0.667304 0.416706 0.006466 0.012988
0 0.619224 0.766350 0.006553 0.012044
0 0.589656 0.784698 0.007145 0.010257
0 0.599319 0.773830 0.006917 0.012044
0 0.598891 0.756440 0.006553 0.012044
0 0.608627 0.744094 0.006553 0.012044
0 0.609488 0.760784 0.006553 0.012044
0 0.619101 0.732442 0.006553 0.012044
0 0.604872 0.359004 0.007559 0.013869
0 0.696364 0.743326 0.006553 0.012050
0 0.705435 0.731851 0.006553 0.012044
0 0.705348 0.714100 0.006553 0.012044
0 0.705690 0.697558 0.006553 0.012044
0 0.714674 0.686452 0.006553 0.012044
0 0.714588 0.702995 0.006553 0.012044
0 0.714588 0.719781 0.006553 0.012044
0 0.715102 0.736324 0.006553 0.012044
0 0.724429 0.725938 0.006553 0.012044
0 0.724515 0.709274 0.006553 0.012044
0 0.724429 0.692005 0.006553 0.012044
0 0.706378 0.748271 0.006844 0.011350
0 0.724893 0.742298 0.006762 0.010508
0 0.733584 0.731369 0.005656 0.010630
0 0.733704 0.714341 0.005733 0.010623
0 0.733625 0.697497 0.005209 0.010019
0 0.742566 0.720260 0.005824 0.010623
0 0.742994 0.736803 0.005824 0.010868
0 0.742785 0.703114 0.005906 0.010868
0 0.751892 0.708789 0.005979 0.010868
0 0.751767 0.725694 0.006075 0.010630
0 0.761138 0.731488 0.006676 0.011832
0 0.761138 0.714463 0.005820 0.010623
0 0.770373 0.720260 0.006339 0.010623
0 0.778588 0.708303 0.005464 0.009422
0 0.752104 0.691883 0.006075 0.010386
0 0.779101 0.691459 0.005141 0.009537
0 0.788005 0.697195 0.005710 0.010341
0 0.796555 0.685726 0.005141 0.009537
0 0.787830 0.680897 0.005141 0.009544
0 0.796812 0.669062 0.005146 0.009537
0 0.571075 0.252567 0.008087 0.015174
0 0.593238 0.248631 0.007332 0.014306
0 0.603734 0.257911 0.006922 0.014512
0 0.646425 0.210636 0.007240 0.014460
0 0.582270 0.260832 0.007254 0.014068
0 0.560474 0.263859 0.007468 0.014569
0 0.657354 0.219888 0.007058 0.013567
0 0.548816 0.255803 0.007832 0.015360
0 0.537272 0.267799 0.007969 0.015302
0 0.549294 0.275900 0.007969 0.015296
0 0.571266 0.273554 0.007559 0.014344
0 0.526799 0.279913 0.007605 0.014595
0 0.515323 0.291571 0.008060 0.015315
0 0.537887 0.288114 0.007559 0.014775
0 0.549476 0.296790 0.007423 0.015032
0 0.560451 0.284833 0.007423 0.014010
0 0.593352 0.269666 0.007468 0.014396
0 0.582445 0.281841 0.007423 0.013824
0 0.571562 0.293438 0.007514 0.014409
0 0.526753 0.300572 0.007696 0.015051
0 0.515924 0.313258 0.008078 0.014923
0 0.527277 0.321857 0.007923 0.013869
0 0.538313 0.309351 0.007864 0.014974
0 0.549909 0.317693 0.007104 0.014229
0 0.561066 0.306240 0.007468 0.013997
0 0.571903 0.313872 0.006740 0.013772
0 0.582240 0.302731 0.007013 0.013432
0 0.593260 0.290476 0.006922 0.013265
0 0.593488 0.311655 0.007104 0.013965
0 0.582741 0.322230 0.007104 0.013380
0 0.561088 0.326218 0.007514 0.013503
0 0.572206 0.334859 0.007436 0.014087
0 0.583538 0.342895 0.007240 0.013053
0 0.593761 0.330688 0.007195 0.013046
0 0.604349 0.319357 0.007423 0.013470
0 0.604281 0.278862 0.007832 0.014190
0 0.604189 0.299087 0.006831 0.012982
0 0.615032 0.287111 0.007204 0.014389
0 0.615096 0.267188 0.007058 0.013785
0 0.625556 0.275929 0.007122 0.013952
0 0.614913 0.307693 0.007332 0.013689
0 0.615187 0.327786 0.007058 0.013387
0 0.604485 0.339621 0.006967 0.013560
0 0.594126 0.350578 0.007104 0.012982
0 0.583515 0.362596 0.007286 0.013368
0 0.572154 0.354306 0.007240 0.014139
0 0.561505 0.346655 0.007163 0.014531
0 0.550273 0.339026 0.007832 0.014364
0 0.615005 0.348329 0.006785 0.012982
0 0.728575 0.240665 0.006603 0.012757
0 0.748452 0.217937 0.006193 0.013111
0 0.759028 0.206832 0.006034 0.012494
0 0.767919 0.215276 0.006148 0.012262
0 0.758402 0.226613 0.005783 0.011954
0 0.748270 0.237233 0.006284 0.012680
0 0.738069 0.248593 0.006284 0.012725
0 0.728097 0.260161 0.006375 0.012262
0 0.738147 0.268172 0.006603 0.013014
0 0.708470 0.283181 0.006102 0.012031
0 0.727846 0.279479 0.006694 0.012648
0 0.718033 0.291048 0.006648 0.012339
0 0.697427 0.294441 0.006785 0.013265
0 0.708112 0.302731 0.006662 0.012879
0 0.698042 0.313975 0.005829 0.012140
0 0.687500 0.324965 0.006330 0.012153
0 0.697577 0.333024 0.006330 0.012641
0 0.687659 0.344373 0.006284 0.011639
0 0.697955 0.352918 0.006821 0.012674
0 0.687614 0.364290 0.006557 0.011523
0 0.707559 0.360533 0.006284 0.012648
0 0.707634 0.341138 0.007072 0.011337
0 0.717561 0.348734 0.006890 0.011722
0 0.707689 0.321825 0.006826 0.012494
0 0.717416 0.329994 0.006963 0.012339
0 0.717452 0.310983 0.006671 0.013033
0 0.727277 0.299553 0.006648 0.012847
0 0.737657 0.288217 0.006917 0.013156
0 0.737500 0.307243 0.007058 0.012802
0 0.747063 0.276819 0.006512 0.012725
0 0.746853 0.295829 0.007650 0.012802
0 0.747238 0.314801 0.006225 0.012494
0 0.727184 0.318615 0.006553 0.013027
0 0.727393 0.338014 0.006790 0.013111
0 0.737575 0.326369 0.006753 0.013111
0 0.727049 0.357641 0.007195 0.013033
0 0.736592 0.345302 0.006425 0.013342
0 0.746448 0.353246 0.006375 0.012879
0 0.747179 0.334120 0.006562 0.011954
0 0.756573 0.342256 0.006680 0.012339
0 0.756901 0.322629 0.006243 0.012725
0 0.766234 0.330919 0.006239 0.011877
0 0.765551 0.349296 0.006421 0.012076
0 0.775576 0.338332 0.006161 0.011896
0 0.784948 0.346189 0.006325 0.011568
0 0.756990 0.303927 0.006330 0.012185
0 0.766439 0.312130 0.006102 0.012243
0 0.757461 0.284955 0.006544 0.012185
0 0.766712 0.292590 0.006011 0.012185
0 0.574155 0.502882 0.006598 0.012102
0 0.584608 0.509544 0.006102 0.012147
0 0.584768 0.491234 0.006876 0.012134
0 0.584606 0.472121 0.007099 0.012545
0 0.584479 0.452686 0.006571 0.012776
0 0.584121 0.433268 0.006494 0.013027
0 0.583698 0.413207 0.006375 0.013046
0 0.594672 0.421754 0.006648 0.013046
0 0.594572 0.440942 0.006466 0.012436
0 0.594948 0.460382 0.006562 0.012924
0 0.595196 0.479785 0.006603 0.012770
0 0.594991 0.498618 0.006193 0.012404
0 0.606056 0.505366 0.006557 0.012404
0 0.605783 0.486247 0.006557 0.012596
0 0.605123 0.466771 0.006694 0.012731
0 0.605219 0.447693 0.006794 0.013226
0 0.604872 0.428143 0.006648 0.012995
0 0.604827 0.408911 0.006648 0.012513
0 0.615255 0.417204 0.006466 0.012661
0 0.615558 0.436189 0.006890 0.013098
0 0.615574 0.456353 0.006557 0.012551
0 0.615938 0.475006 0.006284 0.012326
0 0.616248 0.493888 0.006448 0.012776
0 0.626794 0.500061 0.006339 0.012474
0 0.626526 0.481851 0.006785 0.012905
0 0.626730 0.462960 0.006557 0.012436
0 0.626409 0.443747 0.006835 0.012879
0 0.625943 0.424254 0.006566 0.012326
0 0.625908 0.404753 0.006644 0.012860
0 0.636457 0.413104 0.006794 0.013123
0 0.636225 0.432253 0.006421 0.012988
0 0.636635 0.451076 0.006603 0.012654
0 0.636735 0.470623 0.006712 0.012879
0 0.636689 0.489001 0.006803 0.012551
0 0.647313 0.496102 0.006193 0.011652
0 0.647288 0.477452 0.006689 0.012988
0 0.646903 0.458429 0.006557 0.012706
0 0.646942 0.439528 0.006908 0.012886
0 0.647268 0.419849 0.006284 0.012616
0 0.647222 0.400961 0.006648 0.012603
0 0.657291 0.408708 0.006202 0.012108
0 0.657341 0.427815 0.006576 0.013008
0 0.656853 0.446578 0.006512 0.012770
0 0.657309 0.465681 0.006421 0.012326
0 0.657350 0.484781 0.006867 0.012995
0 0.667327 0.491668 0.006421 0.012770
0 0.666781 0.473400 0.006694 0.012442
0 0.667304 0.453991 0.006648 0.012712
0 0.667304 0.435296 0.006557 0.013085
0 0.754886 0.444319 0.006557 0.012031
0 0.754262 0.462693 0.006230 0.011568
0 0.764199 0.469447 0.005373 0.011388
0 0.763893 0.451401 0.005820 0.011941
0 0.773215 0.458159 0.006230 0.011754
0 0.782199 0.465283 0.005838 0.011195
0 0.764822 0.414984 0.005965 0.012217
0 0.764492 0.433217 0.006097 0.012217
0 0.773379 0.440572 0.005774 0.012121
0 0.782493 0.447378 0.006161 0.012031
0 0.774429 0.421973 0.006034 0.011941
0 0.765282 0.396475 0.006230 0.012397
0 0.765314 0.377503 0.006166 0.012217
0 0.774296 0.385370 0.006161 0.012217
0 0.784066 0.374447 0.006166 0.012031
0 0.784101 0.392728 0.006362 0.011934
0 0.774296 0.403879 0.006298 0.011472
0 0.783739 0.411465 0.005902 0.012031
0 0.783413 0.429515 0.006034 0.011472
0 0.792001 0.436083 0.006161 0.011292
0 0.791837 0.454550 0.005970 0.011568
0 0.800820 0.461488 0.006102 0.011382
0 0.801116 0.442934 0.005638 0.011472
0 0.810068 0.450337 0.005965 0.011665
0 0.818429 0.457461 0.005638 0.011105
0 0.792427 0.417577 0.005965 0.011658
0 0.792525 0.399762 0.005770 0.011941
0 0.792926 0.381343 0.005888 0.011941
0 0.802723 0.370794 0.005965 0.012127
0 0.802329 0.388750 0.006097 0.011382
0 0.801847 0.407073 0.006052 0.012307
0 0.801412 0.425582 0.005574 0.012127
0 0.810558 0.432847 0.005378 0.012031
0 0.810854 0.414614 0.005833 0.011658
0 0.810986 0.396292 0.005706 0.011478
0 0.811740 0.378059 0.005638 0.011658
0 0.820954 0.366816 0.005706 0.011934
0 0.821084 0.385556 0.005574 0.011844
0 0.819816 0.403461 0.006179 0.011754
0 0.819672 0.421925 0.005902 0.011292
0 0.819051 0.439743 0.005833 0.011568
0 0.827937 0.446636 0.005902 0.011292
0 0.828427 0.428589 0.006097 0.010919
0 0.828793 0.410219 0.005765 0.011388
0 0.829312 0.393143 0.005638 0.011658
0 0.830260 0.374727 0.005692 0.011472
0 0.521837 0.592834 0.007163 0.012661
0 0.522782 0.612159 0.007158 0.012879
0 0.523370 0.630816 0.007240 0.012661
0 0.523923 0.649309 0.006607 0.011215
0 0.534310 0.636979 0.006607 0.010771
0 0.544419 0.643201 0.006216 0.010771
0 0.555319 0.631648 0.006293 0.011883
0 0.565865 0.638037 0.006767 0.011549
0 0.533406 0.618046 0.007004 0.012211
0 0.544303 0.625042 0.006612 0.011330
0 0.533090 0.599389 0.006535 0.011774
0 0.532735 0.580733 0.006607 0.012211
0 0.532184 0.561076 0.006607 0.011767
0 0.543201 0.549473 0.006922 0.012326
0 0.543044 0.567738 0.007081 0.011992
0 0.543634 0.587179 0.006685 0.011761
0 0.544105 0.605495 0.007318 0.011992
0 0.555043 0.613380 0.007163 0.011774
0 0.554929 0.594058 0.006762 0.012217
0 0.565392 0.601719 0.006612 0.012217
0 0.565824 0.619489 0.006685 0.012217
0 0.575974 0.625762 0.006375 0.011883
0 0.586637 0.632818 0.006926 0.012217
0 0.576250 0.607497 0.006926 0.011767
0 0.586439 0.614271 0.006375 0.011767
0 0.596749 0.620543 0.006530 0.011883
0 0.606819 0.626710 0.006844 0.011774
0 0.617152 0.615103 0.005952 0.011440
0 0.627413 0.621877 0.006740 0.012545
0 0.627272 0.603666 0.006202 0.011883
0 0.637548 0.608940 0.006298 0.011324
0 0.647268 0.616215 0.006530 0.012326
0 0.657575 0.604499 0.006535 0.011774
0 0.667293 0.610717 0.006453 0.011767
0 0.647459 0.598056 0.006302 0.011549
0 0.667607 0.592950 0.006926 0.011774
0 0.554094 0.555308 0.006120 0.011491
0 0.554176 0.574859 0.005628 0.010797
0 0.563602 0.543393 0.006339 0.011877
0 0.564668 0.563136 0.006284 0.010643
0 0.574476 0.550141 0.006667 0.011337
0 0.575842 0.569614 0.006667 0.011568
0 0.564913 0.581915 0.006448 0.011183
0 0.575870 0.588702 0.007049 0.011645
0 0.586225 0.595180 0.006339 0.011028
0 0.585897 0.577018 0.006120 0.011414
0 0.706580 0.528779 0.005301 0.011337
0 0.715870 0.517404 0.005519 0.010488
0 0.725729 0.506221 0.005519 0.010488
0 0.725729 0.523573 0.005519 0.010488
0 0.735128 0.512622 0.005519 0.010488
0 0.744362 0.502057 0.005519 0.010488
0 0.744526 0.519640 0.005519 0.010488
0 0.735018 0.531054 0.005519 0.010488
0 0.725128 0.542391 0.005519 0.010488
0 0.715729 0.535604 0.005519 0.010488
0 0.696325 0.558740 0.005619 0.010488
0 0.706056 0.547249 0.005519 0.010488
0 0.715692 0.552776 0.005774 0.010900
0 0.706330 0.564990 0.005774 0.010893
0 0.724800 0.559978 0.005774 0.010893
0 0.696330 0.575864 0.005774 0.010893
0 0.686712 0.588049 0.005774 0.010893
0 0.676767 0.598846 0.005774 0.010893
0 0.686275 0.605864 0.005774 0.010893
0 0.696275 0.594528 0.005774 0.010893
0 0.706275 0.583422 0.005774 0.010893
0 0.706059 0.600157 0.005770 0.010893
0 0.715622 0.589129 0.005770 0.010893
0 0.724419 0.595376 0.005770 0.010893
0 0.715565 0.571623 0.005774 0.010893
0 0.725128 0.577792 0.005774 0.010893
0 0.734144 0.584116 0.005774 0.010893
0 0.734690 0.566147 0.005774 0.010893
0 0.734417 0.548409 0.005774 0.010893
0 0.743816 0.537767 0.005774 0.010893
0 0.744417 0.555273 0.005774 0.010893
0 0.753873 0.543859 0.005770 0.010893
0 0.754365 0.526353 0.005770 0.010893
0 0.753051 0.561366 0.005774 0.010893
0 0.754199 0.508075 0.005774 0.010893
0 0.763379 0.496816 0.005774 0.010893
0 0.763106 0.515247 0.005774 0.010893
0 0.772124 0.503679 0.005770 0.010893
0 0.781687 0.493114 0.005770 0.010893
0 0.772177 0.521263 0.005774 0.010893
0 0.781466 0.510235 0.005774 0.010893
0 0.790100 0.499746 0.005774 0.010893
0 0.790701 0.517021 0.005774 0.010893
0 0.762996 0.532831 0.005774 0.010893
0 0.762723 0.549952 0.005774 0.010893
0 0.771903 0.538769 0.005774 0.010893
0 0.781466 0.527895 0.005774 0.010893
0 0.853352 0.493618 0.005701 0.010900
0 0.844294 0.486677 0.005701 0.010900
0 0.853493 0.476109 0.005701 0.010893
0 0.480692 0.689290 0.007286 0.013078
0 0.491958 0.696449 0.006521 0.011138
0 0.502853 0.683683 0.006680 0.011427
0 0.492261 0.713772 0.006680 0.011427
0 0.503313 0.720816 0.006680 0.011427
0 0.515075 0.726600 0.006680 0.011427
0 0.503547 0.702201 0.007368 0.012911
0 0.514570 0.708911 0.007664 0.011575
0 0.513857 0.690087 0.006831 0.011150
0 0.504677 0.739814 0.007013 0.011658
0 0.515403 0.745598 0.006954 0.011491
0 0.525562 0.732979 0.006954 0.011575
0 0.525444 0.715077 0.007427 0.011992
0 0.526127 0.751301 0.006653 0.011485
0 0.536703 0.739184 0.007842 0.012416
0 0.536259 0.721028 0.006717 0.011157
0 0.537238 0.757294 0.007728 0.010733
0 0.525444 0.696459 0.007546 0.011324
0 0.524699 0.677966 0.007368 0.011909
0 0.535396 0.684091 0.007605 0.011742
0 0.535663 0.702371 0.007190 0.011234
0 0.546478 0.690379 0.007427 0.011902
0 0.545617 0.671764 0.006890 0.011575
0 0.556223 0.677674 0.006480 0.011324
0 0.546892 0.708702 0.007427 0.011992
0 0.547252 0.726690 0.007072 0.011401
0 0.557086 0.696751 0.007013 0.012076
0 0.557234 0.715119 0.007427 0.012410
0 0.547577 0.744971 0.006776 0.011407
0 0.547785 0.763544 0.007427 0.011819
0 0.526840 0.769582 0.007368 0.011658
0 0.537596 0.775578 0.007131 0.011401
0 0.548290 0.780945 0.007846 0.011401
0 0.558748 0.786732 0.007131 0.012243
0 0.558242 0.768493 0.006831 0.011150
0 0.568996 0.774277 0.007546 0.010983
0 0.569740 0.790925 0.007131 0.009897
0 0.579456 0.780022 0.007072 0.011240
0 0.558153 0.750922 0.007008 0.011742
0 0.568670 0.756539 0.007605 0.012243
0 0.579249 0.762956 0.007605 0.012326
0 0.557737 0.733271 0.007368 0.011658
0 0.608349 0.726166 0.006553 0.012050
0 0.696250 0.656996 0.006434 0.011549
0 0.705285 0.680366 0.006553 0.012044
0 0.770269 0.702821 0.005565 0.009177
0 0.761141 0.697680 0.005496 0.010141
0 0.770039 0.686687 0.005824 0.009659
0 0.805883 0.659007 0.005146 0.009544
0 0.814945 0.647966 0.005146 0.009544
0 0.778850 0.675077 0.005141 0.009537
0 0.760776 0.680668 0.005141 0.009537
0 0.770034 0.668930 0.005141 0.009544
0 0.787662 0.664666 0.005141 0.009537
0 0.779542 0.658239 0.005141 0.009537
0 0.797020 0.653557 0.005141 0.009544
0 0.742951 0.685980 0.005209 0.010019
0 0.733789 0.680460 0.005209 0.010019
0 0.724581 0.674521 0.005209 0.010019
0 0.751913 0.674868 0.005209 0.010019
0 0.743099 0.669348 0.005214 0.010019
0 0.705874 0.662674 0.006011 0.011414
0 0.715023 0.668438 0.006011 0.011414
0 0.714973 0.651388 0.006011 0.011414
0 0.705665 0.645379 0.006011 0.011414
0 0.724681 0.657751 0.006011 0.011414
0 0.733097 0.663618 0.006011 0.011414
0 0.761214 0.663830 0.005141 0.009537
0 0.752104 0.658242 0.005146 0.009544
0 0.742944 0.651954 0.005141 0.009537
0 0.734128 0.645803 0.005141 0.009537
0 0.725068 0.639582 0.005146 0.009537
0 0.752450 0.640071 0.005146 0.009537
0 0.761462 0.646501 0.005146 0.009544
0 0.770077 0.652789 0.005146 0.009537
0 0.779734 0.641960 0.005141 0.009537
0 0.770820 0.635251 0.005146 0.009537
0 0.761660 0.629030 0.005141 0.009537
0 0.788001 0.630148 0.005146 0.009537
0 0.779882 0.624068 0.005146 0.009537
0 0.770968 0.618409 0.005141 0.009544
0 0.733805 0.628156 0.005597 0.010553
0 0.742917 0.634447 0.005396 0.009717
0 0.743238 0.616944 0.005546 0.010341
0 0.752495 0.623159 0.005546 0.010482
0 0.706079 0.627249 0.006384 0.011247
0 0.714991 0.633676 0.005592 0.010411
0 0.724631 0.622420 0.005820 0.010816
0 0.761562 0.611912 0.005938 0.009364
0 0.780175 0.607124 0.005351 0.009711
0 0.788818 0.613310 0.005487 0.010064
0 0.788242 0.647391 0.005483 0.009704
0 0.797623 0.636465 0.005082 0.009447
0 0.806002 0.642542 0.005719 0.009904
0 0.797819 0.619563 0.005419 0.009961
0 0.806516 0.624769 0.005146 0.008933
0 0.814941 0.631324 0.004964 0.009319
0 0.451981 0.518827 0.007240 0.013117
0 0.475544 0.514765 0.007099 0.013220
0 0.464413 0.527474 0.006603 0.012661
0 0.452709 0.540180 0.007149 0.012956
0 0.476298 0.535206 0.006967 0.013008
0 0.486976 0.522651 0.007013 0.012988
0 0.498087 0.510222 0.007013 0.013233
0 0.509199 0.497702 0.006740 0.012179
0 0.498156 0.529589 0.007240 0.013316
0 0.509381 0.517127 0.006740 0.013046
0 0.520401 0.523570 0.007013 0.013271
0 0.520264 0.504994 0.006740 0.013663
0 0.531307 0.493168 0.006967 0.012892
0 0.531762 0.512960 0.007149 0.013156
0 0.530442 0.472619 0.006967 0.013104
0 0.529918 0.453297 0.006740 0.012442
0 0.518529 0.425967 0.007368 0.013747
0 0.529604 0.433564 0.006876 0.012950
0 0.540895 0.421758 0.007017 0.013323
0 0.541234 0.441915 0.006785 0.013213
0 0.541371 0.460993 0.006967 0.012719
0 0.541881 0.481150 0.006767 0.012545
0 0.542243 0.499897 0.006526 0.012802
0 0.542762 0.520154 0.007382 0.013548
0 0.552664 0.488393 0.006512 0.012661
0 0.553413 0.507792 0.007008 0.012821
0 0.552641 0.469123 0.006740 0.012770
0 0.551890 0.449888 0.006694 0.012950
0 0.551594 0.429585 0.006466 0.012770
0 0.562614 0.416710 0.006648 0.012339
0 0.562773 0.437130 0.006785 0.012757
0 0.563183 0.456681 0.006421 0.012988
0 0.563290 0.476205 0.006453 0.012500
0 0.563593 0.495778 0.006239 0.012558
0 0.563547 0.514843 0.006694 0.013374
0 0.573065 0.424007 0.006694 0.012269
0 0.573520 0.444357 0.006603 0.012776
0 0.573816 0.463760 0.006648 0.012712
0 0.667236 0.397012 0.006330 0.012918
0 0.677459 0.405299 0.006557 0.013053
0 0.677004 0.423817 0.006284 0.012776
0 0.677300 0.442542 0.006330 0.012474
0 0.677391 0.461366 0.006876 0.012359
0 0.677375 0.479785 0.006480 0.012770
0 0.687227 0.487214 0.006512 0.012976
0 0.687090 0.468670 0.006239 0.012532
0 0.687295 0.449910 0.006648 0.012776
0 0.696949 0.475582 0.006193 0.011690
0 0.706740 0.482837 0.006284 0.012436
0 0.697017 0.456918 0.006239 0.012127
0 0.687402 0.393168 0.006043 0.012314
0 0.687539 0.412355 0.006225 0.012950
0 0.687022 0.430617 0.006375 0.012031
0 0.697275 0.400611 0.006389 0.012532
0 0.697177 0.419155 0.006102 0.011857
0 0.697072 0.438082 0.006530 0.011947
0 0.706956 0.408352 0.006170 0.012089
0 0.707056 0.427204 0.006097 0.011838
0 0.706730 0.445903 0.006357 0.012397
0 0.706200 0.464505 0.005842 0.011478
0 0.716535 0.434470 0.006111 0.012127
0 0.716325 0.453162 0.006330 0.011928
0 0.715505 0.470890 0.005783 0.011665
0 0.725792 0.478567 0.006138 0.010925
0 0.725908 0.459647 0.005642 0.011015
0 0.707518 0.389666 0.005902 0.011954
0 0.717245 0.396530 0.005902 0.011954
0 0.716835 0.415848 0.006393 0.012494
0 0.727136 0.385308 0.005792 0.012031
0 0.726726 0.403702 0.005738 0.012108
0 0.726316 0.423021 0.005792 0.012494
0 0.736296 0.392960 0.005706 0.011844
0 0.745936 0.381668 0.005833 0.012217
0 0.746122 0.400594 0.005724 0.012127
0 0.736102 0.411562 0.006230 0.012404
0 0.736134 0.429974 0.006330 0.012584
0 0.726068 0.441546 0.006489 0.012217
0 0.735312 0.448625 0.006362 0.012121
0 0.735150 0.466857 0.006293 0.012121
0 0.744920 0.474492 0.006298 0.011658
0 0.745084 0.455566 0.005970 0.011748
0 0.745610 0.436870 0.006230 0.012121
0 0.745444 0.418731 0.006298 0.012680
0 0.755770 0.388978 0.005710 0.012031
0 0.755116 0.407629 0.005833 0.011941
0 0.754984 0.426089 0.006097 0.012217
0 0.838559 0.362834 0.006161 0.012121
0 0.847509 0.371073 0.005838 0.012121
0 0.838527 0.382134 0.006097 0.012031
0 0.847379 0.389165 0.005178 0.011285
0 0.838231 0.399897 0.005505 0.011105
0 0.838067 0.418178 0.006097 0.011754
0 0.836985 0.435623 0.005638 0.011105
0 0.836758 0.454039 0.005574 0.010739
0 0.845706 0.442240 0.005510 0.010829
0 0.855182 0.431459 0.005574 0.010733
0 0.846298 0.424470 0.004982 0.011009
0 0.846919 0.406379 0.005442 0.010546
0 0.855248 0.413689 0.005970 0.011105
0 0.454394 0.570071 0.007149 0.013329
0 0.455071 0.590392 0.007555 0.013329
0 0.455189 0.609161 0.008110 0.012886
0 0.467457 0.616491 0.007618 0.012211
0 0.467857 0.635649 0.006689 0.011658
0 0.466480 0.577622 0.007869 0.012879
0 0.466917 0.597445 0.007332 0.013438
0 0.477063 0.565460 0.007477 0.013438
0 0.477889 0.584955 0.007236 0.012661
0 0.478440 0.604052 0.007555 0.013104
0 0.478675 0.623541 0.007395 0.012326
0 0.479661 0.642645 0.007163 0.012770
0 0.468802 0.655469 0.007632 0.011992
0 0.480328 0.661803 0.007395 0.012886
0 0.490952 0.648422 0.007240 0.011883
0 0.501967 0.655970 0.007240 0.012545
0 0.490676 0.629875 0.007163 0.012770
0 0.501890 0.637037 0.007240 0.012661
0 0.489536 0.611440 0.007086 0.012108
0 0.489096 0.592063 0.007145 0.012661
0 0.487844 0.572404 0.006535 0.012879
0 0.499686 0.560241 0.007086 0.012551
0 0.499444 0.578522 0.006758 0.012661
0 0.500355 0.598943 0.006849 0.012217
0 0.500788 0.617490 0.006612 0.012217
0 0.512432 0.624708 0.006767 0.011549
0 0.512234 0.642423 0.006680 0.012776
0 0.510467 0.566796 0.007236 0.012102
0 0.511489 0.585842 0.006612 0.011992
0 0.511726 0.604942 0.007240 0.011555
0 0.521523 0.554190 0.007163 0.011324
0 0.522070 0.573901 0.007801 0.012108
0 0.585788 0.558123 0.006448 0.011877
0 0.585214 0.538959 0.006284 0.010874
0 0.595159 0.544974 0.005847 0.010874
0 0.595842 0.563599 0.005902 0.010643
0 0.596307 0.583226 0.005738 0.010874
0 0.596389 0.601157 0.006339 0.010951
0 0.607284 0.608149 0.005287 0.011208
0 0.606580 0.589203 0.005301 0.010180
0 0.617482 0.596761 0.005464 0.011260
0 0.606444 0.570887 0.005355 0.010103
0 0.606159 0.533316 0.005487 0.011003
0 0.606170 0.552288 0.005574 0.011620
0 0.616022 0.540039 0.006088 0.011645
0 0.616765 0.559589 0.006025 0.010643
0 0.626799 0.547751 0.005956 0.011183
0 0.626990 0.528972 0.006120 0.011568
0 0.636799 0.535797 0.005738 0.010566
0 0.616471 0.577828 0.005956 0.010720
0 0.627017 0.566298 0.006066 0.011105
0 0.627454 0.584537 0.006066 0.011337
0 0.637614 0.590784 0.005556 0.010720
0 0.637318 0.573201 0.005683 0.010411
0 0.647291 0.579524 0.005738 0.010874
0 0.657236 0.586388 0.005628 0.010720
0 0.636842 0.554653 0.005651 0.010488
0 0.647318 0.543008 0.005683 0.011105
0 0.647236 0.561555 0.005847 0.011183
0 0.657618 0.567725 0.005519 0.010720
0 0.657516 0.549640 0.005287 0.011568
0 0.647070 0.523959 0.005952 0.010797
0 0.656969 0.531324 0.006189 0.010103
0 0.667372 0.519447 0.006448 0.011799
0 0.667045 0.538265 0.005464 0.010411
0 0.667181 0.556234 0.005956 0.011183
0 0.667154 0.574512 0.006011 0.010720
0 0.676881 0.580835 0.005574 0.010720
0 0.677017 0.562558 0.005301 0.010566
0 0.676799 0.544434 0.005628 0.010411
0 0.676801 0.526491 0.005515 0.010771
0 0.686771 0.515129 0.005683 0.011337
0 0.686610 0.533483 0.006015 0.011491
0 0.686826 0.551260 0.005902 0.011568
0 0.686607 0.569422 0.006120 0.011491
0 0.696337 0.521838 0.005241 0.010720
0 0.696389 0.540039 0.005574 0.011028
0 0.706307 0.510386 0.005628 0.011260
0 0.771466 0.556353 0.005774 0.010893
0 0.780865 0.545402 0.005774 0.010893
0 0.789918 0.534373 0.005701 0.010893
0 0.743260 0.572712 0.005774 0.010900
0 0.743689 0.590524 0.005774 0.010893
0 0.753242 0.579155 0.005774 0.010893
0 0.762086 0.586099 0.005774 0.010900
0 0.762013 0.568287 0.005774 0.010893
0 0.771138 0.573920 0.005774 0.010900
0 0.780478 0.563255 0.005774 0.010893
0 0.780196 0.580260 0.005774 0.010893
0 0.789536 0.551581 0.005774 0.010900
0 0.789249 0.569595 0.005638 0.010900
0 0.798342 0.575633 0.005701 0.010893
0 0.798520 0.558728 0.005701 0.010900
0 0.807432 0.564261 0.005701 0.010900
0 0.815774 0.571003 0.005701 0.010900
0 0.799162 0.541520 0.005701 0.010893
0 0.799019 0.523506 0.005697 0.010893
0 0.807505 0.547657 0.005701 0.010893
0 0.816416 0.553795 0.005701 0.010893
0 0.825328 0.560437 0.005701 0.010900
0 0.808502 0.530247 0.005701 0.010893
0 0.800016 0.488689 0.005697 0.010900
0 0.799588 0.506298 0.005697 0.010900
0 0.808786 0.495633 0.005697 0.010893
0 0.808572 0.513242 0.005697 0.010893
0 0.817914 0.484161 0.005701 0.010893
0 0.817842 0.501870 0.005701 0.010900
0 0.817628 0.519280 0.005701 0.010900
0 0.826471 0.508111 0.005701 0.010900
0 0.826612 0.491507 0.005701 0.010893
0 0.835881 0.480135 0.005697 0.010900
0 0.835453 0.497442 0.005697 0.010900
0 0.835453 0.514650 0.005697 0.010893
0 0.826398 0.525016 0.005701 0.010893
0 0.816844 0.536285 0.005701 0.010900
0 0.825899 0.542423 0.005697 0.010900
0 0.834597 0.532163 0.004422 0.009865
0 0.834242 0.548663 0.005697 0.010900
0 0.833957 0.566375 0.005701 0.010900
0 0.842798 0.555909 0.005697 0.010893
0 0.843224 0.538300 0.005701 0.010893
0 0.843511 0.521896 0.005701 0.010900
0 0.852709 0.510826 0.005701 0.010893
0 0.843796 0.503782 0.005697 0.010893
0 0.567928 0.738888 0.007186 0.011825
0 0.578622 0.744929 0.007427 0.011324
0 0.567898 0.721070 0.006890 0.011742
0 0.567393 0.702789 0.007072 0.011902
0 0.577851 0.726523 0.006594 0.010733
0 0.588429 0.732224 0.006357 0.010733
0 0.578179 0.708618 0.006894 0.011324
0 0.588518 0.714698 0.006535 0.011401
0 0.567156 0.684634 0.007190 0.011825
0 0.567036 0.666440 0.006475 0.012494
0 0.577197 0.672433 0.006717 0.011407
0 0.577762 0.690627 0.006717 0.011407
0 0.587885 0.678470 0.006553 0.011825
0 0.587388 0.660517 0.006471 0.010970
0 0.597883 0.666115 0.006785 0.011600
0 0.588042 0.696163 0.006548 0.011825
0 0.598322 0.684505 0.006553 0.011825
0 0.597964 0.702281 0.006548 0.011825
0 0.608363 0.691048 0.006553 0.011825
0 0.608304 0.673017 0.006553 0.011819
0 0.608363 0.708156 0.006553 0.011825
0 0.618286 0.678936 0.006553 0.011922
0 0.618582 0.696748 0.006553 0.011825
0 0.607648 0.654987 0.006553 0.011825
0 0.617694 0.661195 0.006553 0.011825
0 0.628149 0.649287 0.006553 0.011825
0 0.628208 0.666922 0.006553 0.012044
0 0.628622 0.685257 0.006553 0.012044
0 0.638071 0.655488 0.006553 0.012044
0 0.647757 0.644004 0.006553 0.012044
0 0.638131 0.672931 0.006553 0.012044
0 0.647994 0.661864 0.006553 0.012044
0 0.657798 0.649871 0.006553 0.012044
0 0.667306 0.638303 0.006553 0.012044
0 0.667366 0.655659 0.006553 0.012050
0 0.657621 0.667481 0.006553 0.012044
0 0.648231 0.679222 0.006553 0.012044
0 0.638308 0.691048 0.006553 0.012044
0 0.628741 0.703040 0.006553 0.012044
0 0.618167 0.714692 0.006553 0.012044
0 0.598500 0.720733 0.006553 0.012044
0 0.638131 0.708657 0.006553 0.012044
0 0.648112 0.696497 0.006553 0.012044
0 0.657561 0.685177 0.006553 0.012050
0 0.657917 0.702702 0.006553 0.012050
0 0.854429 0.448808 0.005770 0.010829
0 0.603666 0.216934 0.007149 0.014075
0 0.614321 0.225842 0.007332 0.015026
0 0.592919 0.228962 0.007332 0.014312
0 0.581444 0.240498 0.007423 0.014248
0 0.571107 0.231427 0.007240 0.014653
0 0.624934 0.214987 0.008247 0.015141
0 0.603802 0.237304 0.007240 0.013695
0 0.625512 0.235090 0.006944 0.014524
0 0.614800 0.246240 0.006375 0.013432
0 0.636122 0.223262 0.007400 0.014389
0 0.559631 0.243583 0.007787 0.014377
0 0.677846 0.258078 0.006876 0.012982
0 0.667259 0.269325 0.006922 0.012853
0 0.636498 0.284139 0.006876 0.013560
0 0.657240 0.280572 0.007104 0.013239
0 0.646655 0.292686 0.007154 0.012404
0 0.677892 0.277744 0.007149 0.013111
0 0.667395 0.288959 0.007559 0.012661
0 0.657220 0.300880 0.007245 0.013111
0 0.636000 0.304746 0.007063 0.013258
0 0.625706 0.296671 0.007058 0.013175
0 0.625959 0.316690 0.007108 0.013753
0 0.636339 0.324434 0.006740 0.013303
0 0.647245 0.312802 0.006876 0.012275
0 0.657174 0.320835 0.006972 0.012275
0 0.646585 0.332606 0.006557 0.012937
0 0.636227 0.344004 0.007245 0.013368
0 0.646334 0.351941 0.006967 0.013175
0 0.636179 0.362995 0.006967 0.012789
0 0.626161 0.374692 0.006694 0.012018
0 0.647154 0.371745 0.006967 0.012294
0 0.657058 0.359984 0.006740 0.012037
0 0.667327 0.368114 0.006603 0.012616
0 0.657288 0.340222 0.006562 0.013001
0 0.667168 0.347837 0.006466 0.012166
0 0.677641 0.356407 0.006466 0.012082
0 0.667395 0.329030 0.006102 0.011825
0 0.677552 0.336205 0.005924 0.012551
0 0.666712 0.309042 0.006831 0.012211
0 0.677587 0.316822 0.006557 0.012783
0 0.677735 0.298470 0.006835 0.013689
0 0.687546 0.305935 0.006603 0.012680
0 0.688138 0.285819 0.006694 0.012551
0 0.698459 0.214794 0.006781 0.013496
0 0.698418 0.234634 0.006489 0.013188
0 0.708652 0.223104 0.006740 0.013111
0 0.718670 0.231934 0.006557 0.011799
0 0.708060 0.243271 0.006648 0.011799
0 0.698081 0.254454 0.006726 0.013188
0 0.688092 0.266369 0.006239 0.011722
0 0.698176 0.274158 0.006644 0.013111
0 0.707787 0.262937 0.006557 0.012725
0 0.718381 0.251639 0.006890 0.013265
0 0.717976 0.271613 0.006170 0.012648
0 0.709119 0.202667 0.006944 0.013573
0 0.718852 0.211767 0.006466 0.013728
0 0.728896 0.200739 0.006516 0.013573
0 0.728415 0.220575 0.006648 0.012063
0 0.739003 0.209107 0.006056 0.012725
0 0.738882 0.228859 0.006544 0.012590
0 0.474750 0.495498 0.007332 0.013323
0 0.574110 0.483673 0.006689 0.012770
0 0.619101 0.750527 0.006553 0.012044
0 0.609738 0.777831 0.007145 0.009737
0 0.598891 0.737661 0.006553 0.012044
0 0.588914 0.750180 0.006553 0.012044
0 0.589169 0.767567 0.006817 0.012050
0 0.629328 0.772612 0.006899 0.010431
0 0.629267 0.756093 0.007268 0.011825
0 0.628898 0.738184 0.007022 0.011819
0 0.628898 0.720363 0.006776 0.011305
0 0.638939 0.725925 0.007395 0.012352
0 0.638939 0.744357 0.007395 0.011645
0 0.638941 0.761398 0.006653 0.011305
0 0.648488 0.714361 0.006038 0.010778
0 0.648242 0.731578 0.006284 0.010778
0 0.648734 0.749139 0.006284 0.010784
0 0.648488 0.765919 0.006530 0.009563
0 0.658591 0.755051 0.007272 0.011478
0 0.657851 0.720360 0.006284 0.010604
0 0.657789 0.737490 0.006653 0.010778
0 0.667832 0.743576 0.006284 0.010431
0 0.668757 0.760093 0.007641 0.010778
0 0.678119 0.748879 0.007395 0.011999
0 0.687297 0.754878 0.008010 0.011825
0 0.687423 0.737577 0.007022 0.010604
0 0.677441 0.732275 0.007022 0.012172
0 0.667832 0.726362 0.007022 0.011825
0 0.677029 0.644547 0.005988 0.011112
0 0.677026 0.662179 0.006548 0.012044
0 0.667270 0.673406 0.006553 0.012044
0 0.686781 0.632956 0.006548 0.012044
0 0.686865 0.650463 0.006553 0.012044
0 0.686610 0.667853 0.006553 0.012044
0 0.677026 0.679569 0.006548 0.012044
0 0.667270 0.690675 0.006553 0.012044
0 0.696364 0.639113 0.006553 0.012044
0 0.695681 0.674254 0.006553 0.012044
0 0.687122 0.685482 0.006548 0.012044
0 0.677197 0.696716 0.006553 0.012044
0 0.667871 0.708310 0.006553 0.012044
0 0.677111 0.714467 0.006553 0.012044
0 0.686696 0.720746 0.006553 0.012044
0 0.686951 0.702873 0.006553 0.012044
0 0.696535 0.692127 0.006548 0.012044
0 0.696535 0.707706 0.006548 0.012044
0 0.696022 0.725694 0.006553 0.012044
0 0.593625 0.371292 0.007468 0.014100
0 0.625496 0.335781 0.007095 0.013914
0 0.625938 0.356195 0.007067 0.013689
0 0.615599 0.367394 0.007063 0.013541
0 0.605055 0.378924 0.007195 0.014261
0 0.583909 0.382629 0.007983 0.014434
0 0.572951 0.374836 0.007741 0.014338
0 0.562113 0.387339 0.007832 0.014589
0 0.562020 0.366507 0.007555 0.014389
0 0.550956 0.379190 0.007559 0.014794
0 0.550501 0.358920 0.007832 0.013907
0 0.539868 0.390508 0.007605 0.013689
0 0.539663 0.370736 0.007468 0.014184
0 0.528415 0.383114 0.007650 0.013593
0 0.528511 0.362786 0.007842 0.014595
0 0.538456 0.329026 0.007605 0.014287
0 0.539253 0.350659 0.007468 0.013888
0 0.528229 0.342208 0.007550 0.014287
0 0.516510 0.333856 0.007883 0.014087
0 0.516598 0.353882 0.007423 0.013483
0 0.517737 0.375174 0.007149 0.013406
0 0.504668 0.324547 0.007787 0.013785
0 0.493443 0.337156 0.008015 0.014248
0 0.505123 0.345325 0.007332 0.013888
0 0.494012 0.357050 0.007696 0.013985
0 0.505647 0.365803 0.007741 0.013586
0 0.482789 0.370048 0.007655 0.013991
0 0.494520 0.377879 0.007801 0.013586
0 0.506307 0.386632 0.007240 0.013586
0 0.517919 0.395193 0.007423 0.013599
0 0.495196 0.399328 0.007514 0.013811
0 0.483415 0.390762 0.007905 0.013991
0 0.472086 0.402333 0.008743 0.015000
0 0.625501 0.255292 0.006922 0.013708
0 0.636409 0.243358 0.006972 0.013644
0 0.636113 0.264216 0.007291 0.014203
0 0.646947 0.252294 0.006562 0.012982
0 0.646516 0.272635 0.006694 0.013175
0 0.657149 0.260778 0.006648 0.013239
0 0.657265 0.240694 0.006699 0.012789
0 0.646562 0.231771 0.006694 0.013066
0 0.667122 0.229168 0.006740 0.012744
0 0.667395 0.249155 0.006375 0.012873
0 0.667600 0.208753 0.007149 0.013303
0 0.688092 0.205765 0.006967 0.013625
0 0.678347 0.217269 0.006876 0.012982
0 0.688525 0.226041 0.006740 0.012532
0 0.677709 0.237320 0.006603 0.012339
0 0.687933 0.245868 0.006557 0.012853
0 0.775820 0.319348 0.005920 0.011562
0 0.785337 0.308708 0.006193 0.011414
0 0.785542 0.289737 0.005965 0.011877
0 0.747700 0.257478 0.006148 0.013066
0 0.757511 0.265408 0.006334 0.011793
0 0.767259 0.273358 0.005738 0.012281
0 0.757992 0.245909 0.005965 0.012294
0 0.767805 0.234830 0.005464 0.011575
0 0.767206 0.254290 0.006179 0.012243
0 0.777527 0.223368 0.005965 0.012018
0 0.787022 0.232076 0.006011 0.012596
0 0.777095 0.243483 0.005920 0.012018
0 0.796721 0.239881 0.006102 0.011626
0 0.786553 0.251710 0.005984 0.011889
0 0.776876 0.262667 0.006393 0.012082
0 0.776617 0.281401 0.005874 0.011632
0 0.786120 0.271343 0.006393 0.011568
0 0.795319 0.278734 0.005938 0.011954
0 0.796471 0.259518 0.006056 0.012339
0 0.805669 0.248030 0.006056 0.012166
0 0.804995 0.267841 0.006985 0.011632
0 0.814353 0.275360 0.006302 0.012147
0 0.804465 0.285855 0.005824 0.011440
0 0.794750 0.297433 0.006166 0.011562
0 0.803903 0.305148 0.005893 0.011183
0 0.794627 0.316263 0.006193 0.011433
0 0.785164 0.327513 0.006302 0.011954
0 0.794444 0.335064 0.005920 0.011632
0 0.803415 0.342776 0.005829 0.011504
0 0.804107 0.324171 0.005756 0.010797
0 0.813033 0.331690 0.005756 0.010797
0 0.813365 0.313027 0.005510 0.012404
0 0.813397 0.294640 0.006393 0.012147
0 0.823065 0.283201 0.005874 0.012147
0 0.822755 0.302224 0.005984 0.011761
0 0.831489 0.309775 0.005692 0.012211
0 0.822368 0.320765 0.005938 0.011697
0 0.821913 0.339467 0.005756 0.011440
0 0.830952 0.328252 0.005984 0.011889
0 0.840173 0.336028 0.005483 0.011761
0 0.472996 0.435138 0.006831 0.012770
0 0.461544 0.447333 0.007058 0.012532
0 0.484358 0.442915 0.006603 0.012770
0 0.473793 0.455141 0.007240 0.013239
0 0.462568 0.467288 0.007104 0.012661
0 0.495537 0.429087 0.006831 0.012661
0 0.485041 0.463515 0.006876 0.013329
0 0.473796 0.475344 0.007609 0.013438
0 0.463229 0.487725 0.007149 0.013329
0 0.451275 0.498940 0.007195 0.013329
0 0.496835 0.470116 0.007149 0.012982
0 0.496382 0.450032 0.007154 0.012532
0 0.507195 0.437584 0.007377 0.012776
0 0.507832 0.457905 0.006831 0.012326
0 0.508085 0.477339 0.006699 0.012545
0 0.497564 0.489688 0.006967 0.013040
0 0.518966 0.445913 0.006967 0.012995
0 0.518921 0.465569 0.006694 0.012551
0 0.520071 0.485013 0.006808 0.013008
0 0.486462 0.502439 0.006985 0.012551
0 0.463684 0.507490 0.006967 0.012886
0 0.824399 0.619595 0.004536 0.009512
0 0.815692 0.613972 0.004554 0.009319
0 0.806571 0.608413 0.004399 0.008869
0 0.798001 0.601697 0.005328 0.009447
0 0.815647 0.598098 0.005556 0.009704
0 0.824572 0.603400 0.005009 0.009254
0 0.833224 0.592442 0.004736 0.009447
