0 0.845674 0.21751199999999993 0.130306 0.22272
0 0.106852 0.20976799999999995 0.121002 0.226584
0 0.474522 0.22043199999999996 0.127986 0.23629
0 0.114996 0.5554859999999999 0.116342 0.205316
0 0.291262 0.3986080000000001 0.119832 0.224668
0 0.663008 0.405378 0.127986 0.226584
0 0.476844 0.5719320000000001 0.14195 0.23048
0 0.294754 0.7462599999999999 0.129156 0.226616
0 0.661838 0.7433540000000001 0.118662 0.20918
0 0.48208 0.904096 0.119852 0.185936
0 0.126054 0.9002159999999999 0.117512 0.1898
0 0.844504 0.5700000000000001 0.125664 0.22272
0 0.843918 0.9060440000000001 0.117512 0.185936
