0 0.21631599999999995 0.950224 0.058366 0.04105
0 0.060475999999999974 0.028750000000000053 0.059116 0.041176
0 0.028807999999999945 0.08100599999999991 0.049816 0.044338
0 0.13563400000000003 0.024950000000000028 0.050666 0.0399
0 0.10397400000000001 0.07403800000000005 0.051516 0.043076
0 0.07525800000000005 0.12216800000000005 0.049816 0.043062
0 0.045274000000000036 0.16872599999999993 0.05235 0.037374
0 0.1808160000000001 0.06770600000000004 0.049834 0.036738
0 0.14957599999999993 0.11646800000000002 0.051516 0.036738
0 0.25132599999999994 0.062000000000000055 0.05405 0.0418
0 0.32817399999999997 0.058837999999999946 0.05405 0.0418
0 0.22472599999999998 0.1133059999999999 0.051516 0.044338
0 0.295242 0.10823800000000006 0.05405 0.043076
0 0.11536600000000008 0.16555600000000004 0.050666 0.039912
0 0.191376 0.16048799999999996 0.057416 0.041176
0 0.265266 0.15858799999999995 0.063334 0.0437
0 0.33662400000000003 0.15383799999999992 0.048984 0.0418
0 0.3096000000000001 0.20324399999999998 0.054034 0.043062
0 0.23233400000000004 0.207044 0.0549 0.040538
0 0.16265799999999997 0.21179400000000004 0.057416 0.042438
0 0.08749999999999991 0.21590599999999993 0.057434 0.039262
0 0.2741340000000001 0.25137600000000004 0.048966 0.043076
0 0.19973400000000008 0.2544820000000001 0.0625 0.040538
0 0.127108 0.2601819999999999 0.05575 0.043062
0 0.05364199999999997 0.26429400000000003 0.059116 0.044962
0 0.31965 0.295644 0.052366 0.044338
0 0.24153399999999992 0.2985 0.0515 0.0437
0 0.17060000000000008 0.30451800000000007 0.0549 0.044338
0 0.095866 0.3073619999999999 0.052366 0.044976
0 0.290092 0.34378200000000003 0.060816 0.046862
0 0.21661599999999992 0.3482179999999999 0.055734 0.043062
0 0.1402000000000001 0.352962 0.0532 0.0437
0 0.255892 0.3874820000000001 0.053216 0.040538
0 0.29684200000000005 0.4353 0.059116 0.048774
0 0.225916 0.439106 0.0608 0.046238
0 0.1803079999999999 0.39571200000000006 0.05405 0.0494
0 0.15329199999999998 0.44353200000000004 0.05235 0.042438
0 0.11106600000000011 0.39888199999999996 0.052366 0.043062
0 0.07095000000000007 0.35834999999999995 0.058266 0.0494
0 0.03633400000000009 0.40648799999999996 0.058266 0.0456
0 0.08319199999999993 0.4467000000000001 0.059116 0.0475
0 0.050257999999999914 0.4923059999999999 0.064184 0.044962
0 0.11993399999999999 0.48692599999999997 0.063334 0.0456
0 0.19762600000000008 0.48312599999999994 0.065016 0.0456
0 0.2694000000000001 0.47995600000000005 0.058266 0.046862
0 0.2368920000000001 0.523968 0.062484 0.046238
0 0.16384200000000004 0.5236559999999999 0.06165 0.043062
0 0.2791159999999999 0.5698939999999999 0.052366 0.044338
0 0.2115579999999999 0.572106 0.062484 0.044962
0 0.1372420000000001 0.575906 0.064184 0.047512
0 0.095858 0.5299879999999999 0.064184 0.039276
0 0.06335000000000002 0.5809759999999999 0.056566 0.044976
0 0.047725999999999935 0.711762 0.05405 0.044326
0 0.03337600000000007 0.6291119999999999 0.05235 0.0437
0 0.0755920000000001 0.6680619999999999 0.05235 0.0418
0 0.1047340000000001 0.6215059999999999 0.049834 0.044962
0 0.1752499999999999 0.6167560000000001 0.055734 0.043062
0 0.2419500000000001 0.6148560000000001 0.050666 0.044338
0 0.14906599999999992 0.6648940000000001 0.057434 0.038012
0 0.22126599999999996 0.657926 0.058266 0.035474
0 0.12246599999999996 0.7111259999999999 0.0532 0.0418
0 0.18790799999999996 0.7076499999999999 0.05405 0.0437
0 0.25969200000000003 0.703212 0.05235 0.042426
0 0.08488399999999996 0.7510319999999999 0.052366 0.044338
0 0.15666599999999997 0.7453320000000001 0.0591 0.046862
0 0.22845000000000004 0.7462759999999999 0.055734 0.0475
0 0.192558 0.7868120000000001 0.056584 0.037376
0 0.12753400000000004 0.7912440000000001 0.063334 0.038638
0 0.05448399999999998 0.7963119999999999 0.065866 0.041176
0 0.02872600000000003 0.8396999999999999 0.056584 0.0342
0 0.09628400000000004 0.8352679999999999 0.0549 0.044338
0 0.1693340000000001 0.8321000000000001 0.0591 0.048126
0 0.24153399999999992 0.833682 0.0549 0.048762
0 0.20902599999999993 0.869782 0.057416 0.042438
0 0.13892400000000005 0.871362 0.059116 0.038
0 0.07221600000000006 0.8745320000000001 0.057434 0.040538
0 0.03878399999999993 0.9155679999999999 0.055934 0.041038
0 0.10688399999999998 0.909638 0.058366 0.0456
0 0.0855999999999999 0.95615 0.054734 0.043774
0 0.17680000000000007 0.906444 0.0596 0.046512
0 0.14944200000000007 0.955238 0.053516 0.04195
