0 0.291938 0.087708 0.056792 0.101250
0 0.273927 0.278514 0.053229 0.086528
0 0.179490 0.297778 0.047396 0.084389
0 0.237906 0.341042 0.049979 0.086972
0 0.202531 0.396639 0.049313 0.079611
0 0.148010 0.355750 0.044771 0.080056
0 0.119302 0.410056 0.043813 0.075278
0 0.048385 0.415681 0.037646 0.066639
0 0.071104 0.367431 0.039583 0.072250
0 0.095760 0.315514 0.042188 0.074861
0 0.123188 0.256458 0.041875 0.078750
0 0.024542 0.330014 0.035375 0.070083
0 0.046271 0.276569 0.039917 0.073139
0 0.070615 0.217736 0.040563 0.076583
0 0.152552 0.193500 0.048021 0.084389
0 0.212260 0.234389 0.051271 0.086556
0 0.439104 0.179000 0.066208 0.100389
0 0.316562 0.207792 0.057708 0.092194
0 0.498167 0.094417 0.070083 0.112056
0 0.413458 0.050931 0.062958 0.100361
0 0.362354 0.130542 0.058750 0.099528
0 0.222823 0.048111 0.052896 0.092167
0 0.249594 0.166014 0.051271 0.090861
0 0.187448 0.125361 0.051562 0.091722
0 0.099177 0.156097 0.043812 0.082250
0 0.128219 0.084903 0.044146 0.085250
0 0.396885 0.969958 0.045104 0.060083
0 0.437281 0.941653 0.048021 0.063194
0 0.842271 0.769736 0.074917 0.085806
0 0.754240 0.705917 0.069229 0.084389
0 0.770604 0.816431 0.069500 0.083306
0 0.688531 0.756944 0.066521 0.081111
0 0.786156 0.920278 0.067062 0.077500
0 0.703948 0.862597 0.065438 0.076083
0 0.722198 0.960486 0.061396 0.067806
0 0.645000 0.898653 0.061125 0.072472
0 0.627281 0.800931 0.059771 0.076806
0 0.572656 0.843306 0.054896 0.072833
0 0.591729 0.935431 0.054625 0.066694
0 0.542583 0.964347 0.053167 0.066861
0 0.521687 0.880806 0.053000 0.067778
0 0.341042 0.918847 0.040292 0.051917
0 0.477865 0.912889 0.050562 0.063111
0 0.416073 0.860778 0.047604 0.068500
0 0.376865 0.892333 0.046521 0.061667
0 0.288156 0.873403 0.040562 0.059861
0 0.319260 0.842222 0.042188 0.060222
0 0.355500 0.810847 0.047042 0.067417
0 0.236510 0.825458 0.037854 0.058417
0 0.267073 0.793903 0.039479 0.062361
0 0.299260 0.760542 0.043813 0.066361
0 0.393500 0.774431 0.046792 0.065250
0 0.455458 0.825542 0.051875 0.064806
0 0.501729 0.787222 0.058417 0.072889
0 0.553365 0.744861 0.059813 0.080389
0 0.608042 0.698750 0.065417 0.081611
0 0.483500 0.690347 0.056542 0.077250
0 0.334198 0.722931 0.049521 0.072250
0 0.435844 0.734139 0.052812 0.069778
0 0.372990 0.683056 0.052354 0.073500
0 0.310844 0.631653 0.046729 0.074139
0 0.253354 0.585903 0.047667 0.074861
0 0.274854 0.675889 0.045792 0.071667
0 0.245417 0.711722 0.041125 0.063556
0 0.215969 0.746917 0.040188 0.065444
0 0.223219 0.630722 0.042521 0.072278
0 0.193073 0.667792 0.042062 0.067917
0 0.165271 0.706417 0.045333 0.070389
0 0.145417 0.625736 0.041125 0.068528
0 0.169250 0.584306 0.043917 0.069167
0 0.198688 0.541931 0.043000 0.074139
0 0.097510 0.583986 0.037854 0.068528
0 0.143781 0.498319 0.044396 0.070417
0 0.120646 0.540375 0.039250 0.067306
0 0.071813 0.501431 0.039708 0.062917
0 0.096115 0.456569 0.039729 0.070417
0 0.413406 0.636944 0.054688 0.077278
0 0.349625 0.588347 0.050458 0.079750
0 0.289344 0.540069 0.049521 0.074139
0 0.230000 0.493958 0.047667 0.076639
0 0.172521 0.451889 0.045792 0.076000
0 0.326490 0.489597 0.053729 0.082861
0 0.263635 0.442542 0.050479 0.079750
0 0.534437 0.639750 0.063083 0.082889
0 0.459906 0.587097 0.057938 0.084750
0 0.390052 0.536944 0.057479 0.080389
0 0.366677 0.432583 0.058396 0.084722
0 0.437240 0.481806 0.060271 0.089722
0 0.510604 0.534139 0.063083 0.092222
0 0.488406 0.421056 0.063562 0.092833
0 0.588646 0.590528 0.064958 0.087833
0 0.566917 0.474625 0.068208 0.094083
0 0.652417 0.531653 0.071083 0.099694
0 0.630240 0.409208 0.070563 0.096583
0 0.718562 0.464972 0.078042 0.100944
0 0.669719 0.646917 0.070104 0.089722
0 0.738177 0.588972 0.075229 0.095944
0 0.828135 0.651903 0.078521 0.094694
0 0.813635 0.526347 0.078521 0.099083
0 0.912250 0.588653 0.083167 0.102806
0 0.895656 0.453778 0.085521 0.107167
0 0.794958 0.390833 0.083167 0.104667
0 0.655062 0.054653 0.080792 0.107639
0 0.755667 0.105222 0.082750 0.116389
0 0.860156 0.161917 0.092479 0.126778
0 0.879135 0.311625 0.088271 0.118139
0 0.776271 0.253861 0.085042 0.116833
0 0.696760 0.333472 0.080479 0.108167
0 0.677458 0.195667 0.082750 0.114667
0 0.584802 0.143306 0.074646 0.110333
0 0.608500 0.278306 0.074000 0.109444
0 0.544896 0.355764 0.070083 0.099083
0 0.518927 0.226389 0.071396 0.106889
0 0.463938 0.301639 0.065875 0.097278
0 0.413469 0.372847 0.060354 0.089139
0 0.301833 0.386042 0.055167 0.083528
0 0.342240 0.322222 0.057437 0.089111
