0 0.52619 0.823088 0.0307 0.04198
0 0.55556 0.823118 0.03072 0.042038
0 0.58497 0.822188 0.02794 0.04018
0 0.61361 0.820884 0.02678 0.036972
0 0.64276 0.820074 0.02968 0.03859
0 0.67096 0.817842 0.02868 0.04006
0 0.70077 0.817302 0.02874 0.03892
0 0.73043 0.815742 0.03058 0.04168
0 0.76008 0.814708 0.02688 0.04171
0 0.78937 0.813584 0.02926 0.0412
0 0.81965 0.812564 0.02714 0.03916
0 0.84742 0.811484 0.02868 0.0391
0 0.87699 0.810164 0.0287 0.0391
0 0.90611 0.81018 0.02782 0.04171
0 0.93497 0.809746 0.02686 0.04168
0 0.96425 0.807706 0.0297 0.04036
0 0.93453 0.886866 0.0291 0.037422
0 0.96416 0.883748 0.03016 0.04054
0 0.51513 0.938726 0.02654 0.03853
0 0.54436 0.93808 0.02688 0.03928
0 0.57277 0.938186 0.0279 0.03919
0 0.60067 0.936222 0.03138 0.037902
0 0.63108 0.934992 0.02868 0.037602
0 0.65928 0.934752 0.02852 0.037242
0 0.68781 0.933388 0.02854 0.037272
0 0.71772 0.93126 0.02944 0.03853
0 0.74763 0.931184 0.02854 0.03868
0 0.77708 0.929236 0.02852 0.04
0 0.80515 0.929236 0.02946 0.04
0 0.8346 0.927856 0.02944 0.04
0 0.86497 0.925788 0.02946 0.03868
0 0.8935 0.925788 0.0276 0.03862
0 0.9225 0.924408 0.02852 0.03862
0 0.95195 0.923718 0.02854 0.04
0 0.98002 0.922338 0.0276 0.037242
0 0.53101 0.977016 0.02766 0.035532
0 0.55964 0.976282 0.02764 0.037002
0 0.58729 0.974782 0.02962 0.037002
0 0.61691 0.972564 0.02766 0.04144
0 0.64508 0.97084 0.0282 0.03835
0 0.67498 0.97012 0.02896 0.036852
0 0.77476 0.776282 0.02708 0.03886
0 0.80249 0.773704 0.02794 0.037782
0 0.83118 0.773614 0.0286 0.04042
0 0.86045 0.773374 0.02862 0.03994
0 0.97878 0.845352 0.02788 0.037332
0 0.9497 0.847736 0.02788 0.035802
0 0.92133 0.849236 0.02886 0.0388
0 0.89197 0.849236 0.02786 0.0388
0 0.8626 0.849986 0.02888 0.0403
0 0.83323 0.851484 0.02786 0.0403
0 0.80288 0.852324 0.02688 0.04168
0 0.77452 0.852894 0.02784 0.04042
0 0.74513 0.855202 0.02886 0.0388
0 0.71626 0.855202 0.02888 0.0388
0 0.6859 0.855982 0.02788 0.037362
0 0.65753 0.858936 0.02886 0.04027
0 0.62873 0.858186 0.0277 0.04153
0 0.60052 0.85895 0.02872 0.04
0 0.57093 0.85997 0.0273 0.04138
0 0.54266 0.86147 0.02984 0.04198
0 0.52942 0.902204 0.02852 0.04105
0 0.55869 0.902444 0.03014 0.037392
0 0.58676 0.9009 0.02808 0.037422
0 0.61639 0.89856 0.0291 0.03898
0 0.64602 0.896296 0.026 0.04039
0 0.67357 0.895518 0.0291 0.03883
0 0.7032 0.895472 0.03016 0.03874
0 0.73231 0.893088 0.03014 0.04051
0 0.76194 0.893088 0.02704 0.04051
0 0.79001 0.89162 0.0291 0.04069
0 0.81964 0.89006 0.03016 0.04069
0 0.85031 0.89006 0.0291 0.037572
0 0.8789 0.888426 0.02808 0.04054
0 0.9075 0.887646 0.02704 0.03898
0 0.70347 0.969536 0.02966 0.037482
0 0.73381 0.967452 0.02918 0.03889
0 0.76361 0.966836 0.03002 0.03892
0 0.79279 0.965952 0.02834 0.037152
0 0.82124 0.964782 0.02792 0.034992
0 0.84979 0.964348 0.02922 0.035862
0 0.8786 0.963284 0.0284 0.03853
0 0.90761 0.961034 0.02958 0.037932
0 0.9367 0.960734 0.029 0.037932
0 0.9662 0.96138 0.0288 0.03982
