0 0.684521 0.491676 0.016043 0.027581
0 0.720821 0.469443 0.016886 0.027019
0 0.744886 0.470005 0.017729 0.028143
0 0.765782 0.470852 0.017307 0.025324
0 0.788154 0.473105 0.018993 0.028705
0 0.809471 0.470005 0.016886 0.028143
0 0.709004 0.492238 0.018579 0.028705
0 0.732432 0.490833 0.018150 0.025895
0 0.753961 0.491962 0.016464 0.024762
0 0.775911 0.491395 0.018150 0.025895
0 0.796807 0.491676 0.016043 0.025333
0 0.817704 0.491681 0.017307 0.024200
0 0.838389 0.489710 0.017307 0.025895
0 0.671011 0.510533 0.018579 0.029276
0 0.695282 0.511095 0.017307 0.023638
0 0.719136 0.509690 0.018571 0.023076
0 0.742989 0.509410 0.017307 0.025886
0 0.763457 0.509690 0.017729 0.026448
0 0.786254 0.508562 0.019421 0.027581
0 0.807575 0.508843 0.017307 0.025895
0 0.826993 0.508843 0.015614 0.028143
0 0.847043 0.508281 0.017729 0.028143
0 0.658771 0.532767 0.018571 0.032086
0 0.683254 0.530514 0.017736 0.028705
0 0.706682 0.529390 0.017307 0.024210
0 0.730321 0.528267 0.018157 0.026457
0 0.753539 0.529110 0.018150 0.024771
0 0.774857 0.526576 0.015200 0.025324
0 0.795964 0.528829 0.017729 0.027581
0 0.815818 0.526857 0.015221 0.025886
0 0.835436 0.525733 0.015614 0.023638
0 0.854854 0.521790 0.018993 0.024762
0 0.647582 0.551338 0.020679 0.032086
0 0.671857 0.553590 0.018571 0.030952
0 0.695918 0.552467 0.021107 0.030952
0 0.718289 0.549086 0.019421 0.028705
0 0.741086 0.547962 0.019414 0.030952
0 0.762193 0.547119 0.017729 0.028143
0 0.784989 0.546838 0.018579 0.029829
0 0.805671 0.545714 0.016886 0.027581
0 0.825514 0.545710 0.019414 0.032086
0 0.845779 0.543186 0.017729 0.031514
0 0.865407 0.540643 0.017314 0.034333
0 0.644207 0.588210 0.021529 0.034895
0 0.669957 0.589333 0.021529 0.031524
0 0.693596 0.586800 0.018993 0.032076
0 0.716604 0.585395 0.019421 0.031514
0 0.739186 0.582314 0.020686 0.032057
0 0.761350 0.581171 0.017729 0.030952
0 0.782032 0.580890 0.020264 0.031514
0 0.802932 0.579195 0.017307 0.030371
0 0.823404 0.576667 0.017736 0.029829
0 0.842400 0.576386 0.015200 0.025895
0 0.861611 0.574981 0.016464 0.029829
0 0.630486 0.611848 0.020257 0.029276
0 0.656446 0.607910 0.018993 0.028143
0 0.679454 0.607067 0.017736 0.027581
0 0.704996 0.603686 0.018993 0.029829
0 0.727789 0.602843 0.019836 0.025895
0 0.749714 0.599462 0.018143 0.027019
0 0.770425 0.597776 0.017307 0.029267
0 0.792375 0.598619 0.016464 0.026457
0 0.812850 0.594681 0.016886 0.028714
0 0.832271 0.592710 0.017729 0.030390
0 0.850843 0.592148 0.015200 0.024771
0 0.871318 0.589614 0.017307 0.025324
0 0.644204 0.627886 0.018150 0.027581
0 0.668689 0.626762 0.018150 0.028705
0 0.630911 0.647871 0.021950 0.030390
0 0.655604 0.645900 0.020679 0.029838
0 0.679243 0.643933 0.022371 0.033771
0 0.691486 0.622538 0.018157 0.028143
0 0.714911 0.620552 0.021107 0.029867
0 0.702886 0.641400 0.021529 0.028705
0 0.726100 0.639990 0.020686 0.033771
0 0.737496 0.618600 0.016464 0.024762
0 0.747418 0.637738 0.018579 0.031514
0 0.759029 0.618324 0.018157 0.027581
0 0.780407 0.614705 0.016086 0.027143
0 0.769618 0.634252 0.017307 0.028238
0 0.801375 0.614705 0.017707 0.026057
0 0.790382 0.632757 0.017307 0.027419
0 0.810536 0.630181 0.016900 0.024971
0 0.821018 0.612943 0.013436 0.025790
0 0.840768 0.611724 0.015064 0.027143
0 0.830382 0.627738 0.015879 0.027152
0 0.861325 0.606567 0.015879 0.025514
0 0.850232 0.625157 0.016493 0.027419
0 0.869164 0.623124 0.016900 0.029314
0 0.627925 0.687457 0.018121 0.029314
0 0.652354 0.685419 0.019750 0.031219
0 0.639225 0.704690 0.017507 0.029038
0 0.625686 0.725319 0.018529 0.029590
0 0.639836 0.744319 0.017914 0.031210
0 0.652150 0.722876 0.018929 0.030667
0 0.676782 0.681214 0.018936 0.033114
0 0.699789 0.678362 0.017707 0.029048
0 0.721164 0.676462 0.016900 0.030124
0 0.744575 0.673881 0.014864 0.033114
0 0.765646 0.670762 0.018321 0.032305
0 0.786311 0.666824 0.015679 0.028771
0 0.806871 0.665062 0.016086 0.029590
0 0.826821 0.662348 0.016900 0.029038
0 0.846264 0.659224 0.014657 0.025514
0 0.663854 0.703062 0.016693 0.027952
0 0.688286 0.701300 0.017100 0.028771
0 0.710375 0.694514 0.017707 0.029314
0 0.732564 0.691800 0.015271 0.029314
0 0.754143 0.690576 0.017300 0.026333
0 0.776232 0.686914 0.017507 0.024971
0 0.796489 0.683929 0.016493 0.026600
0 0.816743 0.681210 0.015471 0.028229
0 0.836289 0.677819 0.014250 0.025238
0 0.674343 0.719752 0.017714 0.027143
0 0.697654 0.715143 0.017507 0.027143
0 0.720757 0.713648 0.016900 0.029048
0 0.742843 0.711881 0.016286 0.029857
0 0.764829 0.705638 0.016286 0.030400
0 0.785904 0.702790 0.015264 0.030667
0 0.806568 0.700890 0.015879 0.026867
0 0.826414 0.696819 0.015671 0.029048
0 0.845446 0.693019 0.015879 0.028495
0 0.663754 0.738481 0.018121 0.033114
0 0.686150 0.736990 0.018929 0.032305
0 0.708236 0.734276 0.017100 0.031219
0 0.731446 0.728981 0.016693 0.031486
0 0.754143 0.727081 0.017714 0.028771
0 0.774807 0.725729 0.016700 0.033114
0 0.795571 0.719890 0.017100 0.031762
0 0.813893 0.714595 0.016286 0.030943
0 0.833743 0.711338 0.017300 0.028771
0 0.637086 0.779471 0.020157 0.032581
0 0.661411 0.775943 0.019136 0.034210
0 0.684521 0.772143 0.020157 0.035295
0 0.707629 0.767662 0.018729 0.033933
0 0.729004 0.763048 0.019136 0.030133
0 0.752718 0.759929 0.017707 0.033114
0 0.793843 0.751243 0.017714 0.030943
0 0.813489 0.749067 0.016693 0.033657
0 0.832929 0.742286 0.016086 0.030400
0 0.852064 0.739838 0.016486 0.029314
0 0.649096 0.798610 0.016493 0.028495
0 0.672204 0.794267 0.017107 0.026876
0 0.696532 0.789786 0.018936 0.028771
0 0.718007 0.785714 0.018729 0.027143
0 0.740707 0.780286 0.018529 0.029867
0 0.761979 0.778252 0.016286 0.028505
0 0.802800 0.766443 0.014457 0.029324
0 0.822039 0.764000 0.017507 0.028229
0 0.841682 0.761419 0.017307 0.033390
0 0.660496 0.815029 0.019336 0.033657
0 0.684214 0.809871 0.017914 0.027686
0 0.707729 0.805124 0.017714 0.027962
0 0.728596 0.802952 0.017507 0.031219
0 0.749868 0.797524 0.016493 0.029581
0 0.772364 0.793319 0.015886 0.029857
0 0.792825 0.786800 0.016493 0.027695
0 0.811654 0.780424 0.016693 0.028505
0 0.831807 0.779338 0.016286 0.032848
0 0.672100 0.829686 0.021786 0.032571
0 0.694393 0.824395 0.017914 0.031762
0 0.715871 0.819919 0.016900 0.030943
0 0.738061 0.813810 0.016493 0.027410
0 0.759536 0.809600 0.017100 0.030400
0 0.780607 0.807433 0.016086 0.027686
0 0.801271 0.801462 0.017100 0.027686
0 0.821018 0.796029 0.016693 0.028229
0 0.681975 0.843938 0.017921 0.030124
0 0.704675 0.840271 0.020150 0.033114
0 0.726254 0.835524 0.018936 0.030667
0 0.747729 0.828333 0.017100 0.029314
0 0.770839 0.825481 0.018121 0.026867
0 0.789364 0.821681 0.017714 0.030124
0 0.810739 0.816795 0.019750 0.034467
0 0.735925 0.851400 0.019136 0.031486
0 0.759639 0.846524 0.023821 0.034190
0 0.772100 0.756048 0.016843 0.026076
0 0.782879 0.770971 0.018843 0.028895
0 0.866521 0.655481 0.018729 0.027419
0 0.855629 0.675838 0.018114 0.029048
0 0.863061 0.689410 0.020764 0.025790
0 0.854000 0.709629 0.018929 0.029314
