0 0.807389 0.420109 0.058556 0.091781
0 0.189933 0.069766 0.060711 0.093219
0 0.980978 0.879875 0.038044 0.093250
0 0.896111 0.882172 0.059778 0.103094
0 0.948867 0.763984 0.061644 0.101781
0 0.980978 0.649047 0.038044 0.096531
0 0.900078 0.646422 0.060244 0.093906
0 0.808311 0.639531 0.060711 0.093250
0 0.848011 0.768250 0.059756 0.099812
0 0.800378 0.881516 0.061644 0.092594
0 0.708389 0.877578 0.060689 0.089969
0 0.757422 0.760375 0.060711 0.093250
0 0.707222 0.643797 0.053689 0.086031
0 0.616633 0.879219 0.060244 0.091938
0 0.661222 0.763984 0.058844 0.088656
0 0.521133 0.875609 0.059778 0.091281
0 0.569467 0.763000 0.061156 0.093250
0 0.614067 0.643141 0.061644 0.086031
0 0.523467 0.648719 0.060711 0.089312
0 0.477011 0.762672 0.064911 0.093906
0 0.427744 0.874625 0.063489 0.090625
0 0.333422 0.874297 0.063511 0.087344
0 0.382678 0.761359 0.063044 0.089969
0 0.431011 0.645109 0.061622 0.091281
0 0.334589 0.649703 0.063978 0.093906
0 0.288122 0.762016 0.062556 0.087344
0 0.237922 0.879875 0.063978 0.091937
0 0.147578 0.885125 0.065378 0.093250
0 0.051356 0.878234 0.064489 0.095219
0 0.191733 0.768578 0.063911 0.092594
0 0.098067 0.764312 0.066311 0.094562
0 0.239789 0.652984 0.062111 0.095219
0 0.146400 0.651344 0.065822 0.091937
0 0.017744 0.768906 0.034556 0.106375
0 0.049511 0.652000 0.068178 0.095875
0 0.097133 0.536438 0.065378 0.097187
0 0.016578 0.531844 0.033156 0.097188
0 0.048344 0.421531 0.063044 0.089313
0 0.193567 0.533484 0.063978 0.089969
0 0.146178 0.419234 0.067244 0.092594
0 0.240489 0.419562 0.064444 0.089313
0 0.286489 0.537422 0.068622 0.097844
0 0.379411 0.534797 0.063978 0.097844
0 0.476778 0.536109 0.061644 0.093906
0 0.335289 0.418578 0.064444 0.095219
0 0.429144 0.417922 0.065356 0.088656
0 0.522533 0.415625 0.061644 0.091938
0 0.567600 0.534141 0.063956 0.092594
0 0.662156 0.536438 0.067244 0.097187
0 0.756722 0.536438 0.064911 0.094562
0 0.617100 0.415953 0.062111 0.087344
0 0.713522 0.416938 0.061622 0.089313
0 0.854111 0.531047 0.058889 0.089656
0 0.942889 0.529937 0.060444 0.085125
0 0.980756 0.416437 0.038000 0.085125
0 0.949722 0.306953 0.064556 0.090781
0 0.852089 0.305234 0.062933 0.096469
0 0.756478 0.299000 0.063756 0.093062
0 0.016133 0.302969 0.032267 0.096437
0 0.047600 0.186656 0.062933 0.097563
0 0.016100 0.070922 0.028956 0.099844
0 0.666911 0.305234 0.063733 0.091906
0 0.569267 0.306937 0.062133 0.086250
0 0.474867 0.301266 0.057289 0.088531
0 0.380856 0.304672 0.064556 0.090781
0 0.289278 0.303531 0.063756 0.093063
0 0.194022 0.300703 0.065289 0.098719
0 0.099656 0.304094 0.065356 0.094188
0 0.144844 0.188359 0.068578 0.089656
0 0.240856 0.184391 0.058911 0.093031
0 0.335667 0.190062 0.062933 0.090750
0 0.428467 0.188922 0.061333 0.093031
0 0.522067 0.189500 0.062933 0.089625
0 0.618489 0.187797 0.062133 0.088531
0 0.714922 0.188922 0.061311 0.097594
0 0.806911 0.188375 0.061333 0.087375
0 0.898900 0.188375 0.064556 0.087375
0 0.982767 0.188359 0.033978 0.091906
0 0.951344 0.076031 0.064556 0.103250
0 0.851278 0.075453 0.064556 0.093031
0 0.760100 0.073188 0.064556 0.093063
0 0.664078 0.076594 0.069400 0.099875
0 0.571689 0.073750 0.063733 0.103250
0 0.478089 0.071484 0.063733 0.098719
0 0.382478 0.073188 0.061311 0.093063
0 0.285644 0.070922 0.067778 0.093031
0 0.096000 0.071078 0.063956 0.093781
0 0.896911 0.415391 0.066933 0.091781
