0 0.5045120000000001 0.800378 0.017344 0.024296
0 0.51667 0.040378000000000025 0.017324 0.024296
0 0.535782 0.022018000000000093 0.017344 0.024296
0 0.444658 0.07238199999999995 0.017324 0.024296
0 0.46331999999999995 0.05402400000000007 0.017344 0.024296
0 0.43265599999999993 0.015481999999999996 0.017344 0.024296
0 0.4122079999999999 0.03266999999999998 0.017344 0.024296
0 0.39087000000000005 0.05105399999999993 0.017324 0.024296
0 0.37175800000000003 0.06824199999999991 0.017344 0.024296
0 0.35041999999999995 0.08305999999999991 0.017324 0.024296
0 0.46265599999999996 0.37956999999999996 0.017344 0.024296
0 0.425986 0.38155000000000006 0.017324 0.024296
0 0.40708999999999995 0.3993359999999999 0.017344 0.024296
0 0.3874599999999999 0.42006600000000005 0.017344 0.024296
0 0.36857399999999996 0.43982999999999994 0.017344 0.024296
0 0.3474520000000001 0.4591019999999999 0.017324 0.024296
0 0.325966 0.478842 0.017324 0.024296
0 0.30485399999999996 0.49910199999999993 0.017324 0.024296
0 0.2841119999999999 0.516888 0.017324 0.024296
0 0.2637400000000001 0.54108 0.017324 0.024296
0 0.24077199999999999 0.5593619999999999 0.017324 0.024296
0 0.443028 0.395872 0.017344 0.024296
0 0.4237599999999999 0.41514399999999996 0.017324 0.024296
0 0.4030180000000001 0.434388 0.017324 0.024296
0 0.38338800000000006 0.45464799999999994 0.017324 0.024296
0 0.36412200000000006 0.4729300000000001 0.017344 0.024296
0 0.34226599999999996 0.494154 0.017344 0.024296
0 0.32226599999999994 0.5134240000000001 0.017344 0.024296
0 0.3022659999999999 0.5341659999999999 0.017344 0.024322
0 0.28004000000000007 0.554414 0.017344 0.024296
0 0.258926 0.576146 0.017344 0.024322
0 0.2370699999999999 0.5963940000000001 0.017344 0.024296
0 0.4578420000000001 0.4136580000000001 0.017324 0.024296
0 0.43821200000000005 0.4329160000000001 0.017324 0.024322
0 0.41894600000000004 0.4521740000000001 0.017344 0.024296
0 0.39968800000000004 0.470456 0.017344 0.024296
0 0.379688 0.491692 0.017344 0.024322
0 0.3600479999999999 0.50996 0.017324 0.024296
0 0.3393060000000001 0.5297259999999999 0.017324 0.024296
0 0.31745200000000007 0.5519400000000001 0.017324 0.024296
0 0.29708 0.57121 0.017324 0.024296
0 0.27669999999999995 0.593424 0.017344 0.024296
0 0.25484400000000007 0.6136839999999999 0.017344 0.024296
0 0.49080999999999997 0.40969999999999995 0.017324 0.024296
0 0.47377 0.4299599999999999 0.017344 0.024296
0 0.454882 0.449206 0.017344 0.024296
0 0.4341299999999999 0.4664980000000001 0.017324 0.024296
0 0.41524399999999995 0.485768 0.017324 0.024296
0 0.3952340000000001 0.5069920000000001 0.017344 0.024296
0 0.37449200000000005 0.5267580000000001 0.017344 0.024296
0 0.35449200000000003 0.546524 0.017344 0.024296
0 0.334492 0.565768 0.017344 0.024296
0 0.31337799999999993 0.586524 0.017344 0.024296
0 0.2926359999999999 0.6067579999999999 0.017344 0.024296
0 0.5241499999999999 0.4082159999999999 0.017324 0.024296
0 0.5059959999999999 0.42699200000000004 0.017344 0.024296
0 0.4874799999999999 0.4477340000000001 0.017344 0.024322
0 0.63083 0.41514399999999996 0.017324 0.024296
0 0.61416 0.4329160000000001 0.017344 0.024322
0 0.522294 0.5583720000000001 0.017324 0.024296
0 0.578964 0.4684759999999999 0.017344 0.024296
0 0.5615619999999999 0.48774800000000007 0.017344 0.024296
0 0.46525400000000006 0.616158 0.017344 0.024296
0 0.44747000000000003 0.635912 0.017324 0.024322
0 0.5067379999999999 0.5445439999999999 0.017344 0.024296
0 0.40968800000000005 0.6744399999999999 0.017344 0.024296
0 0.5708200000000001 0.5371220000000001 0.017344 0.024296
0 0.45339799999999997 0.601836 0.017344 0.024296
0 0.5356259999999999 0.570716 0.017344 0.024296
0 0.5152540000000001 0.5924480000000001 0.017344 0.024322
0 0.3941300000000001 0.661106 0.017324 0.024296
0 0.556368 0.521328 0.017344 0.024322
0 0.538594 0.540092 0.017344 0.024296
0 0.596376 0.45118400000000003 0.017324 0.024296
0 0.5034080000000001 0.5776300000000001 0.017324 0.024322
0 0.483398 0.5978779999999999 0.017344 0.024296
0 0.5434079999999999 0.505026 0.017324 0.024322
0 0.5267379999999999 0.524778 0.017344 0.024296
0 0.42931600000000003 0.655664 0.017344 0.024296
0 0.48895599999999995 0.56233 0.017324 0.024296
0 0.46969799999999995 0.5820700000000001 0.017324 0.024296
0 0.5523039999999999 0.55392 0.017344 0.024296
0 0.43265599999999993 0.620104 0.017344 0.024322
0 0.4141300000000001 0.6413420000000001 0.017324 0.024296
0 0.499698 0.610222 0.017324 0.024296
0 0.60083 0.530222 0.017324 0.024296
0 0.583046 0.549466 0.017344 0.024296
0 0.566006 0.5682419999999999 0.017324 0.024296
0 0.548964 0.587018 0.017344 0.024296
0 0.531182 0.606276 0.017324 0.024322
0 0.5130380000000001 0.624544 0.017324 0.024296
0 0.49562400000000006 0.6443099999999999 0.017344 0.024296
0 0.4771099999999999 0.6640619999999999 0.017344 0.024322
0 0.45969799999999994 0.6833199999999999 0.017324 0.024296
0 0.4408000000000001 0.7025920000000001 0.017344 0.024296
0 0.4241299999999999 0.6882680000000001 0.017324 0.024296
0 0.44265599999999994 0.6685019999999999 0.017344 0.024296
0 0.462286 0.6487499999999999 0.017344 0.024322
0 0.48044 0.630976 0.017324 0.024296
0 0.27225600000000005 0.6275139999999999 0.017324 0.024296
0 0.250772 0.6482680000000001 0.017324 0.024296
0 0.309296 0.622566 0.017344 0.024296
0 0.288926 0.6423300000000001 0.017344 0.024296
0 0.26669999999999994 0.6625920000000001 0.017344 0.024296
0 0.32560600000000006 0.6373819999999999 0.017344 0.024296
0 0.30485399999999996 0.6571480000000001 0.017324 0.024296
0 0.28485399999999994 0.6803520000000001 0.017324 0.024296
0 0.343008 0.6512100000000001 0.017344 0.024296
0 0.3226359999999999 0.6719660000000001 0.017344 0.024296
0 0.3011520000000001 0.69418 0.017344 0.024296
0 0.28041000000000005 0.714934 0.017344 0.024296
0 0.3389359999999999 0.6853 0.017324 0.024296
0 0.316708 0.705066 0.017324 0.024296
0 0.29670799999999997 0.728764 0.017324 0.024296
0 0.37301800000000007 0.6808460000000001 0.017324 0.024296
0 0.35375 0.701106 0.017344 0.024296
0 0.33375 0.7208600000000001 0.017344 0.024322
0 0.31337799999999993 0.7435799999999999 0.017344 0.024296
0 0.388574 0.694674 0.017344 0.024296
0 0.36893599999999993 0.71543 0.017324 0.024296
0 0.350792 0.738632 0.017324 0.024296
0 0.3300399999999999 0.7579039999999999 0.017344 0.024296
0 0.40524399999999994 0.709986 0.017324 0.024296
0 0.3856059999999999 0.729258 0.017344 0.024296
0 0.3663479999999999 0.75099 0.017344 0.024322
0 0.3456060000000001 0.770248 0.017344 0.024296
0 0.41968800000000006 0.721848 0.017344 0.024322
0 0.40190400000000004 0.744076 0.017324 0.024296
0 0.38338800000000006 0.7628520000000001 0.017324 0.024296
0 0.36189399999999994 0.7870440000000001 0.017344 0.024296
0 0.5619339999999999 0.601342 0.017344 0.024296
0 0.324492 0.790014 0.017344 0.024296
0 0.34152399999999994 0.80582 0.017344 0.024296
0 0.3570899999999999 0.8186580000000001 0.017344 0.024296
0 0.3763479999999999 0.7974079999999999 0.017344 0.024296
0 0.3952340000000001 0.775196 0.017344 0.024296
0 0.4145019999999999 0.7564200000000001 0.017324 0.024296
0 0.4341299999999999 0.7371479999999999 0.017324 0.024296
0 0.45339799999999997 0.716914 0.017344 0.024296
0 0.472286 0.6976439999999999 0.017344 0.024296
0 0.49080999999999997 0.679856 0.017324 0.024296
0 0.508222 0.6581379999999999 0.017344 0.024296
0 0.527852 0.6393759999999999 0.017344 0.023282
0 0.5456240000000001 0.6205860000000001 0.017344 0.024296
0 0.5797079999999999 0.58405 0.017344 0.024296
0 0.5974900000000001 0.5672520000000001 0.017324 0.024296
0 0.613046 0.548008 0.017344 0.024296
0 0.6267579999999999 0.560846 0.017344 0.024296
0 0.6089739999999999 0.5771360000000001 0.017324 0.024322
0 0.59416 0.594908 0.017344 0.024296
0 0.575264 0.617148 0.017324 0.024296
0 0.733066 0.5736840000000001 0.017344 0.024296
0 0.7212099999999999 0.560352 0.017344 0.024296
0 0.7097260000000001 0.5484899999999999 0.017344 0.024322
0 0.694542 0.565768 0.017324 0.024296
0 0.705654 0.5786199999999999 0.017324 0.024322
0 0.7167680000000001 0.590976 0.017324 0.024296
0 0.7278800000000001 0.6038159999999999 0.017324 0.024296
0 0.712696 0.6220699999999999 0.017344 0.024296
0 0.703066 0.609232 0.017344 0.024296
0 0.6900980000000001 0.5963940000000001 0.017344 0.024296
0 0.678242 0.5825659999999999 0.017344 0.024296
0 0.6623140000000001 0.600846 0.017324 0.024296
0 0.675654 0.616158 0.017324 0.024296
0 0.686026 0.6275139999999999 0.017324 0.024296
0 0.6975100000000001 0.639856 0.017324 0.024296
0 0.6937979999999999 0.6724600000000001 0.017324 0.024296
0 0.6815819999999999 0.6586320000000001 0.017344 0.024296
0 0.6704680000000001 0.64629 0.017344 0.024296
0 0.657872 0.6329560000000001 0.017344 0.024296
0 0.6460159999999999 0.6196219999999999 0.017344 0.024296
0 0.630458 0.639362 0.017324 0.024296
0 0.641572 0.6521999999999999 0.017324 0.024296
0 0.6534279999999999 0.664558 0.017324 0.024322
0 0.6660159999999999 0.6788799999999999 0.017344 0.024322
0 0.678614 0.6897519999999999 0.017344 0.024296
0 0.6634279999999999 0.7070320000000001 0.017324 0.024322
0 0.649356 0.6956640000000001 0.017344 0.024296
0 0.638242 0.6823300000000001 0.017344 0.024296
0 0.6267579999999999 0.670976 0.017344 0.024296
0 0.6137900000000001 0.6581379999999999 0.017344 0.024296
0 0.596376 0.67642 0.017324 0.024296
0 0.6093459999999999 0.6887639999999999 0.017324 0.024296
0 0.622314 0.7016020000000001 0.017324 0.024296
0 0.633418 0.71543 0.017344 0.024296
0 0.6463859999999999 0.724804 0.017344 0.024296
0 0.631202 0.7430859999999999 0.017324 0.024296
0 0.6174999999999999 0.7327220000000001 0.017344 0.024296
0 0.6052740000000001 0.7208600000000001 0.017344 0.024322
0 0.593418 0.708008 0.017344 0.024296
0 0.5804499999999999 0.69418 0.017344 0.024296
0 0.5623039999999999 0.715924 0.017344 0.024296
0 0.574892 0.728764 0.017324 0.024296
0 0.5886039999999999 0.739128 0.017324 0.024296
0 0.60083 0.752956 0.017324 0.024296
0 0.613046 0.760378 0.017344 0.024296
0 0.5974900000000001 0.7820959999999999 0.017324 0.024296
0 0.584532 0.7717320000000001 0.017344 0.024296
0 0.5715619999999999 0.7583979999999999 0.017344 0.024296
0 0.557852 0.747044 0.017344 0.024296
0 0.545264 0.7337100000000001 0.017324 0.024296
0 0.528222 0.75345 0.017344 0.024296
0 0.5419240000000001 0.764818 0.017324 0.024322
0 0.5548919999999999 0.777174 0.017324 0.024296
0 0.568594 0.7885279999999999 0.017344 0.024296
0 0.509698 0.7722260000000001 0.017324 0.024296
0 0.5237799999999999 0.783086 0.017324 0.024296
0 0.5359959999999999 0.7964199999999999 0.017344 0.024296
0 0.491182 0.7865500000000001 0.017324 0.024296
0 0.49799799999999994 0.056394000000000055 0.017324 0.024296
0 0.518964 0.8127219999999999 0.017344 0.024296
0 0.5315620000000001 0.8260540000000001 0.017344 0.024296
0 0.548964 0.806316 0.017344 0.024296
0 0.473028 0.809752 0.017344 0.024296
0 0.4867379999999999 0.821628 0.017344 0.024296
0 0.50044 0.835456 0.017324 0.024296
0 0.45377 0.8285279999999999 0.017344 0.024296
0 0.46895599999999993 0.843842 0.017324 0.024296
0 0.436728 0.8492839999999999 0.017324 0.024296
0 0.33664000000000005 0.02793000000000001 0.017344 0.024296
0 0.31530199999999997 0.0469139999999999 0.017324 0.024296
0 0.333526 0.06647200000000009 0.017324 0.024296
0 0.354414 0.049284000000000106 0.017344 0.024296
0 0.3757520000000001 0.031498000000000026 0.017324 0.024296
0 0.3953120000000001 0.013112000000000013 0.017344 0.024296
0 0.44747000000000003 0.36277399999999993 0.017324 0.024296
0 0.25003 0.48626400000000003 0.017324 0.024296
0 0.24558600000000008 0.5218100000000001 0.017344 0.024296
0 0.26744199999999996 0.50207 0.017344 0.024296
0 0.28966800000000004 0.47983 0.017344 0.024296
0 0.309296 0.46156200000000003 0.017344 0.024322
0 0.3300399999999999 0.4432940000000001 0.017344 0.024296
0 0.350792 0.4215500000000001 0.017324 0.024296
0 0.37153400000000003 0.402304 0.017324 0.024296
0 0.391162 0.38204400000000005 0.017324 0.024296
0 0.4104300000000001 0.3622780000000001 0.017344 0.024296
0 0.76789 0.508972 0.017344 0.024296
0 0.741582 0.5119400000000001 0.017344 0.024296
0 0.7564059999999999 0.494154 0.017344 0.024296
0 0.77122 0.47834599999999994 0.017324 0.024296
0 0.7856639999999999 0.46009199999999995 0.017344 0.024296
0 0.71418 0.515404 0.017344 0.024296
0 0.7308399999999999 0.49910199999999993 0.017344 0.024296
0 0.7452920000000001 0.48181000000000007 0.017344 0.024296
0 0.760108 0.464518 0.017324 0.024296
0 0.7752920000000001 0.4477340000000001 0.017344 0.024322
0 0.7912300000000001 0.4299599999999999 0.017344 0.024296
0 0.686768 0.5188539999999999 0.017324 0.024322
0 0.703808 0.50108 0.017344 0.024296
0 0.7182519999999999 0.4832939999999999 0.017324 0.024296
0 0.73418 0.46748600000000007 0.017344 0.024296
0 0.749736 0.45118400000000003 0.017324 0.024296
0 0.7652920000000001 0.4329160000000001 0.017344 0.024322
0 0.778632 0.41613199999999995 0.017344 0.024296
0 0.7956639999999999 0.40032599999999996 0.017344 0.024296
0 0.674912 0.505026 0.017324 0.024322
0 0.6912100000000001 0.4892319999999999 0.017344 0.024296
0 0.707138 0.46995999999999993 0.017324 0.024296
0 0.722324 0.4521740000000001 0.017344 0.024296
0 0.7367779999999999 0.4378519999999999 0.017344 0.024296
0 0.753066 0.42105400000000004 0.017344 0.024296
0 0.768632 0.402304 0.017344 0.024296
0 0.7830760000000001 0.386498 0.017324 0.024296
0 0.79752 0.3696999999999999 0.017344 0.024296
0 0.6475 0.50996 0.017344 0.024296
0 0.6630560000000001 0.4921739999999999 0.017324 0.024296
0 0.678984 0.4729300000000001 0.017344 0.024296
0 0.695654 0.45712200000000003 0.017324 0.024296
0 0.7104680000000001 0.43933599999999995 0.017344 0.024296
0 0.7260359999999999 0.4220440000000001 0.017344 0.024296
0 0.5611919999999999 0.37365800000000005 0.017344 0.024296
0 0.578964 0.3543879999999999 0.017344 0.024296
0 0.5952740000000001 0.335612 0.017344 0.024296
0 0.611934 0.31831999999999994 0.017344 0.024296
0 0.629346 0.30055999999999994 0.017324 0.024296
0 0.6463859999999999 0.2832680000000001 0.017344 0.024296
0 0.6630560000000001 0.2684500000000001 0.017324 0.024296
0 0.678614 0.24917999999999996 0.017344 0.024296
0 0.695284 0.23287799999999992 0.017324 0.024296
0 0.7115819999999999 0.21511799999999992 0.017344 0.024296
0 0.7275100000000001 0.1993100000000001 0.017324 0.024296
0 0.742324 0.18350200000000005 0.017344 0.024296
0 0.4767380000000001 0.39686200000000005 0.017344 0.024296
0 0.509698 0.39488199999999996 0.017324 0.024296
0 0.49562400000000006 0.37907599999999997 0.017344 0.024296
0 0.5141500000000001 0.35785200000000006 0.017324 0.024296
0 0.528964 0.37561200000000006 0.017344 0.024296
0 0.546738 0.356368 0.017344 0.024296
0 0.5641499999999999 0.3385800000000001 0.017324 0.024296
0 0.582676 0.32030000000000003 0.017344 0.024296
0 0.5997159999999999 0.30155 0.017324 0.024296
0 0.6163860000000001 0.2842579999999999 0.017344 0.024296
0 0.6337900000000001 0.26647200000000004 0.017344 0.024296
0 0.6500980000000001 0.24917999999999996 0.017344 0.024296
0 0.666758 0.23287799999999992 0.017344 0.024296
0 0.6823239999999999 0.216588 0.017344 0.024322
0 0.6993560000000001 0.1998040000000001 0.017344 0.024296
0 0.71455 0.18300800000000006 0.017344 0.024296
0 0.7304679999999999 0.16670600000000002 0.017344 0.024296
0 0.7182519999999999 0.14891999999999994 0.017324 0.024296
0 0.5326660000000001 0.34056 0.017324 0.024296
0 0.5519339999999999 0.32178400000000007 0.017344 0.024296
0 0.568594 0.304986 0.017344 0.024296
0 0.585634 0.2882039999999999 0.017324 0.024322
0 0.603046 0.2684500000000001 0.017344 0.024296
0 0.620088 0.25214800000000004 0.017324 0.024296
0 0.638614 0.23485599999999995 0.017344 0.024296
0 0.6552739999999999 0.21855399999999992 0.017344 0.024296
0 0.6704680000000001 0.20079399999999992 0.017344 0.024296
0 0.6875 0.1849860000000001 0.017344 0.024296
0 0.703066 0.16819000000000006 0.017344 0.024296
0 0.48080999999999996 0.3612899999999999 0.017324 0.024296
0 0.500068 0.34105399999999997 0.017324 0.024296
0 0.518222 0.32425799999999994 0.017344 0.024296
0 0.53711 0.304986 0.017344 0.024296
0 0.5548919999999999 0.289674 0.017324 0.024296
0 0.5708200000000001 0.1479299999999999 0.017344 0.024296
0 0.584532 0.16720000000000002 0.017344 0.024296
0 0.566006 0.18300800000000006 0.017324 0.024296
0 0.548964 0.201276 0.017344 0.024322
0 0.5308200000000001 0.21855399999999992 0.017344 0.024296
0 0.511552 0.235352 0.017324 0.024296
0 0.49266600000000005 0.2536320000000001 0.017324 0.024296
0 0.474882 0.2733859999999999 0.017344 0.024322
0 0.45562400000000003 0.289674 0.017344 0.024296
0 0.435986 0.30993399999999993 0.017324 0.024296
0 0.415616 0.326732 0.017324 0.024296
0 0.3963479999999999 0.346484 0.017344 0.024322
0 0.3756060000000001 0.366236 0.017344 0.024296
0 0.35449200000000003 0.387486 0.017344 0.024296
0 0.33412200000000003 0.40524800000000005 0.017344 0.024296
0 0.31375 0.42451799999999995 0.017344 0.024296
0 0.2926359999999999 0.4447779999999999 0.017344 0.024296
0 0.27041000000000004 0.46501400000000004 0.017344 0.024296
0 0.5530459999999999 0.16620999999999997 0.017344 0.024296
0 0.5348919999999999 0.18300800000000006 0.017324 0.024296
0 0.5163679999999999 0.20029999999999992 0.017344 0.024296
0 0.49785199999999996 0.21756599999999993 0.017344 0.024296
0 0.4778420000000001 0.235846 0.017324 0.024296
0 0.4600580000000001 0.2546219999999999 0.017344 0.024296
0 0.44005800000000006 0.27290400000000004 0.017344 0.024296
0 0.42005800000000004 0.29115800000000003 0.017344 0.024296
0 0.400058 0.31043 0.017344 0.024296
0 0.38004799999999994 0.3292060000000001 0.017324 0.024296
0 0.360792 0.34795599999999993 0.017324 0.024296
0 0.3385640000000001 0.3682160000000001 0.017324 0.024296
0 0.31782200000000005 0.38847600000000004 0.017324 0.024296
0 0.29670799999999997 0.4077219999999999 0.017324 0.024296
0 0.2763279999999999 0.4284760000000001 0.017344 0.024296
0 0.25410200000000005 0.44821599999999995 0.017344 0.024296
0 0.25781199999999993 0.410196 0.017344 0.024296
0 0.5915619999999999 0.09756600000000004 0.017344 0.024296
0 0.57416 0.11386800000000008 0.017344 0.024296
0 0.555634 0.13015599999999994 0.017324 0.024322
0 0.539336 0.14941399999999994 0.017344 0.024296
0 0.5197080000000001 0.16620999999999997 0.017344 0.024296
0 0.501182 0.18251400000000007 0.017324 0.024296
0 0.482656 0.20177 0.017344 0.024322
0 0.463028 0.22004 0.017344 0.024296
0 0.445244 0.23881599999999992 0.017324 0.024296
0 0.4237599999999999 0.25561199999999995 0.017324 0.024296
0 0.40524399999999994 0.27486999999999995 0.017324 0.024322
0 0.3126359999999999 0.25610599999999994 0.017344 0.024296
0 0.2911520000000001 0.2768360000000001 0.017344 0.024296
0 0.27115200000000006 0.295612 0.017344 0.024296
0 0.45969799999999994 0.09212200000000004 0.017324 0.024296
0 0.4408000000000001 0.1089199999999999 0.017344 0.024296
0 0.42080000000000006 0.12571599999999994 0.017344 0.024296
0 0.4011720000000001 0.14495999999999998 0.017344 0.024296
0 0.379688 0.1632420000000001 0.017344 0.024296
0 0.3585640000000001 0.18350200000000005 0.017324 0.024296
0 0.3385640000000001 0.20079399999999992 0.017324 0.024296
0 0.31745200000000007 0.21855399999999992 0.017324 0.024296
0 0.29596599999999995 0.23881599999999992 0.017324 0.024296
0 0.2741119999999999 0.257096 0.017324 0.024296
0 0.424874 0.08816399999999991 0.017324 0.024296
0 0.40487399999999996 0.10694000000000004 0.017324 0.024296
0 0.3837600000000001 0.12620999999999993 0.017324 0.024296
0 0.36412200000000006 0.14350200000000002 0.017344 0.024296
0 0.34152399999999994 0.16423199999999993 0.017344 0.024296
0 0.3215239999999999 0.18152400000000002 0.017344 0.024296
0 0.30041000000000007 0.20029999999999992 0.017344 0.024296
0 0.27855399999999997 0.21904999999999997 0.017344 0.024296
0 0.388204 0.08816399999999991 0.017344 0.024296
0 0.3674599999999999 0.10594999999999999 0.017344 0.024296
0 0.2818940000000001 0.18102799999999997 0.017344 0.024296
0 0.3033779999999999 0.16225200000000006 0.017344 0.024296
0 0.32486400000000004 0.14350200000000002 0.017344 0.024296
0 0.34597600000000006 0.12472599999999989 0.017344 0.024296
0 0.3289359999999999 0.10446599999999995 0.017324 0.024296
0 0.286338 0.14102799999999993 0.017324 0.024296
0 0.308554 0.12274800000000008 0.017344 0.024296
0 0.2900400000000001 0.10298199999999991 0.017344 0.024296
0 0.31300799999999995 0.08373600000000003 0.017344 0.024296
0 0.2937399999999999 0.06545599999999996 0.017324 0.024296
0 0.29781199999999997 0.025455999999999923 0.017344 0.024296
0 0.813448 0.24571600000000005 0.017324 0.024296
0 0.8019719999999999 0.23041599999999995 0.017344 0.024322
0 0.7915920000000001 0.21363200000000004 0.017324 0.024296
0 0.779746 0.1993100000000001 0.017344 0.024296
0 0.769004 0.18300800000000006 0.017344 0.024296
0 0.75752 0.16720000000000002 0.017344 0.024296
0 0.7464059999999999 0.15139400000000003 0.017344 0.024296
0 0.7352920000000001 0.1336059999999999 0.017344 0.024296
0 0.722696 0.11681000000000008 0.017344 0.024296
0 0.7108399999999999 0.09954400000000008 0.017344 0.024296
0 0.81752 0.21363200000000004 0.017344 0.024296
0 0.806406 0.19832000000000005 0.017344 0.024296
0 0.796406 0.182018 0.017344 0.024296
0 0.7849219999999999 0.16670600000000002 0.017344 0.024296
0 0.7730760000000001 0.15040399999999998 0.017324 0.024296
0 0.761592 0.13459599999999994 0.017324 0.024296
0 0.75122 0.11928399999999995 0.017324 0.024296
0 0.7382519999999999 0.1005339999999999 0.017324 0.024296
0 0.7260359999999999 0.08373600000000003 0.017344 0.024296
0 0.799004 0.15188800000000002 0.017344 0.024296
0 0.8101179999999999 0.16620999999999997 0.017344 0.024296
0 0.8208599999999999 0.18300800000000006 0.017344 0.024296
0 0.8342 0.1696740000000001 0.017344 0.024296
0 0.82456 0.15188800000000002 0.017324 0.024296
0 0.81419 0.13657600000000003 0.017324 0.024296
0 0.8293759999999999 0.12027399999999999 0.017344 0.024296
0 0.816416 0.10298199999999991 0.017324 0.024296
0 0.8038179999999999 0.1182939999999999 0.017324 0.024296
0 0.78789 0.13410199999999994 0.017344 0.024296
0 0.776036 0.1182939999999999 0.017344 0.024296
0 0.7652920000000001 0.1005339999999999 0.017344 0.024296
0 0.75455 0.085704 0.017344 0.024322
0 0.780108 0.085704 0.017324 0.024322
0 0.7923340000000001 0.10248600000000008 0.017324 0.024296
0 0.806044 0.08766999999999991 0.017324 0.024296
0 0.822344 0.07286400000000004 0.017344 0.024322
0 0.8101179999999999 0.05558599999999991 0.017344 0.024296
0 0.799374 0.0387900000000001 0.017344 0.024296
0 0.813448 0.022486000000000006 0.017324 0.024296
0 0.5135540000000001 0.07475199999999993 0.017344 0.024296
0 0.5455559999999999 0.07831999999999995 0.017324 0.024296
0 0.5304500000000001 0.057566000000000006 0.017344 0.024296
0 0.577558 0.07475199999999993 0.017344 0.024296
0 0.562452 0.05876400000000004 0.017324 0.024296
0 0.55 0.0409759999999999 0.017344 0.024296
0 0.6091219999999999 0.08009200000000005 0.017344 0.024296
0 0.5957920000000001 0.061131999999999964 0.017324 0.024296
0 0.582452 0.04216200000000003 0.017324 0.024322
0 0.5677840000000001 0.02260400000000007 0.017324 0.024322
0 0.640234 0.08068999999999993 0.017344 0.024296
0 0.6260159999999999 0.06350199999999995 0.017344 0.024296
0 0.612236 0.04334600000000011 0.017324 0.024296
0 0.5997859999999999 0.02497400000000005 0.017344 0.024322
0 0.6704680000000001 0.08365800000000001 0.017344 0.024296
0 0.787374 0.02082000000000006 0.017324 0.024296
0 0.4793259999999999 0.07357999999999998 0.017324 0.024296
0 0.79626 0.07178400000000007 0.017324 0.024296
0 0.7829299999999999 0.053423999999999916 0.017344 0.024296
0 0.772256 0.03683600000000009 0.017324 0.024296
0 0.761592 0.01964800000000011 0.017324 0.024296
0 0.48333000000000004 0.036235999999999935 0.017324 0.024296
0 0.501992 0.020234000000000085 0.017344 0.024322
0 0.46895599999999993 0.466002 0.017324 0.024296
0 0.4489559999999999 0.48477799999999993 0.017324 0.024296
0 0.43005800000000005 0.50207 0.017344 0.024296
0 0.4104300000000001 0.524778 0.017344 0.024296
0 0.39043000000000005 0.54207 0.017344 0.024296
0 0.370792 0.560846 0.017324 0.024296
0 0.3500479999999999 0.5825659999999999 0.017324 0.024296
0 0.3304100000000001 0.6028260000000001 0.017344 0.024296
0 0.555634 0.404752 0.017324 0.024296
0 0.537852 0.42402399999999996 0.017344 0.024296
0 0.518964 0.44230400000000003 0.017344 0.024296
0 0.501182 0.460572 0.017324 0.024322
0 0.482286 0.47983 0.017344 0.024296
0 0.46414 0.4986060000000001 0.017344 0.024296
0 0.444874 0.519844 0.017324 0.024322
0 0.426728 0.539596 0.017324 0.024296
0 0.4059759999999999 0.5588679999999999 0.017344 0.024296
0 0.3859760000000001 0.578112 0.017344 0.024296
0 0.3667180000000001 0.598868 0.017344 0.024296
0 0.3481939999999999 0.6191279999999999 0.017324 0.024296
0 0.5886039999999999 0.40574200000000005 0.017324 0.024296
0 0.5704499999999999 0.4235279999999999 0.017344 0.024296
0 0.5526660000000001 0.44181000000000004 0.017324 0.024296
0 0.5337799999999999 0.46009199999999995 0.017324 0.024296
0 0.5159959999999999 0.47983 0.017344 0.024296
0 0.4985839999999999 0.494648 0.017324 0.024296
0 0.4782120000000001 0.5149079999999999 0.017324 0.024296
0 0.4615419999999999 0.5336719999999999 0.017344 0.024322
0 0.4415420000000001 0.5534239999999999 0.017344 0.024296
0 0.42228599999999994 0.571706 0.017344 0.024296
0 0.4030180000000001 0.591472 0.017324 0.024296
0 0.3830180000000001 0.6117060000000001 0.017324 0.024296
0 0.36375 0.6305080000000001 0.017344 0.02336
0 0.5997159999999999 0.4185939999999999 0.017324 0.024322
0 0.583418 0.4368620000000001 0.017344 0.024296
0 0.566376 0.455144 0.017324 0.024296
0 0.546376 0.47342400000000007 0.017324 0.024296
0 0.530078 0.49070400000000003 0.017344 0.024322
0 0.511924 0.50996 0.017324 0.024296
0 0.493398 0.530222 0.017344 0.024296
0 0.47414 0.5484899999999999 0.017344 0.024322
0 0.455986 0.5682419999999999 0.017324 0.024296
0 0.436728 0.5875140000000001 0.017324 0.024296
0 0.417832 0.608242 0.017344 0.024296
0 0.398204 0.6270180000000001 0.017344 0.024296
0 0.378204 0.646784 0.017344 0.024296
0 0.3574600000000001 0.6665239999999999 0.017344 0.024296
0 0.558222 0.6368879999999999 0.017344 0.024296
0 0.5397080000000001 0.65418 0.017344 0.024296
0 0.5226660000000001 0.6729560000000001 0.017324 0.024296
0 0.504882 0.6922140000000001 0.017344 0.024322
0 0.4856259999999999 0.7129559999999999 0.017344 0.024296
0 0.46895599999999993 0.729752 0.017324 0.024296
0 0.44931600000000005 0.752956 0.017344 0.024296
0 0.4315420000000001 0.7732159999999999 0.017344 0.024296
0 0.4115420000000001 0.79444 0.017344 0.024296
0 0.39227600000000007 0.8122259999999999 0.017324 0.024296
0 0.42747 0.8033459999999999 0.017324 0.024296
0 0.44635800000000003 0.7806120000000001 0.017324 0.024296
0 0.46377 0.764322 0.017344 0.024322
0 0.483028 0.7435799999999999 0.017344 0.024296
0 0.501552 0.72332 0.017324 0.024296
0 0.518964 0.705066 0.017344 0.024296
0 0.53711 0.6867840000000001 0.017344 0.024296
0 0.5548919999999999 0.6670180000000001 0.017324 0.024296
0 0.5719339999999999 0.64629 0.017344 0.024296
0 0.5893459999999999 0.6294919999999999 0.017324 0.024296
0 0.6052740000000001 0.6122000000000001 0.017344 0.024296
0 0.622314 0.5919540000000001 0.017324 0.024322
0 0.640088 0.5731900000000001 0.017324 0.024296
0 0.6341600000000001 0.6048039999999999 0.017344 0.024296
0 0.6171279999999999 0.62405 0.017344 0.024296
0 0.60083 0.6428259999999999 0.017324 0.024296
0 0.584902 0.660612 0.017344 0.024296
0 0.566376 0.676914 0.017324 0.024296
0 0.5504500000000001 0.6986319999999999 0.017344 0.024296
0 0.532294 0.717408 0.017324 0.024296
0 0.5145219999999999 0.738632 0.017324 0.024296
0 0.4959960000000001 0.75543 0.017344 0.024296
0 0.4782120000000001 0.77668 0.017324 0.024296
0 0.4589460000000001 0.7969139999999999 0.017344 0.024296
0 0.4408000000000001 0.81569 0.017344 0.024296
0 0.4215420000000001 0.836446 0.017344 0.024296
0 0.630458 0.5277480000000001 0.017324 0.024296
0 0.642314 0.54108 0.017324 0.024296
0 0.659356 0.5232939999999999 0.017344 0.024296
0 0.6552739999999999 0.555898 0.017344 0.024296
0 0.6712100000000001 0.5371220000000001 0.017344 0.024296
0 0.6512020000000001 0.5885020000000001 0.017324 0.024296
0 0.6671279999999999 0.569232 0.017344 0.024296
0 0.6823239999999999 0.5519400000000001 0.017344 0.024296
0 0.698984 0.5341659999999999 0.017344 0.024322
0 0.725292 0.5277480000000001 0.017344 0.024296
0 0.7367779999999999 0.54207 0.017344 0.024296
0 0.7471479999999999 0.554908 0.017344 0.024296
0 0.4682120000000001 0.017277999999999905 0.017324 0.024296
0 0.44865200000000005 0.03386800000000001 0.017344 0.024296
0 0.42820400000000003 0.053423999999999916 0.017344 0.024296
0 0.408652 0.07121 0.017344 0.024296
0 0.7412099999999999 0.40574200000000005 0.017344 0.024296
0 0.75752 0.38798200000000005 0.017344 0.024296
0 0.771962 0.37068999999999996 0.017324 0.024296
0 0.787148 0.3543879999999999 0.017344 0.024296
0 0.8019719999999999 0.33709600000000006 0.017344 0.024296
0 0.6171279999999999 0.5139199999999999 0.017344 0.024296
0 0.6349020000000001 0.495638 0.017344 0.024296
0 0.65083 0.47834599999999994 0.017324 0.024296
0 0.6671279999999999 0.46009199999999995 0.017344 0.024296
0 0.682696 0.44131600000000004 0.017344 0.024296
0 0.7000980000000001 0.42451799999999995 0.017344 0.024296
0 0.71455 0.4067320000000001 0.017344 0.024296
0 0.7304679999999999 0.3889579999999999 0.017344 0.024322
0 0.7456640000000001 0.372174 0.017344 0.024296
0 0.761592 0.356368 0.017324 0.024296
0 0.777148 0.33907599999999993 0.017344 0.024296
0 0.7901180000000001 0.32227800000000006 0.017344 0.024296
0 0.805302 0.3064720000000001 0.017324 0.024296
0 0.5886039999999999 0.5178780000000001 0.017324 0.024296
0 0.604902 0.500092 0.017344 0.024296
0 0.621572 0.4827999999999999 0.017324 0.024296
0 0.6375 0.464518 0.017344 0.024296
0 0.6549020000000001 0.44625000000000004 0.017344 0.024322
0 0.6715819999999999 0.4284760000000001 0.017344 0.024296
0 0.686026 0.41069 0.017324 0.024296
0 0.703066 0.3929039999999999 0.017344 0.024296
0 0.7186239999999999 0.37512999999999996 0.017324 0.024322
0 0.73455 0.3593219999999999 0.017344 0.024322
0 0.749736 0.342044 0.017324 0.024296
0 0.7645500000000001 0.32623599999999997 0.017344 0.024296
0 0.779374 0.30894599999999994 0.017344 0.024296
0 0.794932 0.2916540000000001 0.017324 0.024296
0 0.8093760000000001 0.27535200000000004 0.017344 0.024296
0 0.57379 0.5035540000000001 0.017344 0.024296
0 0.5908199999999999 0.485274 0.017344 0.024296
0 0.6089739999999999 0.4664980000000001 0.017324 0.024296
0 0.6271279999999999 0.44870999999999994 0.017344 0.024296
0 0.6430560000000001 0.43045599999999995 0.017324 0.024296
0 0.659356 0.4126700000000001 0.017344 0.024296
0 0.675284 0.395872 0.017324 0.024296
0 0.691954 0.3785799999999999 0.017344 0.024296
0 0.7075100000000001 0.360808 0.017324 0.024322
0 0.723066 0.3445180000000001 0.017344 0.024296
0 0.7389939999999999 0.325742 0.017324 0.024296
0 0.75455 0.30993399999999993 0.017344 0.024296
0 0.768632 0.2931379999999999 0.017344 0.024296
0 0.7838179999999999 0.2763420000000001 0.017324 0.024296
0 0.798262 0.2620180000000001 0.017344 0.024296
0 0.6475 0.39735600000000004 0.017344 0.024296
0 0.664542 0.380066 0.017324 0.024296
0 0.6804680000000001 0.363764 0.017344 0.024296
0 0.696026 0.346484 0.017324 0.024322
0 0.711954 0.32871000000000006 0.017344 0.024296
0 0.7275100000000001 0.310924 0.017324 0.024296
0 0.742696 0.295118 0.017344 0.024296
0 0.7564059999999999 0.2778259999999999 0.017344 0.024296
0 0.7734380000000001 0.26102800000000004 0.017344 0.024296
0 0.78752 0.24523399999999995 0.017344 0.024322
0 0.6178619999999999 0.401316 0.017324 0.024296
0 0.6341600000000001 0.3840239999999999 0.017344 0.024296
0 0.651572 0.366236 0.017324 0.024296
0 0.6671279999999999 0.3484499999999999 0.017344 0.024296
0 0.6834279999999999 0.331666 0.017324 0.024322
0 0.7012100000000001 0.3148820000000001 0.017344 0.024296
0 0.716396 0.2975920000000001 0.017324 0.024296
0 0.731954 0.27980399999999994 0.017344 0.024296
0 0.7467779999999999 0.265482 0.017344 0.024296
0 0.7630760000000001 0.24621000000000004 0.017324 0.024296
0 0.777148 0.23041599999999995 0.017344 0.024322
0 0.604902 0.3840239999999999 0.017344 0.024296
0 0.621944 0.365742 0.017324 0.024296
0 0.637872 0.35043 0.017344 0.024296
0 0.6560159999999999 0.33264399999999994 0.017344 0.024296
0 0.6704680000000001 0.3143879999999999 0.017344 0.024296
0 0.6875 0.29858000000000007 0.017344 0.024296
0 0.703808 0.28129000000000004 0.017344 0.024296
0 0.7204680000000001 0.26449199999999995 0.017344 0.024296
0 0.73418 0.2486839999999999 0.017344 0.024296
0 0.75122 0.230912 0.017324 0.024322
0 0.7645500000000001 0.2146220000000001 0.017344 0.024296
0 0.574892 0.38847600000000004 0.017324 0.024296
0 0.5911919999999999 0.3696999999999999 0.017344 0.024296
0 0.6086039999999999 0.350924 0.017324 0.024296
0 0.6252740000000001 0.335612 0.017344 0.024296
0 0.6437980000000001 0.31734400000000007 0.017324 0.024322
0 0.659356 0.30155 0.017344 0.024296
0 0.675284 0.28524799999999995 0.017324 0.024296
0 0.6915819999999999 0.26647200000000004 0.017344 0.024296
0 0.7075100000000001 0.24917999999999996 0.017324 0.024296
0 0.723438 0.2323820000000001 0.017344 0.024296
0 0.739736 0.216588 0.017324 0.024322
0 0.7541800000000001 0.20029999999999992 0.017344 0.024296
0 0.5426660000000001 0.38945399999999997 0.017324 0.024322
0 0.5730459999999999 0.27092399999999994 0.017344 0.024296
0 0.590088 0.2531380000000001 0.017324 0.024296
0 0.6067579999999999 0.23485599999999995 0.017344 0.024296
0 0.6237900000000001 0.21805999999999992 0.017344 0.024296
0 0.641572 0.20079399999999992 0.017324 0.024296
0 0.6575 0.18300800000000006 0.017344 0.024296
0 0.675284 0.16720000000000002 0.017324 0.024296
0 0.6908399999999999 0.14941399999999994 0.017344 0.024296
0 0.465986 0.3440240000000001 0.017324 0.024296
0 0.48451200000000005 0.32475199999999993 0.017344 0.024296
0 0.50377 0.30548200000000003 0.017344 0.024296
0 0.521924 0.2882039999999999 0.017324 0.024322
0 0.5404500000000001 0.27092399999999994 0.017344 0.024296
0 0.558594 0.251158 0.017344 0.024296
0 0.576748 0.235352 0.017324 0.024296
0 0.59379 0.2170700000000001 0.017344 0.024296
0 0.6793560000000001 0.1336059999999999 0.017344 0.024296
0 0.611192 0.20078200000000002 0.017344 0.024322
0 0.628614 0.1839980000000001 0.017344 0.024296
0 0.664912 0.11681000000000008 0.017324 0.024296
0 0.6815819999999999 0.10002599999999995 0.017344 0.024322
0 0.4319139999999999 0.346484 0.017344 0.024322
0 0.4508000000000001 0.32871000000000006 0.017344 0.024296
0 0.47006799999999993 0.3084499999999999 0.017324 0.024296
0 0.4882120000000001 0.29115800000000003 0.017324 0.024296
0 0.5074799999999999 0.271914 0.017344 0.024296
0 0.5267379999999999 0.257096 0.017344 0.024296
0 0.544522 0.23683600000000005 0.017324 0.024296
0 0.5623039999999999 0.22004 0.017344 0.024296
0 0.5800780000000001 0.20029999999999992 0.017344 0.024296
0 0.5978619999999999 0.18350200000000005 0.017324 0.024296
0 0.6160159999999999 0.16720000000000002 0.017344 0.024296
0 0.632314 0.14990799999999993 0.017324 0.024296
0 0.648614 0.1326179999999999 0.017344 0.024296
0 0.6456440000000001 0.16670600000000002 0.017344 0.024296
0 0.7082520000000001 0.1336059999999999 0.017324 0.024296
0 0.694542 0.11533799999999994 0.017324 0.024322
0 0.661572 0.14990799999999993 0.017324 0.024296
0 0.6526860000000001 0.09806000000000004 0.017324 0.024296
0 0.6363859999999999 0.11287800000000003 0.017344 0.024296
0 0.620458 0.13162800000000008 0.017324 0.024296
0 0.601934 0.1484239999999999 0.017344 0.024296
0 0.623046 0.09509199999999995 0.017344 0.024296
0 0.6052740000000001 0.11386800000000008 0.017344 0.024296
0 0.5874900000000001 0.13063800000000003 0.017324 0.024296
0 0.3841220000000001 0.29412799999999995 0.017344 0.024296
0 0.36412200000000006 0.31142000000000003 0.017344 0.024296
0 0.34263599999999994 0.331666 0.017344 0.024322
0 0.3215239999999999 0.350924 0.017344 0.024296
0 0.3011520000000001 0.37068999999999996 0.017344 0.024296
0 0.28004000000000007 0.39092400000000005 0.017344 0.024296
0 0.5604499999999999 0.0945959999999999 0.017344 0.024296
0 0.5426660000000001 0.11188799999999999 0.017324 0.024296
0 0.5237799999999999 0.12966199999999994 0.017324 0.024322
0 0.5052540000000001 0.14644600000000008 0.017344 0.024296
0 0.4859960000000001 0.16423199999999993 0.017344 0.024296
0 0.46747000000000005 0.1844920000000001 0.017324 0.024296
0 0.4489559999999999 0.20079399999999992 0.017324 0.024296
0 0.42820400000000003 0.21904999999999997 0.017344 0.024296
0 0.40894600000000003 0.2378260000000001 0.017344 0.024296
0 0.388946 0.25610599999999994 0.017344 0.024296
0 0.368204 0.27535200000000004 0.017344 0.024296
0 0.3478220000000001 0.29412799999999995 0.017324 0.024296
0 0.32708000000000004 0.31290400000000007 0.017324 0.024296
0 0.305596 0.33264399999999994 0.017324 0.024296
0 0.2837400000000001 0.35043 0.017324 0.024296
0 0.261514 0.37365800000000005 0.017324 0.024296
0 0.52748 0.09311200000000008 0.017344 0.024296
0 0.509336 0.11040399999999995 0.017344 0.024296
0 0.49080999999999997 0.12918000000000007 0.017324 0.024296
0 0.47191399999999994 0.14595000000000002 0.017344 0.024296
0 0.4519139999999999 0.16472599999999993 0.017344 0.024296
0 0.43228599999999995 0.18251400000000007 0.017344 0.024296
0 0.4133880000000001 0.20177 0.017324 0.024322
0 0.39264600000000005 0.21855399999999992 0.017324 0.024296
0 0.371904 0.23683600000000005 0.017324 0.024296
0 0.351534 0.256602 0.017324 0.024296
0 0.3304100000000001 0.2773300000000001 0.017344 0.024296
0 0.30966800000000005 0.29462199999999994 0.017344 0.024296
0 0.28781199999999996 0.316354 0.017344 0.024322
0 0.26521400000000006 0.33363199999999993 0.017344 0.024296
0 0.49562400000000006 0.09311200000000008 0.017344 0.024296
0 0.4763679999999999 0.11089799999999994 0.017344 0.024296
0 0.455986 0.12769600000000003 0.017324 0.024296
0 0.43710000000000004 0.14595000000000002 0.017324 0.024296
0 0.41708999999999996 0.16423199999999993 0.017344 0.024296
0 0.39783199999999996 0.18300800000000006 0.017344 0.024296
0 0.3763479999999999 0.20079399999999992 0.017344 0.024296
0 0.35597600000000007 0.21954399999999996 0.017344 0.024296
0 0.33560600000000007 0.2383200000000001 0.017344 0.024296
0 0.6571279999999999 0.0641020000000001 0.017344 0.024296
0 0.6446879999999999 0.04571600000000009 0.017344 0.024296
0 0.63002 0.02852800000000011 0.017344 0.024296
0 0.6993560000000001 0.08305999999999991 0.017344 0.024296
0 0.686026 0.06587199999999993 0.017324 0.024296
0 0.6722459999999999 0.0469139999999999 0.017344 0.024296
0 0.661132 0.02852800000000011 0.017344 0.024296
0 0.6469039999999999 0.012526000000000037 0.017324 0.024322
0 0.7149220000000001 0.0670440000000001 0.017344 0.024296
0 0.702032 0.04868399999999995 0.017344 0.024296
0 0.6891400000000001 0.030898000000000092 0.017344 0.024296
0 0.67625 0.013112000000000013 0.017344 0.024296
0 0.74248 0.0670440000000001 0.017344 0.024296
0 0.730918 0.052240000000000064 0.017344 0.024322
0 0.7184759999999999 0.033268000000000075 0.017344 0.024296
0 0.706474 0.014907999999999921 0.017324 0.024296
0 0.76915 0.06824199999999991 0.017324 0.024296
0 0.758038 0.05165400000000009 0.017324 0.024296
0 0.7455860000000001 0.03386800000000001 0.017344 0.024296
0 0.7349220000000001 0.017277999999999905 0.017344 0.024296
