0 0.84854 0.753428 0.030796 0.057354
0 0.894672 0.726188 0.034594 0.050042
0 0.943124 0.69449 0.036282 0.060646
0 0.941438 0.785448 0.035438 0.05848
0 0.89425 0.813822 0.03375 0.054562
0 0.847696 0.838542 0.033328 0.052292
0 0.762164 0.875614 0.033328 0.051188
0 0.725086 0.898928 0.033328 0.048354
0 0.68696 0.918584 0.02786 0.043876
0 0.652204 0.936844 0.029968 0.046688
0 0.616812 0.95651 0.029124 0.047812
0 0.585844 0.975614 0.026156 0.039938
0 0.764906 0.955386 0.03375 0.050062
0 0.847062 0.92 0.036282 0.054542
0 0.892774 0.897802 0.032484 0.052854
0 0.93996 0.87449 0.03586 0.055688
0 0.244726 0.094062 0.025704 0.05225
0 0.274632 0.13676 0.024016 0.04552
0 0.30329 0.098 0.02486 0.055626
0 0.36375 0.103052 0.028656 0.05448
0 0.333836 0.142656 0.031172 0.053938
0 0.25989 0.252198 0.024844 0.051688
0 0.499868 0.113126 0.029422 0.054584
0 0.465508 0.155312 0.028204 0.058958
0 0.436008 0.199126 0.025704 0.04775
0 0.404196 0.237032 0.027796 0.049438
0 0.374704 0.27299 0.0295 0.053938
0 0.34879 0.308094 0.02739 0.05448
0 0.322874 0.341532 0.026968 0.049438
0 0.298016 0.370416 0.026968 0.05
0 0.27421 0.403322 0.024016 0.046062
0 0.577562 0.120188 0.033282 0.057292
0 0.539648 0.163166 0.029922 0.0545
0 0.504046 0.206136 0.032876 0.055062
0 0.409882 0.315396 0.029078 0.051124
0 0.381438 0.353322 0.027812 0.048312
0 0.354274 0.3845 0.02486 0.04775
0 0.328984 0.415678 0.029062 0.046062
0 0.304766 0.446854 0.024438 0.044374
0 0.281172 0.473812 0.026124 0.051124
0 0.287696 0.546822 0.025704 0.047812
0 0.312344 0.518188 0.028656 0.044374
0 0.33446 0.492916 0.028234 0.044376
0 0.362274 0.46174 0.02739 0.047188
0 0.389234 0.432812 0.027376 0.05
0 0.416828 0.401072 0.026968 0.050562
0 0.476476 0.333656 0.027328 0.051688
0 0.510368 0.29826 0.031172 0.050562
0 0.544492 0.258948 0.02864 0.052812
0 0.580516 0.2185 0.032438 0.058416
0 0.61907 0.172438 0.033704 0.064042
0 0.660118 0.128896 0.03586 0.060124
0 0.750312 0.13676 0.0375 0.06123
0 0.705438 0.17973 0.037906 0.064042
0 0.663094 0.229208 0.035812 0.06075
0 0.622226 0.27102 0.03414 0.06125
0 0.583258 0.311468 0.031172 0.05898
0 0.549336 0.348822 0.030766 0.052812
0 0.513312 0.383094 0.0295 0.058438
0 0.48214 0.419614 0.028656 0.047188
0 0.452852 0.44826 0.029078 0.056188
0 0.424632 0.481124 0.026546 0.05
0 0.394922 0.513146 0.027812 0.05
0 0.368376 0.537572 0.023594 0.047188
0 0.343312 0.565656 0.026532 0.043812
0 0.319656 0.59077 0.028688 0.048876
0 0.29796 0.61327 0.026578 0.047792
0 0.326812 0.6585 0.028688 0.045
0 0.350204 0.635146 0.02575 0.046624
0 0.375898 0.611864 0.028266 0.04948
0 0.401602 0.58599 0.028266 0.047188
0 0.429196 0.559052 0.026172 0.04727
0 0.459954 0.529854 0.029532 0.0495
0 0.489446 0.502584 0.028704 0.05
0 0.521468 0.470572 0.027844 0.05448
0 0.55496 0.437416 0.030796 0.0545
0 0.590562 0.402584 0.032906 0.05675
0 0.62532 0.366386 0.032484 0.064104
0 0.665984 0.326458 0.03375 0.061792
0 0.707688 0.287428 0.034594 0.062354
0 0.753188 0.24277 0.035438 0.064042
0 0.752984 0.34051 0.038376 0.07302
0 0.711484 0.384896 0.03375 0.062916
0 0.670196 0.421968 0.03289 0.056188
0 0.631852 0.455678 0.029546 0.053938
0 0.593304 0.491938 0.03164 0.056792
0 0.55939 0.518874 0.029532 0.0545
0 0.526102 0.552042 0.029546 0.053416
0 0.465218 0.605376 0.027438 0.048874
0 0.437828 0.63375 0.026594 0.050542
0 0.408766 0.657906 0.024906 0.048312
0 0.383274 0.682896 0.02364 0.04775
0 0.358836 0.706532 0.025328 0.046688
0 0.331876 0.721386 0.030374 0.048312
0 0.311648 0.747532 0.022796 0.043312
0 0.317124 0.811572 0.024468 0.041062
0 0.341774 0.792188 0.025734 0.041626
0 0.36389 0.76998 0.026156 0.042124
0 0.389594 0.750312 0.025312 0.039876
0 0.443524 0.707094 0.025328 0.046688
0 0.473016 0.680656 0.025312 0.04552
0 0.501454 0.659594 0.028282 0.048312
0 0.531578 0.630688 0.026156 0.050042
0 0.56507 0.603688 0.03164 0.05
0 0.598984 0.57676 0.029532 0.051188
0 0.635446 0.54527 0.032454 0.05225
0 0.673352 0.510166 0.029954 0.055042
0 0.714016 0.477334 0.032906 0.056792
0 0.756562 0.4425 0.036282 0.060166
0 0.848624 0.37225 0.039218 0.069084
0 0.848602 0.268072 0.037484 0.066354
0 0.850094 0.159094 0.038812 0.068604
0 0.89904 0.330364 0.038578 0.067062
0 0.900618 0.222458 0.03586 0.066916
0 0.955172 0.169938 0.041344 0.069708
0 0.953704 0.282282 0.040062 0.06748
0 0.95075 0.394354 0.037532 0.063542
0 0.898718 0.433688 0.038812 0.060166
0 0.847102 0.474688 0.036704 0.065792
0 0.756946 0.533948 0.035016 0.059604
0 0.71607 0.567094 0.034172 0.05398
0 0.676258 0.597636 0.031046 0.05502
0 0.638804 0.627854 0.028704 0.051542
0 0.60311 0.656542 0.030468 0.050334
0 0.568876 0.682854 0.028126 0.046084
0 0.537562 0.707594 0.026374 0.048104
0 0.506688 0.731218 0.024938 0.04452
0 0.476274 0.754062 0.025484 0.041
0 0.447454 0.777854 0.028688 0.041792
0 0.421562 0.7995 0.023718 0.040626
0 0.395672 0.816864 0.023438 0.04023
0 0.371234 0.836562 0.026062 0.042166
0 0.34754 0.856844 0.02139 0.03748
0 0.325296 0.873428 0.021968 0.037896
0 0.332618 0.933708 0.01964 0.039792
0 0.354992 0.916948 0.024016 0.041354
0 0.377382 0.89898 0.01964 0.039042
0 0.401812 0.88301 0.024032 0.041354
0 0.427554 0.863282 0.02461 0.04177
0 0.454626 0.845948 0.022562 0.041354
0 0.482562 0.824072 0.023438 0.040604
0 0.511094 0.805166 0.024312 0.041
0 0.572968 0.759322 0.027532 0.046854
0 0.60618 0.735718 0.027234 0.045688
0 0.642172 0.709968 0.028406 0.04723
0 0.679032 0.683834 0.030156 0.04725
0 0.717508 0.65652 0.031046 0.049584
0 0.75832 0.62473 0.032516 0.054666
0 0.847266 0.57051 0.033094 0.05777
0 0.89657 0.535198 0.03514 0.057396
0 0.948352 0.499718 0.03689 0.059688
0 0.947126 0.59923 0.035 0.057916
0 0.894882 0.630688 0.035016 0.055666
0 0.847484 0.66299 0.034594 0.059604
0 0.760476 0.71299 0.030796 0.05398
0 0.72025 0.739386 0.032062 0.05623
0 0.681906 0.762698 0.032906 0.051188
0 0.644618 0.78798 0.027422 0.047792
0 0.610704 0.811292 0.027 0.046124
0 0.576578 0.83349 0.031218 0.045562
0 0.54582 0.854822 0.026172 0.043312
0 0.51675 0.873646 0.027844 0.04725
0 0.487258 0.891626 0.025328 0.046124
0 0.459868 0.911292 0.024484 0.041626
0 0.43354 0.929822 0.02236 0.039396
0 0.408046 0.945552 0.024468 0.039396
0 0.383618 0.961562 0.022796 0.038834
0 0.361492 0.976178 0.02236 0.044438
0 0.466828 0.977302 0.021532 0.042188
0 0.49168 0.957636 0.027422 0.045562
0 0.519844 0.9425 0.026562 0.046666
0 0.551296 0.927864 0.027844 0.045562
0 0.582054 0.909322 0.026172 0.050062
0 0.61429 0.886 0.029954 0.046126
0 0.648626 0.866344 0.026156 0.046104
0 0.683382 0.843876 0.029954 0.04725
0 0.721516 0.820844 0.032906 0.050604
0 0.763008 0.797802 0.03164 0.055104
0 0.939648 0.959198 0.03161 0.047812
0 0.428836 0.11049 0.02786 0.04927
0 0.399524 0.151282 0.03089 0.055354
0 0.369188 0.191386 0.026844 0.054688
0 0.342382 0.227448 0.033922 0.051312
0 0.315844 0.26352 0.029374 0.046584
0 0.290844 0.295198 0.028812 0.04927
0 0.267304 0.32823 0.02836 0.049292
0 0.414 0.724876 0.029312 0.046584
0 0.49464 0.580282 0.033876 0.052646
0 0.53964 0.783198 0.033876 0.048604
0 0.44657 0.377928 0.032766 0.049604
0 0.282602 0.220052 0.026046 0.043312
