0 0.2915239999999999 0.1590100000000001 0.018516 0.034062
0 0.31730400000000003 0.14948000000000006 0.018516 0.035626
0 0.3426180000000001 0.13807199999999997 0.018046 0.033438
0 0.36781200000000003 0.12666599999999995 0.01875 0.03375
0 0.393008 0.11604199999999998 0.018516 0.03375
0 0.41679599999999994 0.10494800000000004 0.018282 0.033438
0 0.4405859999999999 0.09479199999999999 0.016172 0.033124
0 0.4650780000000001 0.08604199999999995 0.016876 0.03375
0 0.30582 0.192604 0.018984 0.03375
0 0.33125000000000004 0.18148399999999998 0.01875 0.033386
0 0.35597600000000007 0.16948000000000008 0.01711 0.033124
0 0.380938 0.15932199999999996 0.017812 0.033438
0 0.405664 0.14823000000000008 0.016172 0.0325
0 0.4285159999999999 0.1369800000000001 0.016406 0.0325
0 0.451484 0.1277600000000001 0.015938 0.030312
0 0.474102 0.1191660000000001 0.014766 0.030624
0 0.293164 0.23541600000000007 0.018516 0.033124
0 0.31871000000000005 0.2243219999999999 0.017578 0.031562
0 0.3434379999999999 0.21369799999999994 0.016874 0.032188
0 0.369688 0.20198000000000005 0.016874 0.0325
0 0.39371 0.1916659999999999 0.015704 0.031876
0 0.4175 0.1796359999999999 0.017344 0.031562
0 0.4403520000000001 0.169948 0.017578 0.032188
0 0.4644539999999999 0.15885400000000005 0.018282 0.031876
0 0.486054 0.15026000000000006 0.015234 0.029062
0 0.48710999999999993 0.0766659999999999 0.016406 0.030624
0 0.507968 0.06651000000000007 0.015468 0.031562
0 0.529882 0.0580719999999999 0.014766 0.030938
0 0.5515620000000001 0.04979200000000006 0.014062 0.031876
0 0.571718 0.04119800000000007 0.014532 0.029062
0 0.5922259999999999 0.03244800000000003 0.015234 0.029688
0 0.612382 0.024480000000000057 0.014766 0.03125
0 0.4969539999999999 0.1091660000000001 0.015468 0.03
0 0.51875 0.09823000000000004 0.015 0.03
0 0.5394920000000001 0.09119799999999989 0.015234 0.030938
0 0.5594140000000001 0.08057200000000009 0.014296 0.030938
0 0.581094 0.07260399999999989 0.014062 0.031876
0 0.600312 0.06448000000000009 0.015938 0.02875
0 0.620938 0.054480000000000084 0.013126 0.02875
0 0.507968 0.138698 0.015938 0.029688
0 0.529296 0.1304160000000001 0.016406 0.03
0 0.549922 0.12010399999999999 0.015468 0.030624
0 0.570546 0.11041600000000007 0.013594 0.033124
0 0.47459000000000007 0.19106800000000002 0.01461 0.030364
0 0.4645999999999999 0.23137999999999992 0.016582 0.02776
0 0.47459000000000007 0.26100199999999996 0.015742 0.032994
0 0.4868159999999999 0.22088599999999992 0.015468 0.03224
0 0.495274 0.2523820000000001 0.014376 0.027734
0 0.49710999999999994 0.17924399999999996 0.015782 0.03
0 0.5072080000000001 0.20962199999999998 0.015742 0.030756
0 0.518038 0.24 0.016036 0.02849
0 0.5179 0.16837199999999997 0.015762 0.029244
0 0.5287200000000001 0.19894600000000007 0.014902 0.02888
0 0.5385740000000001 0.2281899999999999 0.015468 0.03112
0 0.5392779999999999 0.160312 0.016874 0.030364
0 0.5488379999999999 0.188828 0.014628 0.028126
0 0.5579780000000001 0.21882800000000002 0.014356 0.028126
0 0.559658 0.14944000000000002 0.014902 0.02961
0 0.568398 0.17925799999999992 0.013828 0.027006
0 0.57837 0.20794200000000007 0.014628 0.028126
0 0.5797760000000001 0.14138000000000006 0.014628 0.03
0 0.5890519999999999 0.16856800000000005 0.013496 0.025886
0 0.598476 0.19650999999999996 0.015468 0.02776
0 0.599326 0.13200600000000007 0.014902 0.03
0 0.608886 0.1605080000000001 0.015468 0.027006
0 0.617324 0.18957000000000002 0.01379 0.03112
0 0.619014 0.12169199999999991 0.014902 0.028854
0 0.6273040000000001 0.14944000000000002 0.013516 0.02888
0 0.635888 0.1796359999999999 0.014902 0.02849
0 0.6375679999999999 0.11231799999999992 0.013222 0.029636
0 0.646426 0.14119799999999993 0.014062 0.026614
0 0.6555660000000001 0.16912799999999995 0.014336 0.024766
0 0.65754 0.1040620000000001 0.014336 0.026614
0 0.6652739999999999 0.1327480000000001 0.014062 0.027006
0 0.6734279999999999 0.16069 0.015176 0.02737
0 0.6751180000000001 0.09731800000000002 0.01461 0.023646
0 0.682998 0.123386 0.014628 0.02625
0 0.69129 0.15057199999999993 0.014336 0.025886
0 0.6920120000000001 0.08531200000000005 0.015782 0.026614
0 0.70085 0.11438799999999993 0.016036 0.027006
0 0.7080280000000001 0.14345000000000008 0.014062 0.02888
0 0.7091400000000001 0.07930999999999999 0.014062 0.02737
0 0.717022 0.10669200000000001 0.011816 0.025886
0 0.7243360000000001 0.13463599999999998 0.012382 0.02474
0 0.7265919999999999 0.06937400000000005 0.011816 0.02625
0 0.743458 0.06319000000000008 0.01125 0.02664
0 0.760626 0.05569000000000002 0.014062 0.02737
0 0.7338960000000001 0.09899799999999992 0.013496 0.025494
0 0.7409380000000001 0.12713599999999992 0.014062 0.02776
0 0.612158 0.3836980000000001 0.016542 0.02927
0 0.3023039999999999 0.034402000000000044 0.019726 0.035938
0 0.32877 0.024243999999999932 0.01836 0.034896
0 0.28980399999999995 0.0803640000000001 0.019336 0.036718
0 0.31665999999999994 0.07085999999999992 0.01914 0.035416
0 0.342344 0.059401999999999955 0.018164 0.034376
0 0.36783199999999994 0.050025999999999904 0.01914 0.03698
0 0.39293 0.041171999999999986 0.016992 0.032812
0 0.41773400000000005 0.03323000000000009 0.016992 0.03151
0 0.4428319999999999 0.025025999999999993 0.017968 0.033334
0 0.5907039999999999 0.10275999999999996 0.015 0.029688
0 0.6094539999999999 0.09275999999999995 0.014532 0.029688
0 0.639824 0.045546000000000086 0.018282 0.031928
0 0.6581060000000001 0.038450000000000095 0.015468 0.03112
0 0.6759660000000001 0.028137999999999996 0.013496 0.029244
0 0.6943839999999999 0.021757999999999944 0.013222 0.027006
0 0.711816 0.013516000000000084 0.012656 0.02625
0 0.6294139999999999 0.08287800000000001 0.014336 0.029244
0 0.648398 0.07499999999999996 0.013516 0.02776
0 0.666954 0.06694 0.014062 0.02888
0 0.6841219999999999 0.057760000000000034 0.014062 0.02776
0 0.702256 0.04950600000000005 0.013222 0.02776
0 0.71913 0.04088599999999998 0.01377 0.02776
0 0.7365919999999999 0.03282600000000002 0.012128 0.02513
0 0.753868 0.026639999999999997 0.01293 0.03
0 0.7704580000000001 0.02156200000000008 0.01295 0.029636
0 0.30709999999999993 0.2683199999999999 0.017714 0.03263
0 0.33226599999999995 0.256316 0.016876 0.03336
0 0.357032 0.24320399999999998 0.016874 0.031876
0 0.381348 0.2332559999999999 0.015468 0.02927
0 0.4049799999999999 0.22331999999999996 0.016602 0.03263
0 0.42902400000000007 0.21132799999999996 0.017422 0.031876
0 0.345634 0.28875000000000006 0.016582 0.03375
0 0.36855400000000005 0.27524799999999994 0.016874 0.029244
0 0.39428799999999997 0.263072 0.016036 0.030364
0 0.41847600000000007 0.253698 0.015468 0.030364
0 0.44097600000000003 0.242826 0.015468 0.03112
0 0.33423800000000004 0.33055999999999996 0.018008 0.03263
0 0.3580080000000001 0.31744799999999995 0.015468 0.028126
0 0.38247999999999993 0.307318 0.016602 0.029636
0 0.4068259999999999 0.2954939999999999 0.016348 0.03
0 0.4302840000000001 0.282006 0.014902 0.02849
0 0.45126 0.272448 0.015214 0.031876
0 0.452226 0.20194 0.016016 0.03112
0 0.34630800000000006 0.3643479999999999 0.016602 0.033386
0 0.37078199999999994 0.34823000000000004 0.017148 0.031146
0 0.39454199999999995 0.338854 0.015762 0.031146
0 0.41802800000000007 0.325912 0.016602 0.03151
0 0.44151399999999996 0.3133459999999999 0.017442 0.03263
0 0.3586720000000001 0.39222599999999996 0.019376 0.03237
0 0.38258799999999993 0.3799079999999999 0.017714 0.030756
0 0.40734399999999993 0.366614 0.018282 0.028124
0 0.42941399999999996 0.354792 0.015196 0.02927
0 0.45304600000000006 0.34278600000000004 0.015742 0.03
0 0.3714740000000001 0.4204159999999999 0.016308 0.03
0 0.39468799999999993 0.407292 0.016602 0.03073
0 0.418458 0.3937900000000001 0.016876 0.031484
0 0.4408099999999999 0.38309799999999994 0.016036 0.031876
0 0.46287999999999996 0.37073 0.016308 0.031146
0 0.46274400000000004 0.3009900000000001 0.017168 0.031876
0 0.4849699999999999 0.28972599999999993 0.016036 0.03039
0 0.5056339999999999 0.27959599999999996 0.015762 0.03112
0 0.4744139999999999 0.33171799999999996 0.015742 0.031876
0 0.49495200000000006 0.31765599999999994 0.014628 0.03
0 0.515908 0.30923199999999995 0.014902 0.02888
0 0.4853799999999999 0.36097599999999996 0.016308 0.03263
0 0.5066219999999999 0.34673200000000004 0.016602 0.03336
0 0.527568 0.3358460000000001 0.016308 0.02888
0 0.526162 0.2687360000000001 0.016308 0.02888
0 0.548252 0.2576560000000001 0.016036 0.03
0 0.569062 0.2467839999999999 0.014336 0.027006
0 0.58748 0.23816400000000004 0.015196 0.030756
0 0.537696 0.29647200000000007 0.015196 0.02888
0 0.558378 0.286354 0.015468 0.030364
0 0.5780559999999999 0.2745439999999999 0.01377 0.028516
0 0.597744 0.26573 0.013222 0.028854
0 0.547588 0.32341200000000003 0.013028 0.03026
0 0.5677920000000001 0.314856 0.013516 0.02888
0 0.5870599999999999 0.30265600000000004 0.013222 0.03
0 0.6066020000000001 0.29161400000000004 0.01293 0.028126
0 0.607032 0.22785199999999994 0.012656 0.02888
0 0.6170119999999999 0.25373599999999996 0.012382 0.02513
0 0.626152 0.2826040000000001 0.013204 0.027396
0 0.6269819999999999 0.2167840000000001 0.014942 0.029244
0 0.644854 0.2064839999999999 0.015762 0.030364
0 0.6642680000000001 0.19638 0.014628 0.031198
0 0.6815519999999999 0.18697999999999992 0.013222 0.029636
0 0.698008 0.1776040000000001 0.01293 0.027396
0 0.715586 0.166914 0.012656 0.024766
0 0.732324 0.16204400000000008 0.012382 0.028516
0 0.6348739999999999 0.24398399999999998 0.013222 0.026614
0 0.653008 0.2344139999999999 0.012382 0.027006
0 0.66919 0.22448 0.013222 0.025886
0 0.6881740000000001 0.21416600000000008 0.011816 0.02401
0 0.7060360000000001 0.204974 0.012656 0.026614
0 0.7230460000000001 0.1971099999999999 0.01293 0.024376
0 0.644296 0.270416 0.012382 0.02698
0 0.6617379999999999 0.258594 0.01125 0.024376
0 0.6781839999999999 0.24979200000000001 0.011524 0.02552
0 0.6958979999999999 0.2405980000000001 0.01379 0.026614
0 0.71292 0.23104199999999997 0.014628 0.02625
0 0.38385800000000003 0.4504159999999999 0.017442 0.03151
0 0.40634799999999993 0.43972600000000006 0.016874 0.03263
0 0.4296979999999999 0.42604200000000003 0.015176 0.03
0 0.450234 0.41123599999999993 0.015742 0.02888
0 0.472734 0.4001699999999999 0.015742 0.030756
0 0.494248 0.38854199999999994 0.014902 0.02927
0 0.5163279999999999 0.37617199999999995 0.016874 0.03224
0 0.4185939999999999 0.46635399999999994 0.016602 0.030364
0 0.44108400000000003 0.45492200000000005 0.014902 0.03224
0 0.4619040000000001 0.443476 0.017714 0.02888
0 0.48440400000000006 0.4280980000000001 0.016036 0.029636
0 0.505644 0.418906 0.018008 0.031458
0 0.49410200000000004 0.45472599999999996 0.015196 0.02888
0 0.5156240000000001 0.44198000000000004 0.014336 0.029636
0 0.5261720000000001 0.40298199999999995 0.015196 0.02664
0 0.5369919999999999 0.3651040000000001 0.017148 0.028854
0 0.5362979999999999 0.429986 0.013496 0.02888
0 0.5478719999999999 0.3884240000000001 0.01418 0.029714
0 0.55748 0.35333400000000004 0.013164 0.028802
0 0.575888 0.34274800000000005 0.015528 0.031954
0 0.595626 0.33104200000000006 0.015196 0.026562
0 0.6160540000000001 0.3200259999999999 0.016874 0.029688
0 0.6334280000000001 0.30923199999999995 0.013848 0.027006
0 0.652158 0.297968 0.014864 0.027916
0 0.6695420000000001 0.28694 0.014512 0.02836
0 0.6881060000000001 0.27884200000000003 0.013164 0.02836
0 0.7053119999999999 0.2673700000000001 0.013164 0.028802
0 0.565596 0.381224 0.014512 0.026094
0 0.586182 0.366822 0.014512 0.02698
0 0.6040719999999999 0.357826 0.014512 0.02789
0 0.623974 0.346576 0.013848 0.027006
0 0.6416999999999999 0.335326 0.014844 0.02789
0 0.658906 0.3249740000000001 0.012812 0.025208
0 0.6776359999999999 0.3148439999999999 0.015196 0.030156
0 0.555302 0.41879 0.015528 0.02836
0 0.5752139999999999 0.40642 0.01418 0.02612
0 0.593936 0.3954040000000001 0.016542 0.02836
