0 0.048396000000000106 0.817954 0.04923 0.026052
0 0.11147200000000002 0.817716 0.047032 0.025622
0 0.1734500000000001 0.81591 0.05055 0.026316
0 0.2380660000000001 0.81567 0.047912 0.025838
0 0.047736 0.851686 0.047912 0.025622
0 0.1092740000000001 0.850358 0.05055 0.027752
0 0.17498999999999998 0.85037 0.051868 0.02677
0 0.23674799999999996 0.848338 0.051428 0.028014
0 0.30092399999999997 0.848206 0.051428 0.027752
0 0.36378 0.847142 0.046154 0.025622
0 0.4257580000000001 0.845814 0.047032 0.026316
0 0.051031999999999966 0.88421 0.04923 0.02512
0 0.05059400000000003 0.917834 0.04923 0.025382
0 0.05015400000000003 0.950718 0.046594 0.027034
0 0.05147199999999996 0.982894 0.05011 0.027752
0 0.1121319999999999 0.88494 0.046594 0.028014
0 0.1116919999999999 0.916508 0.05011 0.026556
0 0.11410999999999993 0.949282 0.05055 0.027512
0 0.11477000000000004 0.982536 0.05099 0.028468
0 0.1747700000000001 0.882656 0.052308 0.026316
0 0.17718600000000007 0.91402 0.05099 0.028708
0 0.1767479999999999 0.947488 0.05099 0.027752
0 0.1747700000000001 0.981818 0.04967 0.027512
0 0.2380660000000001 0.882656 0.051428 0.027752
0 0.2385060000000001 0.914474 0.05055 0.027752
0 0.23938400000000004 0.94689 0.055824 0.028948
0 0.24070400000000003 0.983266 0.051428 0.024138
0 0.3022419999999999 0.882548 0.047032 0.026578
0 0.2993840000000001 0.913528 0.048352 0.025814
0 0.3022419999999999 0.94774 0.048792 0.027776
0 0.302022 0.982668 0.053626 0.027776
0 0.3631200000000001 0.881232 0.04923 0.024426
0 0.36466 0.914976 0.046154 0.028708
0 0.3648800000000001 0.946172 0.048352 0.024642
0 0.3664179999999999 0.981232 0.051428 0.027296
0 0.427076 0.880514 0.05055 0.024904
0 0.42443999999999993 0.914976 0.047912 0.026316
0 0.4261980000000001 0.945826 0.047032 0.024426
0 0.427516 0.979796 0.046154 0.024378
0 0.489714 0.88134 0.048352 0.02512
0 0.4899340000000001 0.91305 0.051428 0.026818
0 0.4903740000000001 0.945694 0.048792 0.02512
0 0.490154 0.97896 0.044836 0.02323
0 0.5536700000000001 0.912212 0.042638 0.023708
0 0.55301 0.945334 0.04923 0.023924
0 0.55389 0.976926 0.044836 0.024426
0 0.6149899999999999 0.942834 0.048352 0.02323
0 0.6132299999999999 0.976674 0.047472 0.022488
0 0.679384 0.97512 0.044396 0.022728
