0 0.141208 0.362768 0.092216 0.071438
0 0.5024759999999999 0.3791119999999999 0.089184 0.07525
0 0.684374 0.47069399999999995 0.09425 0.074488
0 0.501466 0.542138 0.0993 0.074474
0 0.68235 0.634474 0.094234 0.073726
0 0.4943660000000001 0.705918 0.103366 0.069162
0 0.3124659999999999 0.6120559999999999 0.0983 0.071438
0 0.13312400000000002 0.5204679999999999 0.09825 0.076762
0 0.31905800000000006 0.45245 0.085116 0.076
0 0.687416 0.7948440000000001 0.094234 0.070688
0 0.48524999999999996 0.8678060000000001 0.095266 0.078288
0 0.3018259999999999 0.9400120000000001 0.10335 0.07525
0 0.12296599999999991 0.846524 0.0983 0.07525
0 0.30383399999999994 0.778124 0.097334 0.07525
0 0.12549999999999994 0.6861619999999999 0.0912 0.0722
0 0.512108 0.069774 0.09425 0.073724
0 0.696034 0.15072400000000008 0.1135 0.077524
0 0.34539999999999993 0.14274399999999998 0.1216 0.076762
0 0.507042 0.22064400000000006 0.100316 0.071438
0 0.690458 0.3088120000000001 0.10235 0.0684
0 0.3266579999999999 0.2882880000000001 0.096284 0.074476
0 0.14679200000000003 0.20581800000000006 0.097284 0.076762
0 0.15843399999999996 0.055717999999999934 0.0983 0.074488
