0 0.580166 0.17920599999999998 0.096366 0.072138
0 0.629116 0.0431379999999999 0.099734 0.070876
0 0.454458 0.0849120000000001 0.098084 0.078476
0 0.271342 0.12541200000000008 0.09635 0.070874
0 0.397066 0.22161199999999992 0.101434 0.078474
0 0.217326 0.2589619999999999 0.103116 0.077176
0 0.759908 0.1418680000000001 0.108184 0.073412
0 0.71435 0.2798320000000001 0.1048 0.083538
0 0.533766 0.322238 0.1048 0.082274
0 0.348126 0.36084399999999994 0.11155 0.081012
0 0.165008 0.396282 0.103116 0.081012
0 0.112692 0.541212 0.092984 0.0772
0 0.0629 0.6861440000000001 0.094666 0.081012
0 0.294958 0.5038739999999999 0.09975 0.078474
0 0.479758 0.46336200000000005 0.101416 0.083524
0 0.660334 0.42286200000000007 0.101434 0.078474
0 0.929516 0.32286799999999993 0.096366 0.075938
0 0.875526 0.46399999999999997 0.103116 0.0848
0 0.615616 0.5696939999999999 0.1065 0.081012
0 0.424908 0.612724 0.106484 0.078474
0 0.23505 0.649438 0.1048 0.086076
0 0.828258 0.6184259999999999 0.116616 0.089876
0 0.781008 0.76525 0.106484 0.07975
0 0.567516 0.7196819999999999 0.1048 0.079738
0 0.374274 0.7538560000000001 0.103116 0.077212
0 0.190324 0.7956319999999999 0.103116 0.084812
0 0.512666 0.867782 0.093 0.077212
0 0.723626 0.915244 0.116616 0.081012
0 0.924466 0.881068 0.096366 0.083538
