0 0.526851 0.164569 0.044675 0.063318
0 0.033855 0.065839 0.057329 0.069861
0 0.090495 0.074981 0.054582 0.067609
0 0.145076 0.086752 0.051843 0.067609
0 0.200807 0.031534 0.046822 0.062345
0 0.196120 0.097516 0.049332 0.066599
0 0.028749 0.135199 0.057498 0.070862
0 0.085347 0.145496 0.055647 0.070528
0 0.025406 0.205204 0.050811 0.068795
0 0.079429 0.216237 0.055647 0.070102
0 0.133888 0.223591 0.052494 0.068369
0 0.185786 0.233981 0.048935 0.067498
0 0.072718 0.283304 0.055647 0.069222
0 0.127375 0.291956 0.051302 0.066636
0 0.178681 0.299745 0.049721 0.065774
0 0.273199 0.045760 0.052485 0.067498
0 0.267261 0.112396 0.052460 0.068369
0 0.261948 0.178809 0.052096 0.067071
0 0.324104 0.055709 0.047751 0.066636
0 0.318783 0.122776 0.050516 0.067498
0 0.372646 0.067178 0.046965 0.065329
0 0.419806 0.077127 0.044987 0.064467
0 0.368664 0.133323 0.047506 0.064847
0 0.415372 0.142210 0.044539 0.064106
0 0.312942 0.188285 0.047963 0.065097
0 0.361737 0.197590 0.047735 0.066599
0 0.410347 0.207943 0.048183 0.065857
0 0.255816 0.245375 0.053102 0.067359
0 0.307680 0.254801 0.049104 0.065746
0 0.248872 0.312067 0.054818 0.067192
0 0.356209 0.264078 0.048343 0.065505
0 0.404362 0.272210 0.047202 0.063846
0 0.301877 0.321043 0.050431 0.065941
0 0.351551 0.328971 0.047008 0.063855
0 0.244400 0.382595 0.051961 0.072196
0 0.295499 0.389796 0.049104 0.071158
0 0.345461 0.397206 0.048910 0.070945
0 0.399320 0.337312 0.047396 0.066358
0 0.393800 0.403879 0.047396 0.066775
0 0.064734 0.938670 0.056872 0.075116
0 0.071813 0.867456 0.055495 0.069907
0 0.120347 0.940297 0.053897 0.071362
0 0.125938 0.870060 0.054125 0.071613
0 0.191602 0.943174 0.055275 0.070612
0 0.244586 0.945686 0.050693 0.068610
0 0.294370 0.948438 0.048876 0.070111
0 0.344501 0.950690 0.049104 0.069110
0 0.410275 0.954069 0.048648 0.067359
0 0.458694 0.956450 0.047278 0.066599
0 0.505402 0.959703 0.044768 0.065097
0 0.551078 0.961710 0.045216 0.065107
0 0.611712 0.965088 0.045452 0.064856
0 0.657274 0.967206 0.045216 0.065589
0 0.198292 0.875222 0.053221 0.069110
0 0.250596 0.878225 0.050930 0.068610
0 0.300609 0.880728 0.050008 0.068610
0 0.350279 0.884486 0.048419 0.068100
0 0.416057 0.887868 0.048867 0.065857
0 0.464358 0.891497 0.046365 0.065107
0 0.510495 0.894875 0.045452 0.066358
0 0.556052 0.897132 0.047050 0.064347
0 0.616462 0.902141 0.044996 0.064356
0 0.660427 0.904768 0.044759 0.063605
0 0.705647 0.908647 0.045680 0.066358
0 0.026061 0.795310 0.051767 0.073031
0 0.099189 0.592099 0.053795 0.071149
0 0.153178 0.598035 0.052866 0.071437
0 0.222832 0.606010 0.055249 0.068832
0 0.275634 0.610760 0.049831 0.068193
0 0.324590 0.616835 0.048166 0.068165
0 0.373178 0.622660 0.049011 0.067989
0 0.438440 0.629703 0.047582 0.067118
0 0.486572 0.635185 0.046467 0.065904
0 0.532168 0.640487 0.044708 0.065032
0 0.577139 0.645181 0.044252 0.065375
0 0.638360 0.652743 0.044565 0.065209
0 0.682054 0.657437 0.042823 0.064161
0 0.724556 0.662136 0.042181 0.063123
0 0.766585 0.666918 0.042823 0.062604
0 0.809248 0.671789 0.042181 0.061205
0 0.050139 0.516932 0.055190 0.071993
0 0.105237 0.523086 0.053483 0.070528
0 0.158622 0.529560 0.053288 0.070111
0 0.229611 0.538526 0.053677 0.069694
0 0.280900 0.545310 0.048529 0.069064
0 0.329907 0.550945 0.050245 0.068230
0 0.379679 0.557831 0.048910 0.066562
0 0.444484 0.565760 0.049865 0.066979
0 0.491302 0.571603 0.044920 0.066154
0 0.537168 0.577234 0.046052 0.066145
0 0.583605 0.582266 0.045300 0.063272
0 0.642794 0.589861 0.045300 0.064263
0 0.687139 0.596019 0.043390 0.063642
0 0.730533 0.600399 0.042637 0.061557
0 0.772308 0.605820 0.040913 0.062391
0 0.814256 0.611664 0.043052 0.061140
0 0.056458 0.447572 0.054624 0.070732
0 0.111082 0.455816 0.052713 0.072206
0 0.164277 0.462493 0.052527 0.069694
0 0.234505 0.471571 0.054049 0.070741
0 0.286746 0.478350 0.048910 0.068860
0 0.335850 0.484611 0.048910 0.068851
0 0.384856 0.491914 0.046822 0.066348
0 0.450042 0.499944 0.048149 0.065728
0 0.497523 0.506520 0.045292 0.065514
0 0.543390 0.513095 0.045292 0.065728
0 0.589159 0.519875 0.045486 0.065107
0 0.648259 0.527493 0.045292 0.064476
0 0.692887 0.533336 0.042815 0.064893
0 0.735516 0.539592 0.042443 0.064059
0 0.777473 0.545440 0.040321 0.063225
0 0.819446 0.551070 0.042443 0.064069
0 0.457582 0.414245 0.047963 0.069713
0 0.505266 0.421460 0.045765 0.067905
0 0.463609 0.348744 0.047963 0.067312
0 0.510609 0.356256 0.045495 0.063707
0 0.551175 0.427915 0.044396 0.067006
0 0.595981 0.435130 0.044675 0.068814
0 0.556517 0.363619 0.044666 0.063401
0 0.601598 0.371131 0.044396 0.064004
0 0.655592 0.444606 0.044945 0.067878
0 0.699573 0.451353 0.042477 0.067006
0 0.742604 0.457966 0.041927 0.065811
0 0.784535 0.463976 0.039197 0.064597
0 0.826052 0.469986 0.042756 0.064606
0 0.831124 0.408239 0.041386 0.061297
0 0.790152 0.402224 0.041657 0.061297
0 0.747396 0.394129 0.041657 0.061863
0 0.704780 0.388123 0.042477 0.063068
0 0.660659 0.381344 0.044666 0.064004
0 0.469184 0.284444 0.049865 0.066145
0 0.517054 0.292368 0.045486 0.064476
0 0.562063 0.300820 0.044531 0.064680
0 0.606217 0.309166 0.043390 0.065097
0 0.666264 0.318665 0.045106 0.062391
0 0.710702 0.326798 0.043009 0.061974
0 0.752954 0.333267 0.041107 0.060714
0 0.794252 0.341404 0.040727 0.060306
0 0.835740 0.348295 0.042249 0.059889
0 0.840592 0.288304 0.042063 0.060927
0 0.798821 0.281205 0.041107 0.060519
0 0.757612 0.273693 0.041682 0.062178
0 0.715173 0.265051 0.043195 0.061520
0 0.671306 0.257525 0.044911 0.062391
0 0.805182 0.220250 0.043229 0.062187
0 0.762506 0.212150 0.042494 0.061279
0 0.720241 0.203800 0.042781 0.061279
0 0.676686 0.195246 0.044700 0.062095
0 0.681847 0.133874 0.044759 0.061594
0 0.725811 0.142261 0.043170 0.061353
0 0.768521 0.151650 0.041792 0.061594
0 0.810655 0.160042 0.043846 0.061344
0 0.686720 0.072234 0.045224 0.062595
0 0.730609 0.081413 0.041336 0.061844
0 0.773774 0.090931 0.044539 0.062345
0 0.611230 0.245649 0.044150 0.062289
0 0.566669 0.237146 0.044970 0.063188
0 0.521462 0.228341 0.045613 0.064096
0 0.474472 0.219388 0.049281 0.064300
0 0.479869 0.155653 0.048766 0.065209
0 0.079928 0.797502 0.054429 0.070315
0 0.133783 0.801576 0.052147 0.070528
0 0.205059 0.806997 0.052722 0.067600
0 0.256636 0.811066 0.050820 0.069490
0 0.306881 0.814819 0.048910 0.069490
0 0.356078 0.818369 0.049484 0.068230
0 0.421361 0.823378 0.048724 0.066979
0 0.469320 0.827025 0.046061 0.067192
0 0.515757 0.829847 0.046441 0.066145
0 0.561433 0.834333 0.044150 0.064680
0 0.621957 0.838920 0.044150 0.064680
0 0.666205 0.842887 0.044345 0.063438
0 0.710072 0.845181 0.043018 0.060927
0 0.753939 0.851339 0.045106 0.064476
0 0.031551 0.723828 0.057320 0.070862
0 0.087160 0.727966 0.053897 0.070612
0 0.139801 0.733346 0.054125 0.068860
0 0.210719 0.738981 0.053440 0.068100
0 0.263018 0.743990 0.050702 0.068109
0 0.313605 0.748869 0.049560 0.067859
0 0.361792 0.751752 0.048183 0.066599
0 0.427451 0.758763 0.048411 0.065607
0 0.475296 0.762516 0.047278 0.066608
0 0.521319 0.766775 0.044311 0.065598
0 0.565959 0.771158 0.045866 0.064875
0 0.627342 0.776793 0.046433 0.064041
0 0.672257 0.780547 0.043009 0.063244
0 0.714603 0.784629 0.041682 0.062604
0 0.757709 0.788383 0.043770 0.061770
0 0.037718 0.655046 0.055638 0.071149
0 0.092967 0.660695 0.053525 0.070565
0 0.145900 0.666057 0.052071 0.070575
0 0.217333 0.673012 0.053787 0.069416
0 0.269476 0.677794 0.049163 0.069120
0 0.319235 0.682720 0.049831 0.068832
0 0.368402 0.687359 0.047185 0.068248
0 0.433030 0.694467 0.049560 0.066784
0 0.480609 0.698513 0.045866 0.066219
0 0.526340 0.703077 0.045596 0.064337
0 0.571805 0.708003 0.045858 0.066367
0 0.632933 0.713948 0.044142 0.064912
0 0.676944 0.718513 0.043085 0.063031
0 0.719763 0.723290 0.042299 0.063614
0 0.762189 0.727715 0.042823 0.061733
0 0.804945 0.733290 0.042164 0.065060
0 0.044011 0.585213 0.055782 0.071872
0 0.571923 0.175074 0.045469 0.064625
0 0.616462 0.183332 0.043609 0.062308
0 0.485418 0.091344 0.048149 0.063855
0 0.532046 0.101464 0.045106 0.063225
0 0.577439 0.111274 0.045292 0.063642
0 0.621974 0.120973 0.044150 0.063429
0 0.489797 0.029578 0.048149 0.058007
0 0.536619 0.037507 0.045106 0.064263
0 0.582481 0.048044 0.044725 0.063225
0 0.627494 0.058475 0.045300 0.062808
0 0.735313 0.022697 0.032891 0.045079
0 0.065059 0.354564 0.053280 0.072688
0 0.119522 0.361923 0.054852 0.072688
0 0.173390 0.370792 0.052883 0.071390
0 0.138859 0.155598 0.050972 0.071399
0 0.190655 0.166052 0.051961 0.069954
