0 0.395229 0.719472 0.114170 0.183519
0 0.602759 0.710396 0.120889 0.185543
0 0.808271 0.709391 0.137012 0.199663
0 0.105767 0.879809 0.126260 0.181525
0 0.303218 0.880814 0.120889 0.175469
0 0.706855 0.872749 0.124922 0.179487
0 0.901626 0.871745 0.127607 0.177478
0 0.497314 0.460308 0.124922 0.205718
0 0.706187 0.468380 0.131631 0.217815
0 0.900283 0.443167 0.116855 0.203695
0 0.201802 0.716452 0.108799 0.185543
0 0.500674 0.873761 0.112832 0.181510
0 0.704170 0.118468 0.111484 0.183534
0 0.492612 0.117456 0.118213 0.177493
0 0.391855 0.280821 0.115547 0.169413
0 0.300527 0.131576 0.112832 0.165381
0 0.097031 0.119472 0.111484 0.185543
0 0.199790 0.282830 0.115518 0.169413
0 0.902969 0.109391 0.122227 0.173446
0 0.802227 0.275777 0.122227 0.183519
0 0.101060 0.453248 0.132979 0.191598
0 0.304561 0.456276 0.134316 0.221848
0 0.596040 0.281826 0.120889 0.175469
