0 0.642081 0.307888 0.042395 0.048464
0 0.332051 0.366402 0.062545 0.063823
0 0.506407 0.696770 0.061467 0.060284
0 0.480966 0.653047 0.048757 0.050835
0 0.465599 0.322070 0.049820 0.057930
0 0.506407 0.374082 0.063593 0.067362
0 0.621415 0.705050 0.043458 0.065025
0 0.657448 0.639449 0.045584 0.056728
0 0.670696 0.580342 0.036033 0.042554
0 0.618765 0.588030 0.046632 0.050818
0 0.691901 0.541336 0.036048 0.059098
0 0.554109 0.697371 0.040284 0.054374
0 0.266864 0.501745 0.061482 0.072104
0 0.501115 0.602220 0.038159 0.055559
0 0.440696 0.483422 0.050883 0.061469
0 0.413668 0.421953 0.051946 0.056728
0 0.387695 0.381177 0.042395 0.057913
0 0.350599 0.319115 0.046647 0.047279
0 0.317740 0.493472 0.046647 0.043740
0 0.361198 0.436728 0.044521 0.055559
0 0.298660 0.434366 0.038159 0.048464
0 0.332575 0.618172 0.044521 0.044925
0 0.394057 0.604574 0.044521 0.053189
0 0.362260 0.546653 0.057246 0.060284
0 0.390344 0.713331 0.045569 0.060284
0 0.637844 0.533072 0.057246 0.059098
0 0.613997 0.483422 0.049820 0.056728
0 0.664341 0.484608 0.042395 0.049649
0 0.642081 0.426686 0.040269 0.054374
0 0.594910 0.428456 0.037096 0.062654
0 0.452882 0.257646 0.049805 0.049649
0 0.525487 0.317938 0.050883 0.068564
0 0.558877 0.251152 0.037096 0.055559
0 0.507470 0.256469 0.033922 0.056745
0 0.701969 0.425501 0.039207 0.047295
0 0.678653 0.374082 0.034970 0.036644
0 0.448114 0.369950 0.050868 0.059098
0 0.533967 0.644182 0.050868 0.052003
0 0.451295 0.704457 0.057231 0.063840
0 0.619296 0.251745 0.049820 0.052003
