0 0.5970880000000001 0.05408600000000008 0.03918 0.061462
0 0.662032 0.04120400000000002 0.03918 0.061462
0 0.631802 0.07679199999999997 0.03918 0.061462
0 0.683314 0.06466799999999995 0.03918 0.061462
0 0.65923 0.10477599999999998 0.03918 0.061462
0 0.7309000000000001 0.05787600000000004 0.03918 0.061462
0 0.7045840000000001 0.08964799999999995 0.0392 0.061462
0 0.684434 0.1267259999999999 0.03918 0.061462
0 0.7807200000000001 0.05181400000000003 0.0392 0.061462
0 0.756086 0.08208400000000005 0.03918 0.061488
0 0.727538 0.11538599999999999 0.03918 0.061462
0 0.705136 0.1517059999999999 0.03918 0.061462
0 0.754964 0.13051400000000002 0.03918 0.061462
0 0.7230540000000001 0.16610199999999997 0.03918 0.061462
0 0.7532840000000001 0.19107000000000007 0.03918 0.061488
0 0.237498 0.052232000000000056 0.042882 0.065224
0 0.20158199999999993 0.092584 0.042882 0.065224
0 0.307488 0.038350000000000106 0.042882 0.065224
0 0.27249199999999996 0.07745599999999997 0.042882 0.065224
0 0.23889800000000005 0.12035200000000001 0.042882 0.065224
0 0.202982 0.15818599999999994 0.042882 0.065224
0 0.33968 0.06546600000000002 0.042882 0.065224
0 0.30562599999999995 0.10646800000000001 0.042882 0.065224
0 0.27249199999999996 0.1480919999999999 0.042882 0.065224
0 0.24264200000000002 0.18025800000000003 0.042882 0.065196
0 0.4054660000000001 0.05664399999999992 0.042882 0.065224
0 0.37559600000000004 0.08627800000000008 0.042882 0.065224
0 0.3373379999999999 0.13169199999999992 0.042882 0.065224
0 0.30468399999999995 0.172056 0.042882 0.065196
0 0.277158 0.20737399999999995 0.042882 0.065196
0 0.23843799999999993 0.24774000000000007 0.042882 0.065224
0 0.46471400000000007 0.038985999999999965 0.042862 0.065196
0 0.4325220000000001 0.0812440000000001 0.042862 0.065224
0 0.40312400000000004 0.11466799999999999 0.042882 0.065224
0 0.37467399999999995 0.15501999999999994 0.042882 0.065224
0 0.33968 0.19729400000000008 0.042882 0.065224
0 0.306546 0.23575199999999996 0.042882 0.065224
0 0.274834 0.26727999999999996 0.042882 0.065224
0 0.24076999999999993 0.317118 0.042862 0.065196
0 0.4917720000000001 0.06863400000000008 0.042882 0.065224
0 0.46097999999999995 0.10836200000000007 0.042882 0.065224
0 0.431122 0.14557599999999993 0.042862 0.065224
0 0.4026620000000001 0.1853039999999999 0.042882 0.065224
0 0.3732740000000001 0.21934999999999993 0.042882 0.065224
0 0.334074 0.25656199999999996 0.042882 0.065224
0 0.306546 0.29818600000000006 0.042882 0.065224
0 0.26969 0.34170600000000007 0.042882 0.065224
0 0.517898 0.09259799999999996 0.042882 0.065196
0 0.48991000000000007 0.13169199999999992 0.042882 0.065224
0 0.46097999999999995 0.16890399999999994 0.042882 0.065224
0 0.431122 0.20990599999999993 0.042862 0.065224
0 0.3998600000000001 0.24459999999999993 0.042882 0.065224
0 0.3723320000000001 0.28305800000000003 0.042882 0.065224
0 0.33968 0.3234379999999999 0.042882 0.065224
0 0.306546 0.3644240000000001 0.042882 0.065196
0 0.552422 0.11718600000000001 0.042862 0.065224
0 0.5206999999999999 0.1537759999999999 0.042882 0.065224
0 0.49411399999999994 0.19098799999999994 0.042882 0.065224
0 0.4595800000000001 0.22819999999999996 0.042882 0.065224
0 0.4301900000000001 0.27044599999999996 0.042882 0.065224
0 0.401262 0.3089299999999999 0.042882 0.065224
0 0.371402 0.3455079999999999 0.042862 0.065196
0 0.3410820000000001 0.38460000000000005 0.042882 0.065224
0 0.30468399999999995 0.4274960000000001 0.042882 0.065224
0 0.5771580000000001 0.1430579999999999 0.042882 0.065224
0 0.5491600000000001 0.17648200000000003 0.042862 0.065224
0 0.5206999999999999 0.21305799999999997 0.042882 0.065196
0 0.49271200000000004 0.24837599999999993 0.042882 0.065196
0 0.4651860000000001 0.2849520000000001 0.042882 0.065224
0 0.42878799999999995 0.3316380000000001 0.042882 0.065224
0 0.401262 0.373262 0.042882 0.065224
0 0.3704700000000001 0.4110959999999999 0.042882 0.065224
0 0.3359460000000001 0.4451560000000001 0.042862 0.065196
0 0.6060859999999999 0.16070399999999996 0.042882 0.065224
0 0.574354 0.20549400000000007 0.042882 0.065224
0 0.547288 0.23891799999999996 0.042882 0.065224
0 0.517898 0.27738799999999997 0.042882 0.065196
0 0.49271200000000004 0.3139639999999999 0.042882 0.065224
0 0.463784 0.34738800000000003 0.042882 0.065224
0 0.433454 0.38966199999999995 0.042882 0.065224
0 0.40220199999999995 0.4249799999999999 0.042882 0.065224
0 0.3704799999999999 0.4653320000000001 0.042862 0.065224
0 0.6312819999999999 0.1853039999999999 0.042862 0.065224
0 0.6014219999999999 0.2231399999999999 0.042882 0.065224
0 0.574354 0.2635179999999999 0.042882 0.065224
0 0.544964 0.3000940000000001 0.042882 0.065196
0 0.5193099999999999 0.33541200000000004 0.042862 0.065196
0 0.48944999999999994 0.3738840000000001 0.042882 0.065224
0 0.46285200000000004 0.407308 0.042862 0.065224
0 0.431592 0.44893000000000005 0.042882 0.065224
0 0.39988 0.4861439999999999 0.042882 0.065224
0 0.6564760000000001 0.20801000000000003 0.042882 0.065224
0 0.62941 0.24774000000000007 0.042882 0.065224
0 0.6042240000000001 0.2874840000000001 0.042882 0.065196
0 0.5720320000000001 0.3177540000000001 0.042882 0.065224
0 0.5435639999999999 0.359378 0.042882 0.065224
0 0.516516 0.3959680000000001 0.042882 0.065224
0 0.4866459999999999 0.4243300000000001 0.042882 0.065224
0 0.46192199999999994 0.4684980000000001 0.042882 0.065224
0 0.42832800000000004 0.510122 0.042882 0.065224
0 0.6779379999999999 0.23261200000000004 0.042882 0.065224
0 0.6504099999999999 0.26982400000000006 0.042882 0.065224
0 0.6205499999999999 0.30324799999999996 0.042862 0.065224
0 0.5967560000000001 0.34487200000000007 0.042882 0.065224
0 0.5720320000000001 0.3820840000000001 0.042882 0.065224
0 0.5473079999999999 0.41424799999999995 0.042882 0.065196
0 0.5151159999999999 0.4520980000000001 0.042882 0.065224
0 0.48804800000000004 0.49561600000000006 0.042882 0.065224
0 0.452132 0.5340739999999999 0.042882 0.065224
0 0.7054659999999999 0.249012 0.042882 0.065224
0 0.6760660000000001 0.28558799999999995 0.042862 0.065196
0 0.651332 0.3234379999999999 0.042882 0.065224
0 0.625686 0.3600000000000001 0.042882 0.065224
0 0.5990800000000001 0.39659 0.042882 0.065224
0 0.56969 0.43884999999999996 0.042882 0.065196
0 0.5398400000000001 0.474804 0.042882 0.065224
0 0.517908 0.5176719999999999 0.042862 0.065224
0 0.7283280000000001 0.27738799999999997 0.042882 0.065196
0 0.6998599999999999 0.31523600000000007 0.042882 0.065224
0 0.673734 0.34865999999999997 0.042882 0.065224
0 0.647608 0.382706 0.042882 0.065224
0 0.6238140000000001 0.4192959999999999 0.042862 0.065224
0 0.5990800000000001 0.4565079999999999 0.042882 0.065224
0 0.56969 0.4930859999999999 0.042882 0.065196
0 0.537968 0.5315559999999999 0.042862 0.065224
0 0.678858 0.40604799999999996 0.042882 0.065196
0 0.652272 0.4438979999999999 0.042882 0.065224
0 0.626606 0.479838 0.042882 0.065224
