0 0.62058 0.04631199999999991 0.029 0.03853
0 0.65005 0.04554799999999992 0.0295 0.03952
0 0.67876 0.0445580000000001 0.02836 0.03946
0 0.70759 0.04335800000000001 0.02974 0.0391
0 0.73664 0.04181400000000002 0.02792 0.03943
0 0.76501 0.040180000000000105 0.02838 0.03898
0 0.79418 0.03882999999999992 0.02996 0.03928
0 0.824 0.038410000000000055 0.0294 0.03958
0 0.8532 0.03811000000000009 0.0286 0.03838
0 0.882 0.037031999999999954 0.029 0.037482
0 0.91077 0.035968 0.02822 0.03931
0 0.93913 0.03488800000000003 0.0285 0.037992
0 0.96779 0.03445199999999993 0.02822 0.03886
0 0.98361 0.07140999999999997 0.02898 0.03805
0 0.95495 0.07218799999999992 0.02898 0.03901
0 0.92546 0.07317799999999997 0.02932 0.03901
0 0.89664 0.073434 0.02832 0.0385
0 0.86732 0.07421199999999994 0.03032 0.03808
0 0.83807 0.07551799999999997 0.02854 0.037872
0 0.80923 0.07607199999999992 0.0291 0.0391
0 0.78082 0.07752599999999998 0.02832 0.03871
0 0.75133 0.07874000000000003 0.03066 0.03874
0 0.72166 0.07957999999999998 0.02912 0.03868
0 0.69297 0.08020999999999989 0.02886 0.0391
0 0.66424 0.08173999999999992 0.02852 0.03886
0 0.75102 0.15322400000000003 0.029 0.0397
0 0.72234 0.15494800000000009 0.02788 0.03967
0 0.69394 0.15571200000000007 0.029 0.03928
0 0.66484 0.1564620000000001 0.0288 0.03838
0 0.63584 0.1572119999999999 0.0288 0.03928
0 0.60718 0.15864999999999996 0.0286 0.04048
0 0.62264 0.19448200000000004 0.02992 0.0403
0 0.652 0.19418200000000008 0.0288 0.0409
0 0.68098 0.19371800000000006 0.0292 0.03985
0 0.70949 0.19269800000000004 0.02822 0.037812
0 0.73826 0.19229399999999996 0.02876 0.03862
0 0.76717 0.1910639999999999 0.02906 0.03946
0 0.79621 0.1897899999999999 0.0285 0.04021
0 0.82557 0.1890559999999999 0.02966 0.03988
0 0.85478 0.188156 0.0282 0.03928
0 0.88298 0.187106 0.0278 0.04018
0 0.91149 0.18625200000000008 0.02926 0.04045
0 0.94084 0.18512799999999996 0.02868 0.04042
0 0.96988 0.18407799999999996 0.02868 0.04042
0 0.98409 0.22069000000000005 0.02858 0.04018
0 0.95559 0.2213799999999999 0.0291 0.04096
0 0.92631 0.2218739999999999 0.02942 0.04075
0 0.8972 0.22308799999999995 0.0288 0.04018
0 0.86835 0.22461799999999998 0.02954 0.04138
0 0.83919 0.225082 0.0285 0.03985
0 0.81041 0.22569799999999995 0.02906 0.04108
0 0.78136 0.2273320000000001 0.02904 0.03943
0 0.82576 0.2634479999999999 0.0276 0.0403
0 0.5626 0.04706199999999994 0.0296 0.03853
0 0.59159 0.04656600000000011 0.02834 0.04
0 0.6355 0.08341799999999999 0.02932 0.03952
0 0.60647 0.08362800000000004 0.02906 0.0391
0 0.57736 0.0840780000000001 0.02964 0.03868
0 0.59287 0.12172399999999994 0.02938 0.03829
0 0.62179 0.12109400000000003 0.02922 0.03949
0 0.65046 0.12063000000000001 0.02868 0.03844
0 0.67929 0.11905600000000005 0.02894 0.03991
0 0.70823 0.11807999999999996 0.02894 0.03994
0 0.73711 0.11736199999999997 0.02842 0.04024
0 0.76552 0.1161319999999999 0.0284 0.03916
0 0.79472 0.11499199999999998 0.03 0.03904
0 0.82368 0.1140779999999999 0.02828 0.04093
0 0.85289 0.11358399999999991 0.03026 0.03994
0 0.88264 0.11308800000000008 0.0286 0.04093
0 0.91092 0.11209800000000003 0.02796 0.04093
0 0.93977 0.1102399999999999 0.03006 0.03991
0 0.96932 0.1097300000000001 0.02904 0.03991
0 0.79688 0.2642279999999999 0.02984 0.0409
0 0.98327 0.14484199999999992 0.0285 0.03859
0 0.95473 0.1469259999999999 0.02794 0.03898
0 0.92595 0.14730200000000004 0.02958 0.03943
0 0.89685 0.14829000000000003 0.02862 0.03847
0 0.86791 0.14850000000000008 0.02926 0.04087
0 0.83837 0.1510499999999999 0.02926 0.04153
0 0.80924 0.1518600000000001 0.029 0.03967
0 0.78013 0.1523540000000001 0.02878 0.04006
0 0.75273 0.22819999999999996 0.02878 0.03955
0 0.72433 0.22897999999999996 0.0281 0.04003
