0 0.05007600000000001 0.254498 0.036556 0.03897
0 0.03134199999999998 0.288644 0.036556 0.03897
0 0.09159399999999995 0.253414 0.036556 0.03897
0 0.07033 0.28756 0.036556 0.03897
0 0.050581999999999905 0.327128 0.036556 0.03897
0 0.029315999999999898 0.36561 0.036556 0.03897
0 0.13058199999999998 0.253414 0.036556 0.03897
0 0.10982200000000009 0.289186 0.036556 0.03897
0 0.08956999999999993 0.32496 0.036556 0.03897
0 0.07134200000000002 0.365068 0.036556 0.03897
0 0.05007600000000001 0.400298 0.036556 0.03897
0 0.03134199999999998 0.437154 0.036556 0.03897
0 0.1690640000000001 0.253414 0.036556 0.03897
0 0.14678400000000003 0.288644 0.036556 0.03897
0 0.1285559999999999 0.327128 0.036556 0.03897
0 0.11235400000000006 0.367236 0.036556 0.03897
0 0.09058199999999994 0.402466 0.036556 0.03897
0 0.06982200000000005 0.437696 0.036556 0.03897
0 0.05007600000000001 0.47672 0.036556 0.03897
0 0.030836000000000086 0.509784 0.036556 0.03897
0 0.20703800000000006 0.253414 0.036556 0.03897
0 0.1877979999999999 0.291356 0.036556 0.03897
0 0.16805000000000003 0.32767 0.036556 0.03897
0 0.1477980000000001 0.3629 0.036556 0.03897
0 0.1275440000000001 0.402466 0.036556 0.03897
0 0.10830399999999996 0.439322 0.036556 0.03897
0 0.08956999999999993 0.474552 0.036556 0.03897
0 0.07033 0.510868 0.036556 0.03897
0 0.24653199999999997 0.253414 0.036556 0.03897
0 0.22830400000000006 0.29244 0.036556 0.03897
0 0.3250120000000001 0.251246 0.036556 0.03897
0 0.3852660000000001 0.290272 0.036556 0.03897
0 0.44450600000000007 0.328212 0.036556 0.03897
0 0.3437460000000001 0.290814 0.036556 0.03897
0 0.4050119999999999 0.32767 0.036556 0.03897
0 0.46425399999999994 0.3629 0.036556 0.03897
0 0.5209619999999999 0.402466 0.036556 0.03897
0 0.542734 0.44149 0.036556 0.03897
0 0.5604560000000001 0.477804 0.036556 0.03897
0 0.59843 0.481056 0.036556 0.03897
0 0.4819739999999999 0.405176 0.036556 0.03897
0 0.3047599999999999 0.290272 0.036556 0.03897
0 0.2657719999999999 0.291898 0.036556 0.03897
0 0.20957000000000003 0.329296 0.036556 0.03897
0 0.18678400000000006 0.364526 0.036556 0.03897
0 0.16805000000000003 0.403008 0.036556 0.03897
0 0.1488100000000001 0.438238 0.036556 0.03897
0 0.12906400000000007 0.475636 0.036556 0.03897
0 0.10881000000000007 0.51141 0.036556 0.03897
0 0.2470380000000001 0.329296 0.036556 0.03897
0 0.286532 0.328754 0.036556 0.03897
0 0.32450599999999996 0.33038 0.036556 0.03897
0 0.363494 0.329296 0.036556 0.03897
0 0.2267840000000001 0.366694 0.036556 0.03897
0 0.2647600000000001 0.366694 0.036556 0.03897
0 0.3047599999999999 0.367236 0.036556 0.03897
0 0.3437460000000001 0.366694 0.036556 0.03897
0 0.2055180000000001 0.402466 0.036556 0.03897
0 0.1877979999999999 0.440948 0.036556 0.03897
0 0.16754399999999992 0.475636 0.036556 0.03897
0 0.24602600000000008 0.404092 0.036556 0.03897
0 0.22627799999999998 0.436612 0.036556 0.03897
0 0.21007599999999993 0.474552 0.036556 0.03897
0 0.15083599999999997 0.511952 0.036556 0.03897
0 0.18931600000000004 0.511952 0.036556 0.03897
0 0.2845059999999999 0.402466 0.036556 0.03897
0 0.265266 0.438238 0.036556 0.03897
0 0.24602600000000008 0.473468 0.036556 0.03897
0 0.22880999999999996 0.510326 0.036556 0.03897
0 0.32400000000000007 0.402466 0.036556 0.03897
0 0.30577199999999993 0.439864 0.036556 0.03897
0 0.286532 0.47401 0.036556 0.03897
0 0.266278 0.509784 0.036556 0.03897
0 0.38476 0.36561 0.036556 0.03897
0 0.3640000000000001 0.403008 0.036556 0.03897
0 0.34475999999999996 0.437696 0.036556 0.03897
0 0.325518 0.477804 0.036556 0.03897
0 0.30577199999999993 0.510326 0.036556 0.03897
0 0.42324000000000006 0.364526 0.036556 0.03897
0 0.406026 0.401924 0.036556 0.03897
0 0.38020199999999993 0.439864 0.036556 0.03897
0 0.3640000000000001 0.477804 0.036556 0.03897
0 0.34324 0.513036 0.036556 0.03897
0 0.44248200000000004 0.403008 0.036556 0.03897
0 0.42324000000000006 0.43878 0.036556 0.03897
0 0.4029879999999999 0.47672 0.036556 0.03897
0 0.3842540000000001 0.510326 0.036556 0.03897
0 0.4607079999999999 0.440948 0.036556 0.03897
0 0.44298799999999994 0.475636 0.036556 0.03897
0 0.42324000000000006 0.516288 0.036556 0.03897
0 0.5032399999999999 0.440948 0.036556 0.03897
0 0.481468 0.47672 0.036556 0.03897
0 0.4622280000000001 0.51412 0.036556 0.03897
0 0.521468 0.477262 0.036556 0.03897
0 0.501722 0.51683 0.036556 0.03897
0 0.5412159999999999 0.513036 0.036556 0.03897
0 0.5731139999999999 0.515204 0.036556 0.03897
0 0.6166579999999999 0.516288 0.036556 0.03897
0 0.05129199999999989 0.547832 0.036556 0.03897
0 0.030380000000000074 0.586314 0.036556 0.03897
0 0.029873999999999956 0.660028 0.036556 0.03897
0 0.05164600000000008 0.622628 0.036556 0.03897
0 0.0693680000000001 0.584146 0.036556 0.03897
0 0.09063200000000005 0.549458 0.036556 0.03897
0 0.13063200000000008 0.547318 0.036556 0.039024
0 0.10885999999999996 0.584146 0.036556 0.03897
0 0.09063200000000005 0.618834 0.036556 0.03897
0 0.07038000000000011 0.656776 0.036556 0.03897
0 0.05113999999999996 0.694716 0.036556 0.03897
0 0.031392000000000087 0.728888 0.036556 0.039024
0 0.167292 0.549838 0.036556 0.03897
0 0.1485559999999999 0.582926 0.036556 0.039024
0 0.12830399999999997 0.619214 0.036556 0.03897
0 0.11058199999999996 0.656098 0.036556 0.039024
0 0.08982200000000007 0.694038 0.036556 0.039024
0 0.06956999999999991 0.73141 0.036556 0.03897
0 0.050329999999999986 0.767724 0.036556 0.03897
0 0.031088000000000005 0.80515 0.036556 0.039024
0 0.028556000000000026 0.878834 0.036556 0.03897
0 0.20779799999999993 0.546044 0.036556 0.03897
0 0.18855599999999995 0.583442 0.036556 0.03897
0 0.1677979999999999 0.619756 0.036556 0.03897
0 0.14805000000000001 0.656098 0.036556 0.039024
0 0.1298220000000001 0.692926 0.036556 0.03897
0 0.10906400000000005 0.730868 0.036556 0.03897
0 0.08830399999999994 0.768266 0.036556 0.03897
0 0.07058199999999992 0.804038 0.036556 0.03897
0 0.0508360000000001 0.840894 0.036556 0.03897
0 0.24830400000000008 0.548212 0.036556 0.03897
0 0.22805000000000009 0.582358 0.036556 0.03897
0 0.20830400000000004 0.620868 0.036556 0.039024
0 0.18805000000000005 0.657154 0.036556 0.03897
0 0.168304 0.694552 0.036556 0.03897
0 0.1510879999999999 0.729268 0.036556 0.039024
0 0.13184799999999997 0.76664 0.036556 0.03897
0 0.11007600000000006 0.803496 0.036556 0.03897
0 0.09033000000000002 0.84309 0.036556 0.039024
0 0.06956999999999991 0.879918 0.036556 0.03897
0 0.051847999999999894 0.91626 0.036556 0.039024
0 0.03260799999999997 0.949838 0.036556 0.03897
0 0.285266 0.546586 0.036556 0.03897
0 0.267544 0.581816 0.036556 0.03897
0 0.24779799999999996 0.619214 0.036556 0.03897
0 0.22653199999999996 0.655528 0.036556 0.03897
0 0.20627799999999996 0.693468 0.036556 0.03897
0 0.18805000000000005 0.730868 0.036556 0.03897
0 0.167292 0.767724 0.036556 0.03897
0 0.14906400000000009 0.804038 0.036556 0.03897
0 0.1288100000000001 0.841436 0.036556 0.03897
0 0.11007600000000006 0.87775 0.036556 0.03897
0 0.3237460000000001 0.548754 0.036556 0.03897
0 0.30450599999999994 0.585068 0.036556 0.03897
0 0.2857719999999999 0.620298 0.036556 0.03897
0 0.267544 0.656098 0.036556 0.039024
0 0.24880999999999998 0.692384 0.036556 0.03897
0 0.22805000000000009 0.730326 0.036556 0.03897
0 0.20729200000000003 0.768808 0.036556 0.03897
0 0.3642540000000001 0.550922 0.036556 0.03897
0 0.3450120000000001 0.583442 0.036556 0.03897
0 0.32627800000000007 0.619214 0.036556 0.03897
0 0.30450599999999994 0.658238 0.036556 0.03897
0 0.285266 0.692926 0.036556 0.03897
0 0.266532 0.730326 0.036556 0.03897
0 0.246278 0.767724 0.036556 0.03897
0 0.1890639999999999 0.80244 0.036556 0.039024
0 0.16577200000000003 0.840894 0.036556 0.03897
0 0.147038 0.874498 0.036556 0.03897
0 0.22602600000000006 0.804038 0.036556 0.03897
0 0.20577200000000007 0.8371 0.036556 0.03897
0 0.18602600000000002 0.874498 0.036556 0.03897
0 0.167292 0.911356 0.036556 0.03897
0 0.405772 0.547696 0.036556 0.039024
0 0.3850119999999999 0.585636 0.036556 0.039024
0 0.3637459999999999 0.623578 0.036556 0.039024
0 0.34602599999999994 0.656612 0.036556 0.03897
0 0.32475999999999994 0.696748 0.036556 0.039024
0 0.30450599999999994 0.733578 0.036556 0.03897
0 0.28627800000000003 0.76935 0.036556 0.03897
0 0.264 0.805664 0.036556 0.03897
0 0.246278 0.83767 0.036556 0.039024
0 0.22855599999999998 0.877208 0.036556 0.03897
0 0.20880999999999994 0.91355 0.036556 0.039024
0 0.18805000000000005 0.949838 0.036556 0.03897
0 0.44273399999999996 0.550406 0.036556 0.039024
0 0.42045599999999994 0.585068 0.036556 0.03897
0 0.4042539999999999 0.620868 0.036556 0.039024
0 0.384506 0.656612 0.036556 0.03897
0 0.3642540000000001 0.694552 0.036556 0.03897
0 0.34349399999999997 0.733036 0.036556 0.03897
0 0.32425400000000004 0.767208 0.036556 0.039024
0 0.30501200000000006 0.80458 0.036556 0.03897
0 0.28374600000000005 0.839268 0.036556 0.03897
0 0.265012 0.877208 0.036556 0.03897
0 0.24779799999999996 0.91355 0.036556 0.039024
0 0.22754399999999997 0.949296 0.036556 0.03897
0 0.481722 0.550922 0.036556 0.03897
0 0.4609620000000001 0.585068 0.036556 0.03897
0 0.44172199999999995 0.621924 0.036556 0.03897
0 0.422482 0.658808 0.036556 0.039024
0 0.40222800000000003 0.693468 0.036556 0.03897
0 0.382482 0.73141 0.036556 0.03897
0 0.36324 0.76664 0.036556 0.03897
0 0.34248199999999995 0.80515 0.036556 0.039024
0 0.32323999999999997 0.84038 0.036556 0.039024
0 0.30400000000000005 0.877208 0.036556 0.03897
0 0.28323999999999994 0.911356 0.036556 0.03897
0 0.5196959999999999 0.550922 0.036556 0.03897
0 0.501468 0.585636 0.036556 0.039024
0 0.4812160000000001 0.622466 0.036556 0.03897
0 0.461468 0.658238 0.036556 0.03897
0 0.4407080000000001 0.694038 0.036556 0.039024
0 0.42146799999999995 0.73141 0.036556 0.03897
0 0.4027339999999999 0.766098 0.036556 0.03897
0 0.3804559999999999 0.80458 0.036556 0.03897
0 0.3617220000000001 0.840894 0.036556 0.03897
0 0.34298800000000007 0.876666 0.036556 0.03897
0 0.32425400000000004 0.91355 0.036556 0.039024
0 0.30146800000000007 0.950922 0.036556 0.03897
0 0.5581780000000001 0.551464 0.036556 0.03897
0 0.5414680000000001 0.586694 0.036556 0.03897
0 0.5976699999999999 0.548754 0.036556 0.03897
0 0.5789359999999999 0.586694 0.036556 0.03897
0 0.520708 0.621382 0.036556 0.03897
0 0.559696 0.620868 0.036556 0.039024
0 0.49792400000000003 0.658238 0.036556 0.03897
0 0.4812160000000001 0.695094 0.036556 0.03897
0 0.460456 0.732494 0.036556 0.03897
0 0.4407080000000001 0.768808 0.036556 0.03897
0 0.42045599999999994 0.804038 0.036556 0.03897
0 0.401216 0.84038 0.036556 0.039024
0 0.3814679999999999 0.87561 0.036556 0.039024
0 0.362228 0.911356 0.036556 0.03897
0 0.6169119999999999 0.584526 0.036556 0.03897
0 0.598684 0.621382 0.036556 0.03897
0 0.53843 0.658808 0.036556 0.039024
0 0.6574180000000001 0.586152 0.036556 0.03897
0 0.6371640000000001 0.626288 0.036556 0.039024
0 0.5186839999999999 0.693468 0.036556 0.03897
0 0.49893600000000005 0.73141 0.036556 0.03897
0 0.4796959999999999 0.767724 0.036556 0.03897
0 0.4599500000000001 0.804038 0.036556 0.03897
0 0.43918999999999997 0.83981 0.036556 0.03897
0 0.42146799999999995 0.87504 0.036556 0.03897
0 0.4017219999999999 0.91244 0.036556 0.03897
0 0.575494 0.659728 0.036556 0.039024
0 0.5557460000000001 0.691138 0.036556 0.03897
0 0.5365059999999999 0.731788 0.036556 0.03897
0 0.515746 0.766476 0.036556 0.03897
0 0.4954940000000001 0.801166 0.036556 0.03897
0 0.4777720000000001 0.838048 0.036556 0.039024
0 0.45853199999999994 0.87599 0.036556 0.039024
0 0.43878400000000006 0.91393 0.036556 0.039024
0 0.6160000000000001 0.659728 0.036556 0.039024
0 0.5972660000000001 0.692764 0.036556 0.03897
0 0.5760000000000001 0.731246 0.036556 0.03897
0 0.556254 0.767018 0.036556 0.03897
0 0.537012 0.805528 0.036556 0.039024
0 0.517266 0.839106 0.036556 0.03897
0 0.4990380000000001 0.87542 0.036556 0.03897
0 0.47929200000000005 0.911762 0.036556 0.039024
0 0.674734 0.627208 0.036556 0.039024
0 0.654482 0.659186 0.036556 0.039024
0 0.6357459999999999 0.695474 0.036556 0.03897
0 0.614482 0.730704 0.036556 0.03897
0 0.5947340000000001 0.766476 0.036556 0.03897
0 0.574988 0.80336 0.036556 0.039024
0 0.556254 0.839106 0.036556 0.03897
0 0.5365059999999999 0.87542 0.036556 0.03897
0 0.518278 0.91122 0.036556 0.039024
0 0.693468 0.657534 0.036556 0.03897
0 0.6737219999999999 0.692764 0.036556 0.03897
0 0.6534679999999999 0.73019 0.036556 0.039024
0 0.6322019999999999 0.76813 0.036556 0.039024
0 0.7127079999999999 0.69496 0.036556 0.039024
0 0.6929620000000001 0.731246 0.036556 0.03897
0 0.673216 0.767018 0.036556 0.03897
0 0.7127079999999999 0.769728 0.036556 0.03897
0 0.615494 0.802818 0.036556 0.039024
0 0.594228 0.840758 0.036556 0.039024
0 0.574988 0.87542 0.036556 0.03897
0 0.5567599999999999 0.91122 0.036556 0.039024
0 0.536 0.949702 0.036556 0.039024
0 0.653974 0.80336 0.036556 0.039024
0 0.6337219999999999 0.839106 0.036556 0.03897
0 0.6929620000000001 0.80496 0.036556 0.03897
0 0.673216 0.839648 0.036556 0.03897
0 0.730936 0.802818 0.036556 0.039024
0 0.7132160000000001 0.8413 0.036556 0.039024
0 0.613974 0.87599 0.036556 0.039024
0 0.59524 0.912818 0.036556 0.03897
0 0.5760000000000001 0.947506 0.036556 0.03897
0 0.6559999999999999 0.87813 0.036556 0.03897
0 0.633216 0.91336 0.036556 0.03897
0 0.61195 0.94588 0.036556 0.03897
0 0.692456 0.876532 0.036556 0.039024
0 0.6716960000000001 0.912276 0.036556 0.03897
0 0.6524559999999999 0.950758 0.036556 0.03897
0 0.732456 0.879756 0.036556 0.03897
0 0.7127079999999999 0.912818 0.036556 0.03897
0 0.752202 0.914472 0.036556 0.039024
0 0.692456 0.949702 0.036556 0.039024
0 0.7319500000000001 0.949702 0.036556 0.039024
0 0.10637999999999992 0.948644 0.036556 0.03897
