0 0.303758 0.961052 0.059704 0.077896
0 0.40495400000000004 0.9565619999999999 0.066968 0.084458
0 0.93082 0.9500519999999999 0.089546 0.096104
0 0.05129600000000001 0.9661979999999999 0.044906 0.067146
0 0.1280460000000001 0.964188 0.047938 0.067958
0 0.13168800000000003 0.8574059999999999 0.051562 0.071188
0 0.051601999999999926 0.8626560000000001 0.046704 0.067146
0 0.050086000000000075 0.74901 0.052172 0.069562
0 0.1313820000000001 0.738896 0.05339 0.06875
0 0.13502400000000003 0.6167499999999999 0.05339 0.072
0 0.05524200000000001 0.6305000000000001 0.053984 0.080084
0 0.05432799999999993 0.512386 0.04975 0.07523
0 0.1365400000000001 0.48853199999999997 0.05036 0.080896
0 0.14078999999999997 0.3558760000000001 0.053984 0.076042
0 0.05372599999999994 0.38376999999999994 0.05461 0.080084
0 0.05585200000000001 0.2498959999999999 0.05036 0.074416
0 0.14503200000000005 0.21551999999999993 0.058844 0.088166
0 0.14989000000000008 0.06505200000000011 0.055218 0.088188
0 0.05827399999999994 0.10994799999999993 0.055204 0.07927
0 0.2450159999999999 0.17204200000000003 0.066156 0.095208
0 0.35457000000000005 0.13151000000000002 0.069296 0.09798
0 0.4824759999999999 0.08118800000000004 0.077672 0.106376
0 0.9253819999999999 0.09655199999999997 0.101734 0.120354
0 0.7529600000000001 0.15527000000000002 0.088172 0.111958
0 0.597796 0.2048859999999999 0.081874 0.10498
0 0.46465599999999996 0.24751999999999996 0.071406 0.100792
0 0.345672 0.28736399999999995 0.06825 0.093812
0 0.238726 0.32301 0.05986 0.086812
0 0.234008 0.460688 0.069296 0.093792
0 0.3341320000000001 0.434844 0.068234 0.095188
0 0.4504999999999999 0.4089799999999999 0.070344 0.099374
0 0.580508 0.37333400000000005 0.080828 0.111958
0 0.727274 0.337688 0.089204 0.116166
0 0.8897740000000001 0.29295800000000005 0.09761 0.113376
0 0.8572740000000001 0.47607200000000005 0.093422 0.113354
0 0.7005399999999999 0.504032 0.088172 0.10777
0 0.5647740000000001 0.534084 0.07664 0.100792
0 0.4395 0.55575 0.075562 0.096584
0 0.325226 0.5767180000000001 0.07139 0.096604
0 0.22614800000000002 0.6004799999999999 0.061954 0.085416
0 0.2230080000000001 0.7283740000000001 0.055672 0.075624
0 0.31840599999999997 0.7123120000000001 0.061968 0.085416
0 0.42482 0.700428 0.07139 0.089604
0 0.54643 0.6878439999999999 0.075578 0.092396
0 0.680094 0.666876 0.085032 0.103584
0 0.8305400000000001 0.648698 0.096546 0.117562
0 0.8001320000000001 0.809458 0.094454 0.117542
0 0.7775939999999999 0.9480200000000001 0.087124 0.103958
0 0.659656 0.8171459999999999 0.079782 0.099376
0 0.529126 0.827626 0.070344 0.106374
0 0.6365940000000001 0.952032 0.079782 0.092396
0 0.5148900000000001 0.955708 0.071344 0.088584
0 0.4140539999999999 0.8342499999999999 0.063328 0.084458
0 0.31139800000000006 0.8429899999999999 0.06189 0.084438
0 0.21857799999999994 0.849782 0.056782 0.07473
0 0.209476 0.9628760000000001 0.05314 0.071834
