0 0.952154 0.682008 0.095692 0.144352
0 0.843462 0.69796 0.101416 0.144456
0 0.73903 0.691402 0.095384 0.131338
0 0.633392 0.69796 0.089338 0.121486
0 0.524138 0.70863 0.088124 0.132992
0 0.417892 0.705346 0.085724 0.132992
0 0.31407 0.700428 0.088138 0.129686
0 0.20903 0.705346 0.083292 0.119854
0 0.100976 0.696318 0.084508 0.12477
0 0.478862 0.567448 0.082092 0.11
0 0.585708 0.56908 0.080892 0.11
0 0.68833 0.566622 0.073646 0.101778
0 0.8 0.565806 0.082092 0.119854
0 0.895376 0.559236 0.079676 0.10998
0 0.956346 0.438578 0.078476 0.1182
0 0.848292 0.438578 0.084524 0.1182
0 0.742662 0.43365 0.076062 0.114916
0 0.63943 0.434466 0.082092 0.113284
0 0.533192 0.434466 0.079676 0.113284
0 0.417892 0.441036 0.085724 0.116548
0 0.320708 0.442668 0.082092 0.106716
0 0.214462 0.44022 0.077262 0.114916
0 0.373224 0.574832 0.078476 0.111632
0 0.267592 0.57319 0.084508 0.105084
0 0.158324 0.569906 0.076062 0.114916
0 0.051476 0.568264 0.082092 0.108368
0 0.1704 0.312982 0.080892 0.106716
0 0.112516 0.447604 0.069584 0.102616
0 0.898516 0.30908 0.077124 0.101464
0 0.798324 0.30909 0.074616 0.108306
0 0.69143 0.30681 0.073784 0.108306
0 0.58537 0.310794 0.071262 0.107154
0 0.479738 0.30794 0.074616 0.112866
0 0.383324 0.315878 0.074616 0.110502
0 0.270976 0.310794 0.07463 0.114016
0 0.060546 0.306234 0.076292 0.114016
0 0.901446 0.059404 0.071262 0.099184
0 0.851984 0.184822 0.079662 0.108306
0 0.74613 0.188294 0.069862 0.098974
0 0.642492 0.18433 0.076862 0.098954
0 0.539446 0.187898 0.067538 0.09818
0 0.435808 0.186706 0.07103 0.095794
0 0.329846 0.192248 0.075692 0.105292
0 0.223008 0.19067 0.07743 0.103724
0 0.119662 0.188294 0.074524 0.105292
0 0.795324 0.060428 0.083262 0.117176
0 0.694608 0.05568 0.07743 0.110858
0 0.593584 0.059644 0.075692 0.112426
0 0.487038 0.064382 0.076846 0.109268
0 0.387192 0.069142 0.096076 0.129832
0 0.278024 0.070722 0.088508 0.134582
0 0.174684 0.072312 0.094908 0.136172
