0 0.96819 0.45321600000000006 0.032502 0.04806
0 0.929816 0.485808 0.03376 0.051164
0 0.959176 0.516046 0.033976 0.04806
0 0.976944 0.8143560000000001 0.032502 0.048036
0 0.959328 0.7297 0.032502 0.048036
0 0.947292 0.7890360000000001 0.033694 0.04846
0 0.918374 0.761002 0.032502 0.04806
0 0.891582 0.7340059999999999 0.036122 0.050388
0 0.927108 0.6993860000000001 0.032502 0.050038
0 0.965472 0.6661079999999999 0.033954 0.049512
0 0.897908 0.6700619999999999 0.034302 0.049112
0 0.93546 0.6369720000000001 0.034172 0.049712
0 0.865548 0.64154 0.03402 0.049086
0 0.904518 0.607108 0.036122 0.050414
0 0.91897 0.5478099999999999 0.035514 0.050062
0 0.87351 0.577898 0.035514 0.050414
0 0.834074 0.6119779999999999 0.036728 0.049036
0 0.841452 0.54677 0.037616 0.050788
0 0.808342 0.054743999999999904 0.03662 0.053316
0 0.88688 0.2938799999999999 0.034994 0.051188
0 0.928894 0.26234 0.036338 0.051188
0 0.970066 0.2330540000000001 0.036338 0.051188
0 0.95947 0.2956319999999999 0.036338 0.051188
0 0.919816 0.32692199999999993 0.036338 0.051188
0 0.799122 0.3552059999999999 0.036338 0.051188
0 0.875612 0.35721 0.036338 0.051188
0 0.830976 0.3869959999999999 0.036338 0.051188
0 0.788852 0.4200379999999999 0.037032 0.051188
0 0.819274 0.45107600000000003 0.036338 0.051188
0 0.864778 0.42078799999999994 0.036338 0.051188
0 0.808656 0.513654 0.036338 0.051188
0 0.855244 0.48511799999999994 0.036338 0.051188
0 0.896414 0.4535800000000001 0.036338 0.051188
0 0.88688 0.515658 0.036338 0.051188
0 0.912016 0.39225200000000005 0.036338 0.051188
0 0.948114 0.3587100000000001 0.035298 0.051188
0 0.939534 0.42229000000000005 0.036338 0.051188
0 0.97845 0.39183999999999997 0.033998 0.049362
0 0.977444 0.605394 0.032502 0.048036
0 0.947334 0.57786 0.032524 0.048036
0 0.882882 0.0616779999999999 0.036186 0.050564
0 0.841386 0.09171400000000007 0.036836 0.050062
0 0.798266 0.12112600000000007 0.037704 0.052316
0 0.786782 0.18858599999999992 0.03857 0.052066
0 0.83131 0.1579219999999999 0.03662 0.052316
0 0.777248 0.2552939999999999 0.039004 0.052316
0 0.819502 0.223754 0.038136 0.050312
0 0.861106 0.19246600000000003 0.036404 0.050312
0 0.87183 0.1277600000000001 0.035752 0.051064
0 0.919502 0.09872400000000003 0.035752 0.051064
0 0.961864 0.07018799999999992 0.035752 0.051064
0 0.928494 0.03264 0.035752 0.051064
0 0.949934 0.1346799999999999 0.034994 0.051188
0 0.981354 0.16972399999999999 0.034994 0.051188
0 0.908982 0.16446800000000006 0.034994 0.051188
0 0.939318 0.19876000000000005 0.034994 0.051188
0 0.895764 0.22729599999999994 0.034994 0.051188
0 0.850618 0.25758400000000004 0.03571 0.051188
0 0.809772 0.2894620000000001 0.036794 0.051364
0 0.840326 0.32191400000000003 0.035492 0.051188
