0 0.368934 0.055943999999999994 0.0299 0.037362
0 0.4119 0.04566800000000004 0.031134 0.041088
0 0.456108 0.03679399999999999 0.032384 0.042038
0 0.501558 0.02465600000000001 0.033616 0.034562
0 0.37765 0.11571799999999999 0.0274 0.031762
0 0.33905 0.12366199999999994 0.0274 0.030824
0 0.326592 0.06855000000000011 0.029884 0.03455
0 0.421858 0.10965000000000003 0.033616 0.036424
0 0.46545 0.0998380000000001 0.033634 0.039224
0 0.512142 0.09050000000000002 0.032384 0.03735
0 0.565066 0.07929399999999998 0.031134 0.035488
0 0.618624 0.06808799999999993 0.036116 0.039224
0 0.677774 0.05593800000000004 0.03985 0.039226
0 0.7388 0.042861999999999956 0.032366 0.0411
0 0.810408 0.03259400000000001 0.036116 0.048562
0 0.349008 0.17969999999999997 0.024916 0.02895
0 0.3901 0.17129400000000006 0.0274 0.028962
0 0.428084 0.16896200000000006 0.028634 0.033624
0 0.473542 0.16195000000000004 0.034884 0.036424
0 0.526476 0.15401200000000004 0.036116 0.0355
0 0.570674 0.145138 0.029884 0.0383
0 0.626092 0.1362620000000001 0.036116 0.0411
0 0.681516 0.12693200000000004 0.042334 0.037362
0 0.745034 0.11711800000000006 0.044834 0.042038
0 0.814758 0.10871199999999992 0.03985 0.047626
0 0.883884 0.09610000000000007 0.0436 0.0467
0 0.357724 0.23200599999999993 0.029884 0.034562
0 0.3957 0.22873199999999994 0.031134 0.035488
0 0.439292 0.22266199999999992 0.02865 0.030826
0 0.368308 0.285706 0.02615 0.029888
0 0.406292 0.281968 0.024916 0.037362
0 0.379516 0.3389439999999999 0.026166 0.035488
0 0.415634 0.33287599999999995 0.028634 0.030826
0 0.420616 0.382382 0.028634 0.032688
0 0.447392 0.2791680000000001 0.029884 0.035488
0 0.453616 0.3314760000000001 0.0274 0.03175
0 0.4586 0.38004400000000005 0.0274 0.031762
0 0.481016 0.21799400000000002 0.0274 0.038288
0 0.489726 0.27496199999999993 0.029884 0.036424
0 0.493466 0.32866799999999996 0.0274 0.037362
0 0.502184 0.3814439999999999 0.0299 0.038288
0 0.5109 0.43655 0.032366 0.036424
0 0.525842 0.2133259999999999 0.029884 0.036424
0 0.535184 0.27170000000000005 0.028634 0.039224
0 0.540792 0.3268 0.032384 0.039226
0 0.543284 0.382382 0.0274 0.034562
0 0.553242 0.434682 0.024916 0.030812
0 0.577524 0.20818800000000004 0.038616 0.039224
0 0.627958 0.20025000000000004 0.032384 0.036424
0 0.580642 0.27029400000000003 0.027384 0.034562
0 0.586866 0.3253999999999999 0.032366 0.036426
0 0.59185 0.3833120000000001 0.0299 0.03455
0 0.59745 0.43701199999999996 0.028634 0.033624
0 0.60305 0.48838800000000004 0.0274 0.0355
0 0.650376 0.494926 0.032384 0.0411
0 0.646642 0.43795000000000006 0.029884 0.033624
0 0.640416 0.38237600000000005 0.037366 0.0383
0 0.641666 0.324468 0.034866 0.038288
0 0.63295 0.26468800000000003 0.037366 0.036424
0 0.685866 0.19464400000000004 0.031134 0.042038
0 0.750624 0.189044 0.036116 0.040162
0 0.814766 0.17969999999999997 0.042334 0.0439
0 0.687742 0.2576879999999999 0.03735 0.03735
0 0.69335 0.32213800000000004 0.031134 0.033626
0 0.696458 0.3828499999999999 0.03985 0.033626
0 0.69895 0.44075 0.032366 0.033624
0 0.702684 0.4953939999999999 0.032366 0.034562
0 0.884784 0.2456179999999999 0.046334 0.044838
0 0.956508 0.24113800000000007 0.046316 0.044826
0 0.882542 0.318476 0.032884 0.0381
0 0.95875 0.3145500000000001 0.047834 0.04595
0 0.70485 0.552162 0.034366 0.03475
0 0.7579 0.5571999999999999 0.035866 0.033626
0 0.815434 0.560006 0.037366 0.039238
0 0.818424 0.61605 0.04035 0.0325
0 0.874466 0.62445 0.035866 0.033626
0 0.8782 0.56785 0.046334 0.039226
0 0.942458 0.634538 0.04035 0.04035
0 0.943208 0.690582 0.03885 0.035862
0 0.9462 0.5751379999999999 0.041834 0.0426
0 0.882684 0.510132 0.037366 0.038112
0 0.948442 0.5163 0.04035 0.039226
0 0.881942 0.3834820000000001 0.03885 0.038112
0 0.881942 0.44625000000000004 0.03885 0.04035
0 0.957408 0.38460000000000005 0.049316 0.044824
0 0.952176 0.44960599999999995 0.04185 0.042588
0 0.750008 0.2558180000000001 0.03735 0.037362
0 0.75375 0.3230679999999999 0.034866 0.035488
0 0.755616 0.38424400000000003 0.0411 0.040162
0 0.7525 0.4416880000000001 0.037366 0.03735
0 0.760592 0.49960000000000004 0.036116 0.039224
0 0.812274 0.24974999999999992 0.03735 0.042026
0 0.817258 0.318862 0.04235 0.0383
0 0.813516 0.3833120000000001 0.034866 0.0439
0 0.81975 0.44402600000000003 0.042334 0.0383
0 0.816634 0.5037940000000001 0.0361 0.040162
0 0.9667 0.08069400000000004 0.0548 0.051362
0 0.961716 0.1647559999999999 0.044834 0.047638
0 0.887 0.1726939999999999 0.044834 0.042962
