0 0.367624 0.40295 0.050216 0.0511
0 0.422316 0.359238 0.044834 0.05515
0 0.799808 0.453388 0.050216 0.060526
0 0.886784 0.524 0.0556 0.06455
0 0.972858 0.808456 0.052016 0.057838
0 0.890366 0.634956 0.048434 0.055138
0 0.8841 0.739194 0.0502 0.059188
0 0.884092 0.837376 0.050216 0.0511
0 0.969276 0.906644 0.052016 0.055138
0 0.314134 0.720162 0.037366 0.0495
0 0.254984 0.670194 0.028634 0.042962
0 0.416874 0.750518 0.038616 0.044838
0 0.367066 0.772938 0.031134 0.039224
0 0.530824 0.780882 0.03985 0.040162
0 0.541416 0.864468 0.0411 0.044838
0 0.427466 0.827112 0.034866 0.044826
0 0.485992 0.880812 0.03985 0.0439
0 0.550134 0.938726 0.033634 0.0439
0 0.494716 0.955068 0.034866 0.042962
0 0.4393 0.899032 0.031134 0.042962
0 0.382624 0.848126 0.032384 0.0439
0 0.325974 0.794418 0.036116 0.041088
0 0.283626 0.813568 0.036116 0.040162
0 0.337176 0.864938 0.036116 0.0383
0 0.391966 0.916306 0.031134 0.032688
0 0.449874 0.969082 0.032384 0.037362
0 0.348384 0.931718 0.0386 0.039238
0 0.292966 0.884082 0.0299 0.035488
0 0.307284 0.948062 0.023666 0.0383
0 0.208016 0.095626 0.043034 0.057824
0 0.259134 0.039132 0.044834 0.063212
0 0.326374 0.092932 0.04305 0.063212
0 0.184708 0.24895 0.03945 0.05515
0 0.224158 0.2039 0.03945 0.0538
0 0.144358 0.049218 0.03765 0.056488
0 0.384658 0.033082 0.052016 0.064562
0 0.461774 0.084862 0.048416 0.0686
0 0.3999 0.148074 0.046634 0.060524
0 0.349692 0.203224 0.060984 0.0686
0 0.609716 0.079488 0.0502 0.0659
0 0.542476 0.143368 0.048416 0.064562
0 0.468042 0.201882 0.03945 0.057838
0 0.406184 0.256344 0.044834 0.056488
0 0.288716 0.252988 0.039466 0.05515
0 0.792634 0.074774 0.064566 0.075326
0 0.702076 0.139338 0.055584 0.06725
0 0.889474 0.138662 0.06455 0.073976
0 0.795316 0.2086 0.062766 0.073976
0 0.705658 0.269126 0.052016 0.0686
0 0.884092 0.273838 0.057384 0.072624
0 0.891266 0.402274 0.060966 0.0659
0 0.796216 0.3357 0.064566 0.06725
0 0.714624 0.384794 0.059184 0.068588
0 0.625858 0.321582 0.050216 0.065912
0 0.485084 0.313506 0.048434 0.063212
0 0.351484 0.306112 0.043034 0.0565
0 0.243884 0.297368 0.043034 0.052462
0 0.195466 0.337718 0.032266 0.049762
0 0.300376 0.349156 0.034084 0.051112
0 0.25375 0.390174 0.037666 0.047076
0 0.889466 0.926144 0.046634 0.051112
0 0.806984 0.858894 0.0538 0.056488
0 0.808776 0.947668 0.04305 0.051112
0 0.804292 0.765418 0.048416 0.055138
0 0.804292 0.669256 0.052016 0.059188
0 0.8016 0.565694 0.0574 0.061862
0 0.633034 0.433212 0.0538 0.057824
0 0.717308 0.4971 0.057384 0.059176
0 0.7209 0.604026 0.039466 0.05515
0 0.642 0.540806 0.046634 0.057838
0 0.491358 0.419762 0.046616 0.057824
0 0.564884 0.478268 0.043034 0.051112
0 0.433974 0.460112 0.03945 0.05515
0 0.5075 0.51795 0.043034 0.05245
0 0.575642 0.578468 0.04305 0.052462
0 0.724484 0.704224 0.046634 0.0538
0 0.730758 0.795012 0.04125 0.05245
0 0.657234 0.732468 0.044834 0.045738
0 0.583716 0.667912 0.034066 0.045726
0 0.592684 0.753988 0.034066 0.045726
0 0.661726 0.820562 0.032284 0.047074
0 0.6689 0.901262 0.046634 0.0417
0 0.737934 0.964474 0.037666 0.047074
0 0.606124 0.920762 0.03945 0.045724
0 0.596266 0.842082 0.037666 0.044388
0 0.511984 0.610082 0.037666 0.043038
0 0.214508 0.427356 0.032384 0.042962
0 0.319116 0.441362 0.037366 0.0523
0 0.268058 0.477788 0.03735 0.0467
0 0.226966 0.513288 0.034866 0.0467
0 0.382634 0.496006 0.042334 0.053238
0 0.330324 0.531962 0.03985 0.0467
0 0.2855 0.563256 0.034866 0.047638
0 0.242524 0.592674 0.036116 0.044826
0 0.448016 0.552506 0.0411 0.050438
0 0.39695 0.5838 0.0386 0.045776
0 0.343408 0.613688 0.036116 0.042026
0 0.2967 0.643112 0.032366 0.039224
0 0.45735 0.642644 0.034866 0.045762
0 0.525216 0.698682 0.0411 0.053238
0 0.402558 0.670194 0.03985 0.048562
0 0.467316 0.726238 0.044834 0.0467
0 0.360834 0.69775 0.0411 0.051376
