0 0.824792 0.441319 0.013377 0.017188
0 0.743645 0.461569 0.013377 0.017188
0 0.755338 0.461319 0.013377 0.017188
0 0.767951 0.461569 0.013386 0.017188
0 0.779103 0.462056 0.013377 0.017188
0 0.790981 0.462056 0.013377 0.017188
0 0.802128 0.462556 0.013377 0.017188
0 0.814736 0.462806 0.013377 0.017188
0 0.824792 0.462806 0.013377 0.017188
0 0.837216 0.462556 0.013377 0.017188
0 0.847817 0.462556 0.013377 0.017188
0 0.692470 0.483056 0.013377 0.017188
0 0.707641 0.483056 0.013377 0.017188
0 0.717697 0.483056 0.013377 0.017188
0 0.731397 0.483056 0.013377 0.017188
0 0.742729 0.482556 0.013377 0.017188
0 0.755708 0.482056 0.013377 0.017188
0 0.768131 0.482556 0.013377 0.017188
0 0.780014 0.483056 0.013386 0.017188
0 0.791341 0.482556 0.013377 0.017188
0 0.803589 0.482306 0.013377 0.017188
0 0.815106 0.481819 0.013377 0.017188
0 0.826068 0.482556 0.013377 0.017188
0 0.837401 0.482556 0.013377 0.017188
0 0.847817 0.482306 0.013377 0.017188
0 0.692840 0.505281 0.013377 0.017188
0 0.706179 0.505281 0.013377 0.017188
0 0.717877 0.504781 0.013386 0.017188
0 0.731397 0.504281 0.013377 0.017188
0 0.743460 0.504281 0.013377 0.017188
0 0.757354 0.504044 0.013377 0.017188
0 0.767586 0.503794 0.013377 0.017188
0 0.780014 0.504044 0.013386 0.017188
0 0.792257 0.504281 0.013377 0.017188
0 0.804320 0.503794 0.013377 0.017188
0 0.815106 0.503544 0.013377 0.017188
0 0.825523 0.503294 0.013377 0.017188
0 0.837586 0.503056 0.013377 0.017188
0 0.848002 0.502806 0.013377 0.017188
0 0.693201 0.527744 0.013377 0.017188
0 0.705814 0.527256 0.013386 0.017188
0 0.718608 0.526756 0.013386 0.017188
0 0.731952 0.526269 0.013377 0.017188
0 0.745472 0.526019 0.013386 0.017188
0 0.756438 0.525525 0.013377 0.017200
0 0.768501 0.524531 0.013377 0.017188
0 0.780379 0.525031 0.013377 0.017188
0 0.791896 0.524294 0.013377 0.017188
0 0.695476 0.616731 0.013377 0.017188
0 0.709181 0.615006 0.013386 0.017188
0 0.721970 0.614756 0.013377 0.017188
0 0.734764 0.614019 0.013377 0.017188
0 0.746647 0.613269 0.013386 0.017188
0 0.759075 0.612281 0.013377 0.017188
0 0.771138 0.610806 0.013377 0.017188
0 0.783381 0.609569 0.013386 0.017188
0 0.795439 0.609569 0.013377 0.017188
0 0.806226 0.608831 0.013377 0.017188
0 0.817919 0.607844 0.013377 0.017188
0 0.829251 0.607344 0.013377 0.017188
0 0.840217 0.605369 0.013386 0.017188
0 0.851549 0.605619 0.013386 0.017188
0 0.696753 0.638956 0.013377 0.017187
0 0.708816 0.637719 0.013377 0.017187
0 0.721610 0.636481 0.013377 0.017187
0 0.733673 0.635256 0.013377 0.017188
0 0.746466 0.634269 0.013377 0.017187
0 0.758890 0.633281 0.013377 0.017188
0 0.771323 0.632294 0.013377 0.017188
0 0.782470 0.631300 0.013377 0.017200
0 0.793978 0.630313 0.013377 0.017200
0 0.806226 0.629081 0.013377 0.017188
0 0.817373 0.628337 0.013377 0.017200
0 0.828520 0.627106 0.013377 0.017188
0 0.840217 0.626356 0.013386 0.017188
0 0.851369 0.624631 0.013377 0.017188
0 0.696753 0.661431 0.013377 0.017188
0 0.709547 0.659944 0.013377 0.017188
0 0.721970 0.658706 0.013377 0.017188
0 0.735319 0.657969 0.013377 0.017188
0 0.747197 0.656244 0.013377 0.017188
0 0.759260 0.655744 0.013377 0.017188
0 0.770768 0.654519 0.013377 0.017188
0 0.783016 0.653281 0.013377 0.017188
0 0.795079 0.651556 0.013377 0.017188
0 0.829251 0.647356 0.013377 0.017188
0 0.840583 0.646119 0.013377 0.017188
0 0.850453 0.644881 0.013377 0.017188
0 0.697299 0.681919 0.013377 0.017188
0 0.709547 0.680444 0.013377 0.017188
0 0.722710 0.679456 0.013377 0.017188
0 0.735495 0.677975 0.013377 0.017200
0 0.747197 0.677231 0.013377 0.017188
0 0.759991 0.675506 0.013377 0.017188
0 0.771869 0.674019 0.013377 0.017188
0 0.782831 0.672794 0.013377 0.017188
0 0.795079 0.671806 0.013377 0.017188
0 0.806411 0.670819 0.013377 0.017188
0 0.819019 0.668844 0.013377 0.017188
0 0.830167 0.667356 0.013377 0.017188
0 0.840398 0.666619 0.013377 0.017188
0 0.852280 0.664644 0.013386 0.017188
0 0.698030 0.703656 0.013377 0.017188
0 0.709912 0.701931 0.013386 0.017188
0 0.723071 0.700944 0.013377 0.017188
0 0.736226 0.699706 0.013377 0.017188
0 0.747928 0.697231 0.013377 0.017188
0 0.759806 0.696006 0.013377 0.017188
0 0.772054 0.695019 0.013377 0.017188
0 0.783747 0.693531 0.013377 0.017188
0 0.796170 0.692056 0.013377 0.017188
0 0.807142 0.690069 0.013377 0.017188
0 0.819380 0.688844 0.013377 0.017188
0 0.829801 0.687106 0.013386 0.017188
0 0.841314 0.686119 0.013377 0.017188
0 0.773145 0.715269 0.013377 0.017188
0 0.699130 0.769844 0.013377 0.017188
0 0.711739 0.767369 0.013377 0.017188
0 0.724718 0.766131 0.013377 0.017188
0 0.736961 0.763669 0.013386 0.017188
0 0.749935 0.762181 0.013377 0.017188
0 0.761633 0.759469 0.013386 0.017188
0 0.773876 0.758481 0.013377 0.017188
0 0.787040 0.840469 0.013377 0.017188
0 0.702054 0.879981 0.013377 0.017188
0 0.714302 0.876769 0.013377 0.017188
0 0.727095 0.874294 0.013377 0.017188
0 0.739334 0.872081 0.013377 0.017188
0 0.752313 0.869356 0.013377 0.017188
0 0.764006 0.866150 0.013377 0.017200
0 0.776253 0.864169 0.013377 0.017188
0 0.596642 0.278856 0.013377 0.017188
0 0.610241 0.280344 0.013377 0.017188
0 0.624274 0.281231 0.013377 0.017188
0 0.638312 0.282713 0.013386 0.017200
0 0.652128 0.283894 0.013377 0.017188
0 0.665069 0.284494 0.013377 0.017188
0 0.553876 0.297531 0.013377 0.017188
0 0.569010 0.298719 0.013377 0.017188
0 0.583488 0.300194 0.013377 0.017188
0 0.597743 0.301381 0.013377 0.017188
0 0.611998 0.302269 0.013377 0.017188
0 0.626253 0.304044 0.013377 0.017188
0 0.639408 0.304644 0.013377 0.017188
0 0.653006 0.305831 0.013377 0.017188
0 0.666605 0.306419 0.013377 0.017188
0 0.540065 0.320644 0.013377 0.017188
0 0.554977 0.321831 0.013377 0.017187
0 0.569889 0.321831 0.013377 0.017187
0 0.583922 0.323306 0.013377 0.017187
0 0.598400 0.324794 0.013377 0.017187
0 0.612433 0.325381 0.013377 0.017188
0 0.626466 0.325681 0.013377 0.017188
0 0.640065 0.326869 0.013377 0.017188
0 0.653663 0.327456 0.013377 0.017187
0 0.667262 0.328344 0.013377 0.017188
0 0.525153 0.342569 0.013377 0.017188
0 0.540500 0.343756 0.013377 0.017188
0 0.555412 0.344644 0.013377 0.017188
0 0.570111 0.345531 0.013377 0.017188
0 0.584801 0.346131 0.013377 0.017188
0 0.598834 0.346431 0.013377 0.017188
0 0.615069 0.347319 0.013377 0.017188
0 0.626910 0.348494 0.013377 0.017188
0 0.512211 0.437994 0.013377 0.017188
0 0.527780 0.437106 0.013377 0.017188
0 0.542914 0.437694 0.013377 0.017188
0 0.558048 0.437694 0.013377 0.017188
0 0.572960 0.438294 0.013377 0.017188
0 0.587216 0.438594 0.013377 0.017188
0 0.601471 0.438594 0.013377 0.017188
0 0.615504 0.438881 0.013377 0.017188
0 0.629537 0.438594 0.013377 0.017188
0 0.643136 0.439181 0.013377 0.017188
0 0.657174 0.439769 0.013386 0.017188
0 0.669894 0.439481 0.013386 0.017188
0 0.481730 0.460519 0.013377 0.017188
0 0.497299 0.461106 0.013377 0.017188
0 0.513307 0.461406 0.013386 0.017188
0 0.528437 0.461106 0.013377 0.017188
0 0.543571 0.461106 0.013377 0.017188
0 0.558705 0.461106 0.013377 0.017188
0 0.573839 0.461106 0.013377 0.017188
0 0.587216 0.461406 0.013377 0.017188
0 0.602350 0.461706 0.013377 0.017188
0 0.616818 0.461994 0.013377 0.017188
0 0.630856 0.461706 0.013386 0.017188
0 0.644015 0.461994 0.013377 0.017188
0 0.657613 0.461406 0.013377 0.017188
0 0.670768 0.461406 0.013377 0.017188
0 0.481286 0.485406 0.013377 0.017188
0 0.495763 0.485406 0.013377 0.017188
0 0.512868 0.485406 0.013377 0.017188
0 0.529093 0.485106 0.013377 0.017188
0 0.543793 0.484819 0.013377 0.017188
0 0.558922 0.484819 0.013386 0.017188
0 0.573178 0.484819 0.013386 0.017188
0 0.587872 0.484519 0.013377 0.017188
0 0.602350 0.484819 0.013377 0.017188
0 0.615504 0.484219 0.013377 0.017188
0 0.630416 0.483631 0.013377 0.017188
0 0.643793 0.484819 0.013377 0.017188
0 0.657613 0.483631 0.013377 0.017188
0 0.670768 0.483631 0.013377 0.017188
0 0.481943 0.510594 0.013377 0.017188
0 0.498390 0.509419 0.013377 0.017188
0 0.511989 0.508819 0.013377 0.017188
0 0.529093 0.508819 0.013377 0.017188
0 0.545328 0.508819 0.013377 0.017188
0 0.619454 0.575794 0.013377 0.017188
0 0.632387 0.574906 0.013377 0.017188
0 0.646207 0.574606 0.013377 0.017188
0 0.660023 0.573419 0.013386 0.017188
0 0.673622 0.572531 0.013386 0.017188
0 0.485236 0.606319 0.013377 0.017188
0 0.500148 0.606019 0.013377 0.017188
0 0.516818 0.604831 0.013377 0.017188
0 0.531508 0.603644 0.013377 0.017188
0 0.545763 0.602756 0.013377 0.017188
0 0.634366 0.665881 0.013377 0.017188
0 0.647743 0.664994 0.013377 0.017188
0 0.661341 0.662919 0.013377 0.017188
0 0.674718 0.661731 0.013377 0.017188
0 0.486549 0.704106 0.013377 0.017188
0 0.502340 0.702031 0.013377 0.017188
0 0.517475 0.700844 0.013377 0.017188
0 0.533483 0.699669 0.013386 0.017188
0 0.547956 0.697294 0.013377 0.017188
0 0.563090 0.695806 0.013377 0.017188
0 0.577780 0.694631 0.013377 0.017188
0 0.591822 0.692844 0.013377 0.017188
0 0.605856 0.691069 0.013377 0.017188
0 0.620990 0.690481 0.013377 0.017188
0 0.633927 0.688994 0.013386 0.017188
0 0.648400 0.687519 0.013377 0.017188
0 0.662655 0.685144 0.013377 0.017188
0 0.675814 0.683369 0.013386 0.017188
0 0.486772 0.728106 0.013377 0.017188
0 0.502780 0.726631 0.013386 0.017188
0 0.518131 0.725144 0.013377 0.017188
0 0.533043 0.723369 0.013377 0.017188
0 0.549491 0.722181 0.013377 0.017188
0 0.564186 0.720106 0.013386 0.017188
0 0.578659 0.718631 0.013377 0.017188
0 0.592692 0.717444 0.013377 0.017188
0 0.607169 0.715069 0.013377 0.017188
0 0.621864 0.713294 0.013386 0.017188
0 0.634801 0.711819 0.013377 0.017188
0 0.649278 0.709744 0.013377 0.017188
0 0.662655 0.708850 0.013377 0.017200
0 0.676031 0.706775 0.013377 0.017200
0 0.487428 0.753306 0.013377 0.017188
0 0.503219 0.750931 0.013377 0.017188
0 0.519010 0.749156 0.013377 0.017188
0 0.533700 0.747369 0.013377 0.017188
0 0.549713 0.745594 0.013377 0.017188
0 0.564403 0.743819 0.013377 0.017188
0 0.578659 0.741744 0.013377 0.017188
0 0.594015 0.741156 0.013377 0.017188
0 0.607609 0.737594 0.013386 0.017188
0 0.621425 0.736119 0.013377 0.017188
0 0.635680 0.734631 0.013377 0.017188
0 0.649713 0.732556 0.013377 0.017188
0 0.663312 0.731081 0.013377 0.017188
0 0.676910 0.729594 0.013377 0.017188
0 0.503219 0.775231 0.013377 0.017188
0 0.596207 0.855831 0.013377 0.017188
0 0.610680 0.853469 0.013386 0.017188
0 0.624718 0.850206 0.013377 0.017188
0 0.638973 0.847244 0.013377 0.017188
0 0.652128 0.845169 0.013377 0.017188
0 0.665504 0.842794 0.013377 0.017188
0 0.679325 0.839831 0.013377 0.017188
0 0.582609 0.881019 0.013377 0.017188
0 0.596864 0.878656 0.013377 0.017188
0 0.611554 0.876281 0.013377 0.017188
0 0.625375 0.873019 0.013377 0.017188
0 0.639186 0.870656 0.013377 0.017188
0 0.652572 0.867394 0.013377 0.017188
0 0.666161 0.865019 0.013377 0.017188
0 0.679759 0.862656 0.013377 0.017188
0 0.595985 0.901169 0.013377 0.017188
0 0.611554 0.898506 0.013377 0.017188
0 0.625592 0.895844 0.013386 0.017188
0 0.639408 0.891994 0.013377 0.017188
0 0.653663 0.890206 0.013377 0.017188
0 0.666605 0.886956 0.013377 0.017188
0 0.679981 0.884581 0.013377 0.017188
0 0.685527 0.265981 0.013386 0.017188
0 0.699417 0.266719 0.013377 0.017188
0 0.710204 0.267956 0.013377 0.017188
0 0.724459 0.268944 0.013377 0.017188
0 0.736337 0.269931 0.013377 0.017188
0 0.748760 0.271419 0.013377 0.017188
0 0.760823 0.272406 0.013377 0.017188
0 0.687539 0.286481 0.013377 0.017188
0 0.700148 0.287713 0.013377 0.017200
0 0.712757 0.289194 0.013377 0.017188
0 0.725550 0.289931 0.013377 0.017188
0 0.737798 0.291419 0.013377 0.017188
0 0.750222 0.292406 0.013377 0.017188
0 0.761924 0.293644 0.013377 0.017188
0 0.774348 0.294131 0.013377 0.017188
0 0.687900 0.307719 0.013377 0.017188
0 0.700694 0.309194 0.013377 0.017188
0 0.713127 0.310681 0.013377 0.017188
0 0.725920 0.310931 0.013377 0.017188
0 0.738344 0.311919 0.013377 0.017188
0 0.750222 0.313894 0.013377 0.017188
0 0.762655 0.314631 0.013377 0.017187
0 0.774348 0.315119 0.013377 0.017188
0 0.691378 0.417606 0.013377 0.017188
0 0.703617 0.417356 0.013377 0.017188
0 0.715865 0.417606 0.013377 0.017188
0 0.729574 0.417856 0.013377 0.017188
0 0.741998 0.418344 0.013377 0.017188
0 0.753876 0.418594 0.013377 0.017188
0 0.765578 0.418844 0.013377 0.017188
0 0.778002 0.419331 0.013377 0.017188
0 0.788969 0.420319 0.013386 0.017188
0 0.800666 0.420081 0.013377 0.017188
0 0.813090 0.420319 0.013377 0.017188
0 0.823691 0.420569 0.013377 0.017188
0 0.835023 0.421306 0.013377 0.017188
0 0.845809 0.421306 0.013377 0.017188
0 0.766489 0.440331 0.013386 0.017188
0 0.778187 0.440819 0.013377 0.017188
0 0.789699 0.440081 0.013386 0.017188
0 0.801582 0.440331 0.013377 0.017188
0 0.813460 0.441319 0.013377 0.017188
0 0.799019 0.357844 0.013377 0.017188
0 0.810352 0.359081 0.013377 0.017188
0 0.689732 0.373156 0.013377 0.017188
0 0.702155 0.374394 0.013377 0.017188
0 0.715134 0.374881 0.013377 0.017188
0 0.727928 0.375131 0.013377 0.017188
0 0.740537 0.375869 0.013377 0.017188
0 0.752969 0.376369 0.013377 0.017188
0 0.764292 0.377106 0.013377 0.017188
0 0.776540 0.378094 0.013377 0.017188
0 0.788057 0.378344 0.013377 0.017188
0 0.799204 0.379081 0.013377 0.017188
0 0.812179 0.379581 0.013386 0.017188
0 0.822414 0.380069 0.013377 0.017188
0 0.690097 0.395381 0.013386 0.017188
0 0.703987 0.396369 0.013377 0.017188
0 0.715680 0.396369 0.013377 0.017188
0 0.729204 0.396869 0.013377 0.017188
0 0.740722 0.397106 0.013377 0.017188
0 0.753145 0.397856 0.013377 0.017188
0 0.765939 0.397856 0.013377 0.017188
0 0.776725 0.398094 0.013377 0.017188
0 0.788969 0.399581 0.013386 0.017188
0 0.800120 0.399331 0.013377 0.017188
0 0.812359 0.399831 0.013377 0.017188
0 0.822599 0.400569 0.013377 0.017188
0 0.834658 0.400069 0.013386 0.017188
0 0.691378 0.439344 0.013377 0.017188
0 0.704352 0.439581 0.013386 0.017188
0 0.716596 0.439831 0.013377 0.017188
0 0.730666 0.439581 0.013377 0.017188
0 0.742368 0.440331 0.013377 0.017188
0 0.754607 0.440575 0.013377 0.017200
0 0.836300 0.441319 0.013377 0.017188
0 0.847271 0.440575 0.013377 0.017200
0 0.691739 0.460581 0.013377 0.017188
0 0.704172 0.461069 0.013377 0.017188
0 0.718427 0.461069 0.013377 0.017188
0 0.730851 0.461319 0.013377 0.017188
0 0.803404 0.524294 0.013377 0.017188
0 0.814376 0.523306 0.013377 0.017188
0 0.826068 0.523306 0.013377 0.017188
0 0.837216 0.523056 0.013377 0.017188
0 0.848002 0.522556 0.013377 0.017188
0 0.693756 0.549969 0.013377 0.017188
0 0.707095 0.549231 0.013377 0.017188
0 0.720069 0.549231 0.013386 0.017188
0 0.732498 0.548244 0.013377 0.017188
0 0.744921 0.548494 0.013377 0.017188
0 0.757535 0.547506 0.013386 0.017188
0 0.769232 0.546519 0.013377 0.017188
0 0.780925 0.546519 0.013377 0.017188
0 0.793538 0.546519 0.013386 0.017188
0 0.804505 0.545031 0.013377 0.017188
0 0.816929 0.544544 0.013377 0.017188
0 0.826984 0.544544 0.013377 0.017188
0 0.838492 0.544044 0.013377 0.017188
0 0.849093 0.542813 0.013377 0.017200
0 0.694302 0.571706 0.013377 0.017188
0 0.707641 0.571456 0.013377 0.017188
0 0.719519 0.569981 0.013377 0.017188
0 0.732858 0.569481 0.013377 0.017188
0 0.745472 0.568744 0.013386 0.017188
0 0.757354 0.568244 0.013377 0.017188
0 0.769232 0.567756 0.013377 0.017188
0 0.781295 0.566769 0.013377 0.017188
0 0.793173 0.567019 0.013377 0.017188
0 0.805051 0.565531 0.013377 0.017188
0 0.816748 0.565281 0.013386 0.017188
0 0.827530 0.564544 0.013377 0.017188
0 0.838677 0.564044 0.013377 0.017188
0 0.849463 0.562819 0.013377 0.017188
0 0.694746 0.592281 0.013377 0.017188
0 0.706809 0.592031 0.013377 0.017188
0 0.720879 0.591294 0.013377 0.017188
0 0.733488 0.590806 0.013377 0.017188
0 0.745735 0.590306 0.013377 0.017188
0 0.758344 0.589319 0.013377 0.017188
0 0.770037 0.588581 0.013377 0.017188
0 0.781915 0.587094 0.013377 0.017188
0 0.794348 0.586844 0.013377 0.017188
0 0.805310 0.586606 0.013377 0.017188
0 0.817007 0.586356 0.013386 0.017188
0 0.828159 0.585369 0.013377 0.017188
0 0.839306 0.584869 0.013377 0.017188
0 0.850999 0.583881 0.013377 0.017188
0 0.807322 0.650569 0.013386 0.017188
0 0.818289 0.649819 0.013377 0.017188
0 0.851915 0.684144 0.013377 0.017188
0 0.697484 0.725144 0.013377 0.017188
0 0.711008 0.723656 0.013377 0.017188
0 0.723256 0.722181 0.013377 0.017188
0 0.736226 0.720694 0.013377 0.017188
0 0.748659 0.718719 0.013377 0.017188
0 0.761082 0.717244 0.013377 0.017188
0 0.784292 0.714031 0.013377 0.017188
0 0.796725 0.712794 0.013377 0.017188
0 0.807687 0.711069 0.013377 0.017188
0 0.819204 0.708844 0.013377 0.017188
0 0.830352 0.708344 0.013377 0.017188
0 0.841499 0.706131 0.013377 0.017188
0 0.852280 0.704894 0.013386 0.017188
0 0.698215 0.748356 0.013377 0.017188
0 0.711924 0.746131 0.013377 0.017188
0 0.724167 0.744656 0.013386 0.017188
0 0.736961 0.742669 0.013386 0.017188
0 0.749204 0.741194 0.013377 0.017188
0 0.761633 0.739469 0.013386 0.017188
0 0.773330 0.737494 0.013377 0.017188
0 0.785023 0.735519 0.013377 0.017188
0 0.796540 0.733781 0.013377 0.017188
0 0.808418 0.732794 0.013377 0.017188
0 0.820111 0.730819 0.013377 0.017188
0 0.830712 0.729581 0.013377 0.017188
0 0.842044 0.727606 0.013377 0.017188
0 0.786304 0.756506 0.013386 0.017188
0 0.797271 0.754281 0.013377 0.017188
0 0.809149 0.753544 0.013377 0.017188
0 0.821027 0.751569 0.013377 0.017188
0 0.832359 0.749344 0.013377 0.017188
0 0.699496 0.792069 0.013386 0.017188
0 0.712285 0.789844 0.013377 0.017188
0 0.725449 0.787131 0.013377 0.017188
0 0.738057 0.785394 0.013377 0.017188
0 0.750305 0.783175 0.013377 0.017200
0 0.761998 0.780956 0.013377 0.017188
0 0.774246 0.779969 0.013377 0.017188
0 0.786124 0.777994 0.013377 0.017188
0 0.797456 0.776256 0.013377 0.017188
0 0.808788 0.773544 0.013377 0.017188
0 0.820666 0.772056 0.013377 0.017188
0 0.700046 0.813794 0.013377 0.017188
0 0.713016 0.812319 0.013377 0.017188
0 0.725264 0.809356 0.013377 0.017188
0 0.738242 0.807131 0.013377 0.017188
0 0.750305 0.804656 0.013377 0.017188
0 0.762729 0.801944 0.013377 0.017188
0 0.774426 0.800219 0.013386 0.017188
0 0.786304 0.797994 0.013386 0.017188
0 0.798548 0.796506 0.013377 0.017188
0 0.810250 0.793794 0.013377 0.017188
0 0.700227 0.836269 0.013386 0.017188
0 0.712109 0.832812 0.013377 0.017200
0 0.725629 0.830344 0.013386 0.017188
0 0.737872 0.827869 0.013377 0.017188
0 0.750851 0.826144 0.013377 0.017188
0 0.763645 0.824906 0.013377 0.017188
0 0.775523 0.821694 0.013377 0.017188
0 0.786670 0.819969 0.013377 0.017188
0 0.799098 0.817006 0.013386 0.017188
0 0.701138 0.857756 0.013377 0.017188
0 0.714482 0.856031 0.013386 0.017188
0 0.726725 0.852819 0.013377 0.017188
0 0.739334 0.850844 0.013377 0.017188
0 0.751582 0.848869 0.013377 0.017188
0 0.763645 0.845156 0.013377 0.017188
0 0.775888 0.842931 0.013386 0.017188
0 0.581619 0.255169 0.013377 0.017188
0 0.595328 0.256631 0.013377 0.017188
0 0.610019 0.257519 0.013377 0.017188
0 0.623617 0.259306 0.013377 0.017188
0 0.637438 0.260194 0.013377 0.017188
0 0.651693 0.261669 0.013377 0.017188
0 0.664847 0.262556 0.013377 0.017188
0 0.567475 0.276194 0.013377 0.017188
0 0.582169 0.277669 0.013386 0.017188
0 0.640509 0.348494 0.013377 0.017188
0 0.654103 0.349981 0.013386 0.017188
0 0.666822 0.350281 0.013386 0.017188
0 0.526027 0.366281 0.013386 0.017188
0 0.541378 0.367169 0.013377 0.017188
0 0.556068 0.368056 0.013377 0.017188
0 0.571425 0.368944 0.013377 0.017188
0 0.585023 0.369544 0.013377 0.017188
0 0.600153 0.369831 0.013386 0.017188
0 0.613747 0.371019 0.013377 0.017188
0 0.627567 0.370725 0.013377 0.017200
0 0.640944 0.371906 0.013377 0.017188
0 0.654764 0.372206 0.013377 0.017188
0 0.668353 0.372794 0.013377 0.017188
0 0.510675 0.365681 0.013377 0.017188
0 0.495541 0.389394 0.013377 0.017188
0 0.510897 0.389994 0.013377 0.017188
0 0.526901 0.389994 0.013377 0.017188
0 0.542914 0.390581 0.013377 0.017188
0 0.556947 0.391469 0.013377 0.017188
0 0.571859 0.391469 0.013377 0.017188
0 0.585680 0.391769 0.013377 0.017188
0 0.600153 0.392656 0.013386 0.017188
0 0.614625 0.392956 0.013377 0.017188
0 0.628659 0.393844 0.013377 0.017188
0 0.642044 0.394131 0.013377 0.017188
0 0.655634 0.394731 0.013377 0.017188
0 0.669232 0.394731 0.013377 0.017188
0 0.480629 0.413106 0.013377 0.017188
0 0.496198 0.413994 0.013377 0.017188
0 0.511989 0.413994 0.013377 0.017188
0 0.527345 0.413694 0.013377 0.017188
0 0.542035 0.414881 0.013377 0.017188
0 0.557169 0.414881 0.013377 0.017188
0 0.572738 0.415181 0.013377 0.017188
0 0.586994 0.414581 0.013377 0.017188
0 0.601471 0.415469 0.013377 0.017188
0 0.615726 0.415469 0.013377 0.017188
0 0.629103 0.416069 0.013377 0.017188
0 0.642701 0.416656 0.013377 0.017188
0 0.656512 0.416956 0.013377 0.017188
0 0.670333 0.417544 0.013377 0.017188
0 0.481508 0.437994 0.013377 0.017188
0 0.497299 0.437406 0.013377 0.017188
0 0.560241 0.508819 0.013377 0.017188
0 0.574713 0.508519 0.013386 0.017188
0 0.588307 0.507931 0.013377 0.017188
0 0.603219 0.507631 0.013377 0.017188
0 0.617262 0.507344 0.013377 0.017188
0 0.631517 0.507044 0.013377 0.017188
0 0.645328 0.506444 0.013377 0.017188
0 0.657174 0.506444 0.013386 0.017188
0 0.671869 0.505856 0.013377 0.017188
0 0.483700 0.534006 0.013377 0.017188
0 0.499052 0.533706 0.013386 0.017188
0 0.513964 0.532819 0.013386 0.017188
0 0.530194 0.532819 0.013377 0.017188
0 0.544884 0.532231 0.013377 0.017188
0 0.560241 0.531644 0.013377 0.017188
0 0.574496 0.531644 0.013377 0.017188
0 0.588969 0.530744 0.013386 0.017188
0 0.603663 0.530744 0.013377 0.017188
0 0.618136 0.529856 0.013386 0.017188
0 0.631730 0.529269 0.013377 0.017188
0 0.645111 0.528969 0.013386 0.017188
0 0.658927 0.529269 0.013377 0.017188
0 0.671425 0.528081 0.013377 0.017188
0 0.483922 0.558906 0.013377 0.017188
0 0.499709 0.558019 0.013386 0.017188
0 0.513964 0.557419 0.013386 0.017188
0 0.530194 0.556531 0.013377 0.017188
0 0.545985 0.555644 0.013377 0.017188
0 0.560675 0.555344 0.013377 0.017188
0 0.574931 0.555044 0.013377 0.017188
0 0.589408 0.554156 0.013377 0.017188
0 0.604542 0.553569 0.013377 0.017188
0 0.618575 0.552969 0.013377 0.017188
0 0.631517 0.552081 0.013377 0.017188
0 0.646207 0.550894 0.013377 0.017188
0 0.659366 0.550606 0.013386 0.017188
0 0.672747 0.550306 0.013377 0.017188
0 0.484357 0.582306 0.013377 0.017188
0 0.500370 0.581419 0.013377 0.017188
0 0.515500 0.581131 0.013386 0.017188
0 0.531073 0.580531 0.013377 0.017188
0 0.545763 0.579344 0.013377 0.017188
0 0.561119 0.578456 0.013377 0.017188
0 0.576688 0.577569 0.013377 0.017188
0 0.590287 0.576981 0.013377 0.017188
0 0.604098 0.576381 0.013377 0.017188
0 0.561332 0.602169 0.013377 0.017188
0 0.575809 0.600981 0.013377 0.017188
0 0.591161 0.600094 0.013386 0.017188
0 0.604755 0.599794 0.013377 0.017188
0 0.619454 0.598906 0.013377 0.017188
0 0.632609 0.597719 0.013377 0.017188
0 0.647303 0.596244 0.013386 0.017188
0 0.660902 0.595944 0.013386 0.017188
0 0.673839 0.594169 0.013377 0.017188
0 0.485014 0.630906 0.013377 0.017188
0 0.500805 0.630319 0.013377 0.017188
0 0.515939 0.628544 0.013377 0.017188
0 0.531730 0.628244 0.013377 0.017188
0 0.546420 0.627356 0.013377 0.017188
0 0.560897 0.625581 0.013377 0.017188
0 0.575809 0.624981 0.013377 0.017188
0 0.590500 0.623800 0.013377 0.017200
0 0.604755 0.622319 0.013377 0.017188
0 0.619010 0.621431 0.013377 0.017188
0 0.633488 0.620544 0.013377 0.017188
0 0.647743 0.619056 0.013377 0.017188
0 0.661119 0.617869 0.013377 0.017188
0 0.674061 0.616981 0.013377 0.017188
0 0.485458 0.655806 0.013377 0.017188
0 0.500805 0.654619 0.013377 0.017188
0 0.516596 0.652244 0.013377 0.017188
0 0.531508 0.651356 0.013377 0.017188
0 0.547521 0.651069 0.013377 0.017188
0 0.561776 0.649281 0.013377 0.017188
0 0.577345 0.647806 0.013377 0.017188
0 0.591378 0.647206 0.013377 0.017188
0 0.605634 0.645731 0.013377 0.017188
0 0.620333 0.644244 0.013377 0.017188
0 0.633488 0.643356 0.013377 0.017187
0 0.647303 0.641581 0.013386 0.017188
0 0.660902 0.640394 0.013386 0.017188
0 0.674496 0.639506 0.013377 0.017188
0 0.486115 0.679506 0.013377 0.017188
0 0.501684 0.678331 0.013377 0.017188
0 0.517253 0.677144 0.013377 0.017188
0 0.532609 0.675956 0.013377 0.017188
0 0.547521 0.674181 0.013377 0.017188
0 0.562211 0.672994 0.013377 0.017188
0 0.577123 0.671219 0.013377 0.017188
0 0.591600 0.670031 0.013377 0.017188
0 0.606512 0.668844 0.013377 0.017188
0 0.620333 0.667069 0.013377 0.017188
0 0.519228 0.772269 0.013386 0.017188
0 0.534801 0.771081 0.013377 0.017188
0 0.550148 0.768706 0.013377 0.017188
0 0.565060 0.767231 0.013377 0.017188
0 0.579103 0.765156 0.013377 0.017188
0 0.594015 0.762494 0.013377 0.017188
0 0.607826 0.761006 0.013377 0.017188
0 0.621864 0.758931 0.013386 0.017188
0 0.636559 0.757156 0.013377 0.017188
0 0.650814 0.755081 0.013377 0.017188
0 0.664847 0.753306 0.013377 0.017188
0 0.677789 0.751231 0.013377 0.017188
0 0.519889 0.796569 0.013377 0.017188
0 0.535236 0.795969 0.013377 0.017188
0 0.550370 0.793006 0.013377 0.017188
0 0.565282 0.790931 0.013377 0.017188
0 0.580416 0.788269 0.013377 0.017188
0 0.594672 0.786781 0.013377 0.017188
0 0.609144 0.784119 0.013386 0.017188
0 0.622960 0.782044 0.013377 0.017188
0 0.636559 0.779081 0.013377 0.017188
0 0.650157 0.777600 0.013377 0.017200
0 0.664191 0.775819 0.013377 0.017188
0 0.677789 0.773744 0.013377 0.017188
0 0.677789 0.795681 0.013377 0.017188
0 0.664625 0.798344 0.013377 0.017188
0 0.651249 0.799531 0.013377 0.017188
0 0.637438 0.802194 0.013377 0.017188
0 0.623400 0.803969 0.013386 0.017188
0 0.609584 0.806944 0.013377 0.017188
0 0.594889 0.809306 0.013386 0.017188
0 0.580851 0.811681 0.013377 0.017188
0 0.565939 0.813756 0.013377 0.017188
0 0.551466 0.815531 0.013386 0.017188
0 0.535893 0.818494 0.013377 0.017188
0 0.551249 0.840419 0.013377 0.017188
0 0.566161 0.836869 0.013377 0.017188
0 0.581073 0.834206 0.013377 0.017188
0 0.595550 0.832131 0.013377 0.017188
0 0.609806 0.829756 0.013377 0.017188
0 0.624274 0.827094 0.013377 0.017188
0 0.638312 0.825019 0.013386 0.017188
0 0.651031 0.822644 0.013386 0.017188
0 0.665726 0.820269 0.013377 0.017188
0 0.678446 0.817906 0.013377 0.017188
0 0.566596 0.860281 0.013377 0.017188
0 0.581952 0.857606 0.013377 0.017188
0 0.786226 0.315869 0.013377 0.017188
0 0.688270 0.329944 0.013377 0.017188
0 0.701425 0.331669 0.013377 0.017188
0 0.714218 0.331919 0.013377 0.017188
0 0.726827 0.332169 0.013377 0.017188
0 0.738890 0.333394 0.013377 0.017188
0 0.751684 0.334381 0.013377 0.017188
0 0.762655 0.335369 0.013377 0.017188
0 0.775449 0.335619 0.013377 0.017188
0 0.787142 0.337344 0.013377 0.017188
0 0.798474 0.337844 0.013377 0.017188
0 0.689001 0.351669 0.013377 0.017188
0 0.701795 0.352656 0.013377 0.017188
0 0.714038 0.353156 0.013386 0.017188
0 0.727743 0.354144 0.013377 0.017188
0 0.739806 0.355619 0.013377 0.017188
0 0.751684 0.355869 0.013377 0.017188
0 0.763932 0.356369 0.013377 0.017188
0 0.775624 0.357106 0.013377 0.017188
0 0.787327 0.357356 0.013377 0.017188
