0 0.95475 0.37498 0.041 0.059334
0 0.441836 0.952166 0.03889 0.051042
0 0.486734 0.91698 0.03525 0.047
0 0.53436 0.883812 0.037062 0.048624
0 0.581984 0.85024 0.03525 0.047812
0 0.59079 0.926688 0.03586 0.047
0 0.543156 0.957834 0.036468 0.049416
0 0.956016 0.656084 0.037468 0.052584
0 0.897874 0.611938 0.035438 0.049208
0 0.838718 0.562042 0.037468 0.05325
0 0.834164 0.46902 0.038484 0.055958
0 0.775266 0.417114 0.041 0.057312
0 0.955258 0.566094 0.035954 0.050562
0 0.895344 0.518896 0.037468 0.05325
0 0.9545 0.473072 0.037468 0.054604
0 0.892312 0.421822 0.0405 0.054604
0 0.650382 0.311614 0.035954 0.053938
0 0.710804 0.365876 0.038484 0.05325
0 0.769704 0.316666 0.038968 0.055958
0 0.831132 0.369928 0.037454 0.057312
0 0.891296 0.32274 0.0395 0.055938
0 0.260672 0.748188 0.034406 0.046334
0 0.216468 0.78376 0.032938 0.046354
0 0.175008 0.818636 0.033704 0.048688
0 0.134624 0.85375 0.033 0.04775
0 0.094078 0.885376 0.034062 0.046374
0 0.054922 0.92023 0.034406 0.049624
0 0.017882 0.950428 0.031954 0.05102
0 0.272938 0.825468 0.033062 0.047188
0 0.230648 0.86124 0.036172 0.046812
0 0.188148 0.8945 0.03411 0.047792
0 0.147968 0.92748 0.033718 0.045416
0 0.108118 0.959792 0.030546 0.041666
0 0.20239 0.968698 0.034406 0.04452
0 0.242782 0.934042 0.030874 0.045416
0 0.285422 0.90127 0.034062 0.045416
0 0.29736 0.97523 0.033344 0.044458
0 0.508274 0.64073 0.037078 0.052666
0 0.459126 0.67875 0.0395 0.054292
0 0.4115 0.715958 0.041312 0.052666
0 0.362968 0.755198 0.040094 0.05023
0 0.318374 0.792812 0.0395 0.051042
0 0.329602 0.86925 0.036454 0.048626
0 0.374492 0.836094 0.037672 0.05023
0 0.42 0.798876 0.037688 0.051834
0 0.469446 0.763282 0.040704 0.05023
0 0.516156 0.72526 0.037062 0.05023
0 0.568336 0.685218 0.037078 0.046188
0 0.575312 0.770156 0.037688 0.049438
0 0.527078 0.808178 0.038282 0.049438
0 0.478844 0.842562 0.03525 0.048626
0 0.432132 0.878146 0.036454 0.047
0 0.386632 0.910104 0.036454 0.046208
0 0.341734 0.94448 0.03525 0.048624
0 0.55954 0.600688 0.041328 0.055084
0 0.307454 0.71151 0.037062 0.048604
0 0.353562 0.672678 0.0395 0.051854
0 0.400282 0.634656 0.040718 0.051854
0 0.449726 0.594614 0.04011 0.05752
0 0.499172 0.55377 0.038282 0.055084
0 0.550446 0.511302 0.03889 0.05752
0 0.293804 0.628188 0.03889 0.055084
0 0.34082 0.587344 0.041922 0.05427
0 0.387844 0.548864 0.040094 0.053562
0 0.438804 0.50523 0.041328 0.056708
0 0.54225 0.417468 0.0395 0.055896
0 0.48825 0.462354 0.0395 0.055084
0 0.428492 0.411802 0.04011 0.052646
0 0.532844 0.320386 0.037688 0.05752
0 0.47764 0.3665 0.041312 0.059126
0 0.416054 0.315542 0.040704 0.062374
0 0.039126 0.847428 0.033 0.046354
0 0.078446 0.812322 0.033704 0.049146
0 0.120758 0.777468 0.035454 0.047812
0 0.160922 0.742572 0.035032 0.046354
0 0.202914 0.704428 0.03686 0.046812
0 0.248516 0.6665 0.036094 0.049624
0 0.851352 0.974948 0.033422 0.043146
0 0.904446 0.94123 0.034422 0.045834
0 0.849836 0.899438 0.034422 0.0445
0 0.957524 0.906854 0.033422 0.0445
0 0.902672 0.863718 0.033938 0.047188
0 0.847562 0.819886 0.032906 0.047188
0 0.955258 0.825624 0.033922 0.045166
0 0.89989 0.78248 0.037468 0.0465
0 0.957024 0.743386 0.035454 0.047854
0 0.74775 0.965844 0.0345 0.04652
0 0.799282 0.934146 0.033406 0.045166
0 0.694148 0.926114 0.03236 0.04527
0 0.742914 0.89101 0.033922 0.047854
0 0.687296 0.848542 0.034938 0.047876
0 0.794226 0.855626 0.036454 0.049874
0 0.73861 0.812468 0.037468 0.047188
0 0.682234 0.766302 0.034938 0.047854
0 0.790688 0.776072 0.035438 0.05123
0 0.733812 0.72923 0.037968 0.051916
0 0.844282 0.73799 0.035438 0.04652
0 0.676422 0.684396 0.034438 0.05125
0 0.729258 0.645292 0.035954 0.052584
0 0.78664 0.690468 0.0415 0.049896
0 0.782594 0.60452 0.037468 0.05325
0 0.723196 0.555646 0.036954 0.049874
0 0.67314 0.595406 0.032906 0.05123
0 0.66429 0.50677 0.033422 0.050542
0 0.657226 0.412062 0.039454 0.056626
0 0.717126 0.461938 0.037968 0.056626
0 0.778304 0.5125 0.038984 0.057958
0 0.840734 0.651032 0.035438 0.051896
0 0.899898 0.698218 0.036454 0.047854
0 0.023328 0.77276 0.037218 0.048688
0 0.064234 0.73601 0.036156 0.05102
0 0.10636 0.697896 0.035468 0.051542
0 0.14639 0.662052 0.036156 0.04727
0 0.190274 0.621322 0.037578 0.052896
0 0.235922 0.581312 0.035468 0.051542
0 0.282618 0.54151 0.036172 0.056188
0 0.328782 0.498438 0.037218 0.053376
0 0.375828 0.453032 0.040718 0.05898
0 0.366 0.36198 0.040032 0.054792
0 0.315796 0.408094 0.035812 0.05523
0 0.26821 0.452354 0.038296 0.056708
0 0.222046 0.492354 0.035812 0.053374
0 0.175532 0.535886 0.036874 0.052438
0 0.13361 0.578282 0.035032 0.04827
0 0.090032 0.617812 0.035812 0.04775
0 0.046844 0.655968 0.035812 0.050104
0 0.030352 0.572666 0.03861 0.049208
0 0.072984 0.53074 0.036906 0.05148
0 0.118656 0.490958 0.038968 0.049624
0 0.163422 0.448584 0.034406 0.053834
0 0.208352 0.405542 0.03511 0.053876
0 0.255398 0.358708 0.037922 0.051958
0 0.304032 0.313062 0.036874 0.0515
0 0.056852 0.445104 0.039672 0.051542
0 0.101094 0.40223 0.037562 0.053834
0 0.14621 0.357302 0.03861 0.05477
0 0.194312 0.309072 0.0365 0.05477
0 0.08407 0.306968 0.040016 0.054312
0 0.036844 0.351916 0.038282 0.054292
