0 0.2820579999999999 0.032041999999999904 0.059714 0.05168
0 0.34085999999999994 0.04099600000000003 0.05789 0.05582
0 0.404258 0.04754400000000003 0.065234 0.060634
0 0.44376400000000005 0.10611799999999993 0.065234 0.052374
0 0.3744019999999999 0.10094200000000009 0.058802 0.059952
0 0.31329399999999996 0.09061000000000008 0.065234 0.05581
0 0.2563279999999999 0.08061600000000002 0.05237 0.056504
0 0.19845000000000002 0.0726960000000001 0.056042 0.053066
0 0.146536 0.06339399999999995 0.053282 0.052374
0 0.12127599999999994 0.10990199999999994 0.048698 0.05168
0 0.17180400000000007 0.11782800000000004 0.048684 0.04962
0 0.22830799999999996 0.12437600000000004 0.05513 0.054434
0 0.2838940000000001 0.1350579999999999 0.05789 0.05375
0 0.3436140000000001 0.14642599999999995 0.063398 0.05582
0 0.3142180000000001 0.191562 0.061562 0.052364
0 0.25449199999999994 0.18363799999999997 0.056042 0.054444
0 0.20395800000000008 0.1708940000000001 0.05237 0.055126
0 0.14884199999999992 0.16124000000000005 0.054192 0.048222
0 0.12724000000000002 0.2046539999999999 0.051458 0.04962
0 0.17823600000000006 0.21533599999999997 0.04319 0.05581
0 0.2296879999999999 0.22774000000000005 0.054218 0.050302
0 0.28757199999999994 0.2422120000000001 0.057878 0.057198
0 0.09738200000000008 0.05374600000000007 0.054218 0.046866
0 0.0969279999999999 0.15573199999999998 0.045938 0.046856
0 0.10335200000000011 0.2459960000000001 0.051446 0.05375
0 0.15021400000000007 0.26150399999999996 0.047774 0.05168
0 0.20395800000000008 0.27046400000000004 0.05237 0.050302
0 0.26000599999999996 0.28424399999999994 0.057878 0.054444
0 0.3817440000000001 0.414482 0.05513 0.053066
0 0.4137360000000001 0.15722199999999997 0.062838 0.066982
0 0.37901000000000007 0.20558999999999994 0.059532 0.062842
0 0.4407559999999999 0.21799799999999991 0.06836 0.05623
0 0.508008 0.229576 0.07276 0.064502
0 0.3475839999999999 0.251074 0.056236 0.059532
0 0.40932999999999997 0.2622359999999999 0.056236 0.066972
0 0.4760359999999999 0.27712000000000003 0.066158 0.063672
0 0.3200259999999999 0.292416 0.062838 0.05458
0 0.38010999999999995 0.31060599999999994 0.059544 0.05623
0 0.44516200000000006 0.32508399999999993 0.068346 0.062022
0 0.4159440000000001 0.3664259999999999 0.07608 0.05871
0 0.35199800000000003 0.3531979999999999 0.067252 0.065322
0 0.07912199999999991 0.284146 0.050716 0.05292
0 0.12873 0.29985799999999996 0.05293 0.05458
0 0.031841999999999926 0.27353000000000005 0.059726 0.041924
0 0.288724 0.337558 0.065078 0.044786
0 0.13482400000000005 0.3964160000000001 0.054362 0.056856
0 0.186126 0.4093359999999999 0.054362 0.059726
0 0.239336 0.4257040000000001 0.056666 0.055704
0 0.2933140000000001 0.4403459999999999 0.052826 0.05169
0 0.471622 0.05385799999999996 0.059544 0.05871
0 0.541634 0.06543399999999999 0.06504 0.060362
0 0.6138539999999999 0.07329199999999991 0.06836 0.061192
0 0.5884959999999999 0.12703599999999993 0.07056 0.062842
0 0.5107680000000001 0.11545800000000006 0.065052 0.067812
0 0.5499019999999999 0.1807859999999999 0.072774 0.069462
0 0.4760279999999999 0.16548800000000008 0.061744 0.071934
0 0.044087999999999905 0.050146000000000024 0.053594 0.043066
0 0.07242199999999999 0.09551799999999999 0.05052 0.04996
0 0.046010000000000106 0.1411659999999999 0.055898 0.048232
0 0.07585200000000003 0.1942919999999999 0.04832 0.041904
0 0.026867999999999892 0.18452200000000007 0.048242 0.048808
0 0.05328200000000005 0.23275800000000002 0.044402 0.052256
0 0.1807620000000001 0.3148740000000001 0.049778 0.053398
0 0.06208400000000003 0.32406200000000007 0.049766 0.048808
0 0.11070399999999991 0.33726999999999996 0.052058 0.056846
0 0.2316800000000001 0.323774 0.053594 0.049384
0 0.15894600000000003 0.3524860000000001 0.053594 0.053974
0 0.208704 0.3659859999999999 0.056654 0.061446
0 0.2622979999999999 0.3837839999999999 0.05819 0.057998
0 0.3254680000000001 0.39843800000000007 0.054374 0.056308
0 0.0352920000000001 0.36139199999999994 0.046706 0.046514
0 0.08390600000000004 0.3786179999999999 0.059714 0.051104
