0 0.614778 0.840218 0.117112 0.183562
0 0.23419999999999996 0.831906 0.124222 0.174688
0 0.427044 0.833876 0.123244 0.178626
0 0.9615119999999999 0.832874 0.076 0.17025
0 0.8994439999999999 0.613906 0.129112 0.181562
0 0.704178 0.610468 0.125866 0.192938
0 0.512956 0.598 0.127512 0.186124
0 0.33382200000000006 0.610468 0.127466 0.183812
0 0.13853399999999993 0.613874 0.124266 0.1725
0 0.2369779999999999 0.375594 0.124266 0.177062
0 0.4298439999999999 0.377844 0.122622 0.195188
0 0.6138220000000001 0.37675 0.122666 0.17475
0 0.7978000000000001 0.37675 0.129112 0.17475
0 0.9655339999999999 0.376718 0.067956 0.183812
0 0.9026879999999999 0.152062 0.129112 0.2065
0 0.702556 0.150906 0.129112 0.186062
0 0.5202 0.146376 0.129112 0.186126
0 0.3281559999999999 0.153188 0.1388 0.19975
0 0.143378 0.1475 0.127466 0.2065
0 0.793822 0.830782 0.133866 0.183562
