0 0.128765 0.670174 0.103187 0.124627
0 0.255518 0.786418 0.098685 0.113433
0 0.364283 0.776617 0.098685 0.130249
0 0.480378 0.770323 0.095339 0.137264
0 0.589741 0.752114 0.094223 0.120448
0 0.697948 0.733209 0.095339 0.113483
0 0.220737 0.363458 0.098685 0.119055
0 0.122052 0.405473 0.080757 0.088259
0 0.329542 0.352960 0.082988 0.109204
0 0.551036 0.311642 0.084143 0.105075
0 0.663765 0.315846 0.096454 0.116269
0 0.773108 0.317960 0.088606 0.112040
0 0.115876 0.527338 0.095339 0.124627
0 0.230837 0.510522 0.091952 0.121841
0 0.339064 0.500721 0.084104 0.127413
0 0.448964 0.488905 0.104303 0.123085
0 0.564482 0.441891 0.097570 0.121891
0 0.676076 0.455199 0.096454 0.128806
0 0.791056 0.440473 0.106574 0.121841
0 0.798904 0.574229 0.111036 0.131642
0 0.688426 0.588930 0.098685 0.119055
0 0.570120 0.601542 0.104303 0.127463
0 0.460179 0.613458 0.095339 0.117662
0 0.350279 0.638682 0.095299 0.123234
0 0.240916 0.645672 0.103187 0.123284
