0 0.608445 0.536632 0.007182 0.011806
0 0.612797 0.549826 0.007031 0.012361
0 0.616573 0.536163 0.007396 0.012535
0 0.621026 0.549722 0.006406 0.011736
0 0.624698 0.535799 0.006875 0.012222
0 0.628786 0.549479 0.006615 0.012361
0 0.632794 0.535660 0.006401 0.011806
0 0.636677 0.548958 0.006354 0.012014
0 0.644307 0.548472 0.006198 0.011597
0 0.651990 0.548125 0.006354 0.011458
0 0.640505 0.535660 0.006510 0.011667
0 0.648109 0.535451 0.006823 0.012083
0 0.655870 0.535278 0.006406 0.011458
0 0.659411 0.548160 0.006302 0.012500
0 0.662849 0.535104 0.005885 0.011250
0 0.666885 0.547951 0.006146 0.012778
0 0.670401 0.535035 0.006406 0.011528
0 0.673859 0.547274 0.006552 0.011840
0 0.681286 0.547188 0.005885 0.011111
0 0.688266 0.546910 0.005469 0.011667
0 0.677661 0.534965 0.006240 0.011389
0 0.537312 0.422528 0.007708 0.012847
0 0.546792 0.423535 0.007187 0.013611
0 0.556219 0.424198 0.007396 0.013396
0 0.532599 0.436451 0.007865 0.013750
0 0.541870 0.437319 0.007135 0.013125
0 0.551479 0.437875 0.006667 0.012153
0 0.560542 0.438604 0.007083 0.012222
0 0.569474 0.439299 0.007135 0.013056
0 0.565021 0.425271 0.007500 0.013611
0 0.542365 0.408569 0.007604 0.012847
0 0.551271 0.409681 0.007396 0.013125
0 0.560828 0.410757 0.008073 0.012500
0 0.569370 0.411382 0.007760 0.013056
0 0.555854 0.452667 0.007917 0.013264
0 0.565021 0.453014 0.007500 0.012569
0 0.574083 0.453431 0.007292 0.012847
0 0.582339 0.453569 0.006823 0.012708
0 0.578224 0.439472 0.007135 0.012847
0 0.586583 0.440132 0.007188 0.012361
0 0.560229 0.466212 0.007187 0.012437
0 0.569240 0.467181 0.007187 0.012847
0 0.578250 0.467632 0.007292 0.012222
0 0.555875 0.508340 0.007990 0.012403
0 0.560594 0.494670 0.008385 0.013368
0 0.569365 0.494882 0.007469 0.013097
0 0.573891 0.481170 0.007073 0.012757
0 0.582607 0.481521 0.007078 0.012403
0 0.586831 0.467500 0.007276 0.012319
0 0.591154 0.481389 0.006880 0.012139
0 0.595185 0.467938 0.007203 0.012847
0 0.603471 0.468549 0.007401 0.013194
0 0.611891 0.468639 0.006552 0.012667
0 0.620047 0.468809 0.006750 0.012493
0 0.578161 0.495125 0.006875 0.012917
0 0.586568 0.495208 0.006812 0.011750
0 0.595349 0.495333 0.006750 0.012333
0 0.564880 0.509042 0.007187 0.013083
0 0.573411 0.508750 0.007250 0.012500
0 0.582661 0.508917 0.007125 0.012667
0 0.591036 0.508833 0.006750 0.012000
0 0.532443 0.522750 0.008438 0.013333
0 0.542005 0.522250 0.008063 0.013000
0 0.550568 0.522292 0.006813 0.013083
0 0.560630 0.522625 0.007437 0.012583
0 0.569193 0.523167 0.007187 0.012667
0 0.578193 0.522750 0.007187 0.012833
0 0.586849 0.523250 0.007500 0.013000
0 0.595568 0.522958 0.007188 0.013083
0 0.537005 0.537333 0.008312 0.013500
0 0.546724 0.537208 0.008000 0.013583
0 0.555661 0.537375 0.007625 0.013583
0 0.564849 0.537083 0.007625 0.013333
0 0.573724 0.536917 0.007625 0.012500
0 0.582659 0.536917 0.007505 0.013167
0 0.591161 0.536667 0.007500 0.012833
0 0.600005 0.536667 0.007438 0.012167
0 0.532536 0.551583 0.007375 0.013000
0 0.542130 0.551417 0.007313 0.012833
0 0.550818 0.551833 0.007187 0.013000
0 0.560568 0.551542 0.007062 0.013083
0 0.569599 0.551042 0.008000 0.012417
0 0.578318 0.550875 0.006937 0.012583
0 0.587255 0.550167 0.007562 0.012500
0 0.596349 0.550083 0.007125 0.012667
0 0.536818 0.566167 0.008187 0.012333
0 0.546693 0.565833 0.007187 0.013000
0 0.555786 0.565875 0.007875 0.012417
0 0.565130 0.565167 0.007562 0.012500
0 0.574224 0.565125 0.008000 0.012417
0 0.583099 0.565000 0.006500 0.012500
0 0.591568 0.563792 0.006812 0.012083
0 0.600193 0.564000 0.006313 0.012667
0 0.532193 0.580083 0.007812 0.012500
0 0.542286 0.580708 0.007625 0.012917
0 0.551099 0.579958 0.007750 0.013083
0 0.560599 0.579958 0.007500 0.013417
0 0.569755 0.579208 0.007312 0.013083
0 0.578630 0.578667 0.007938 0.012667
0 0.587099 0.578375 0.006875 0.012750
0 0.596068 0.577625 0.006562 0.011917
0 0.537630 0.594903 0.007688 0.013806
0 0.546880 0.594583 0.007312 0.013333
0 0.556255 0.594500 0.007562 0.013667
0 0.565536 0.594167 0.007500 0.013833
0 0.574224 0.593417 0.006875 0.012833
0 0.582786 0.592375 0.006625 0.012583
0 0.591630 0.592083 0.006812 0.012000
0 0.542380 0.609000 0.007563 0.013000
0 0.551818 0.608875 0.007062 0.012917
0 0.560911 0.608208 0.007125 0.013250
0 0.570068 0.607542 0.006938 0.012417
0 0.578607 0.606292 0.007109 0.011750
0 0.612911 0.685333 0.006250 0.012000
0 0.565130 0.706958 0.007062 0.012083
0 0.574349 0.705958 0.007250 0.012083
0 0.583318 0.704583 0.007187 0.012333
0 0.591693 0.702583 0.006812 0.013167
0 0.600474 0.701875 0.007000 0.012750
0 0.609005 0.700083 0.006937 0.012000
0 0.617443 0.697958 0.006312 0.011917
0 0.569911 0.719792 0.007375 0.012083
0 0.578693 0.718917 0.007062 0.012333
0 0.588130 0.717542 0.006812 0.013083
0 0.596380 0.716243 0.007437 0.013181
0 0.604568 0.715000 0.007312 0.013000
0 0.613193 0.713208 0.007062 0.013083
0 0.621099 0.711083 0.006500 0.012167
0 0.629630 0.710208 0.006437 0.012417
0 0.574609 0.734201 0.006719 0.012431
0 0.583664 0.732083 0.006880 0.012333
0 0.592130 0.730778 0.007187 0.012889
0 0.600224 0.729708 0.006500 0.012750
0 0.609141 0.728167 0.006927 0.012333
0 0.617474 0.725792 0.006500 0.012417
0 0.625630 0.723667 0.006188 0.012167
0 0.588224 0.746083 0.007125 0.012667
0 0.596568 0.744667 0.006813 0.012833
0 0.605161 0.742917 0.007125 0.012833
0 0.613818 0.740500 0.006688 0.012333
0 0.621755 0.738500 0.006688 0.011833
0 0.629607 0.736625 0.006891 0.012417
0 0.592349 0.758750 0.006750 0.012333
0 0.600693 0.757250 0.006563 0.012000
0 0.609005 0.755181 0.006688 0.012028
0 0.617286 0.753208 0.007500 0.012083
0 0.625818 0.751125 0.006812 0.012750
0 0.633474 0.749465 0.006500 0.012597
0 0.641568 0.747167 0.006562 0.011500
0 0.649255 0.745417 0.006562 0.011667
0 0.596599 0.772125 0.007750 0.013417
0 0.604943 0.770125 0.006938 0.011917
0 0.613724 0.767833 0.006750 0.012500
0 0.621661 0.765458 0.006750 0.011750
0 0.629505 0.763701 0.006313 0.012736
0 0.637755 0.761542 0.006688 0.013750
0 0.645255 0.759292 0.006687 0.012417
0 0.653193 0.757458 0.006687 0.011917
0 0.609693 0.782792 0.007687 0.013250
0 0.617536 0.780500 0.006500 0.012500
0 0.625599 0.778125 0.006750 0.013250
0 0.656849 0.769417 0.005500 0.011500
0 0.664349 0.767500 0.006375 0.011667
0 0.671974 0.765542 0.006375 0.011417
0 0.679161 0.763208 0.006375 0.012083
0 0.648880 0.718875 0.006563 0.011417
0 0.656818 0.717042 0.006313 0.011750
0 0.637193 0.708153 0.006437 0.011861
0 0.645219 0.706736 0.006667 0.012014
0 0.652716 0.705139 0.006141 0.011875
0 0.660271 0.703229 0.006250 0.012083
0 0.667693 0.702153 0.005990 0.011458
0 0.674906 0.700833 0.005833 0.011319
0 0.681883 0.699306 0.005620 0.012014
0 0.689044 0.697882 0.005880 0.011111
0 0.692484 0.685208 0.006406 0.011458
0 0.685609 0.685868 0.005677 0.010972
0 0.688995 0.672604 0.005885 0.010694
0 0.681755 0.673472 0.006198 0.010486
0 0.678422 0.687500 0.006094 0.011042
0 0.670945 0.688646 0.005620 0.011111
0 0.663656 0.689722 0.006042 0.011458
0 0.656182 0.691458 0.005677 0.011319
0 0.648500 0.692257 0.006146 0.011389
0 0.641208 0.694045 0.005729 0.011701
0 0.633370 0.695747 0.006510 0.012257
0 0.625818 0.696944 0.007031 0.012014
0 0.621076 0.683889 0.006922 0.012708
0 0.629646 0.682743 0.006667 0.011944
0 0.637172 0.681389 0.006198 0.011319
0 0.644802 0.680052 0.006146 0.012257
0 0.652484 0.678854 0.006406 0.011806
0 0.659878 0.677743 0.006401 0.011111
0 0.667719 0.676181 0.006979 0.010764
0 0.663865 0.664028 0.006146 0.011736
0 0.656130 0.664653 0.006510 0.011875
0 0.648422 0.666285 0.006302 0.011250
0 0.641234 0.667049 0.006823 0.011667
0 0.633552 0.668542 0.007083 0.012014
0 0.625245 0.669063 0.006302 0.012639
0 0.617120 0.670903 0.006094 0.011736
0 0.612797 0.658090 0.007031 0.011944
0 0.621182 0.657049 0.007031 0.011806
0 0.629099 0.656042 0.006823 0.011736
0 0.636911 0.654583 0.006927 0.012292
0 0.644594 0.653368 0.005937 0.011667
0 0.616990 0.643854 0.006563 0.012083
0 0.625167 0.642778 0.006667 0.011458
0 0.633214 0.641875 0.006823 0.011181
0 0.641443 0.641007 0.005990 0.011389
0 0.608365 0.617674 0.006833 0.011944
0 0.612562 0.603611 0.006563 0.011458
0 0.620922 0.603177 0.006615 0.011910
0 0.629125 0.602187 0.006771 0.012361
0 0.636961 0.601806 0.006401 0.011181
0 0.644646 0.601319 0.006458 0.011875
0 0.652536 0.600313 0.006719 0.011944
0 0.659854 0.599861 0.006042 0.011319
0 0.667299 0.598611 0.006141 0.011319
0 0.674432 0.597969 0.005844 0.011076
0 0.691964 0.584167 0.005469 0.010903
0 0.684901 0.584861 0.005844 0.011181
0 0.677875 0.585313 0.005625 0.011667
0 0.670818 0.585556 0.006094 0.011875
0 0.663578 0.586111 0.005885 0.010903
0 0.656078 0.587153 0.006302 0.011319
0 0.648135 0.587257 0.006771 0.011528
0 0.640844 0.588472 0.006563 0.011875
0 0.632849 0.588889 0.006510 0.011875
0 0.625036 0.589896 0.007031 0.011806
0 0.617120 0.589931 0.007344 0.012847
0 0.608370 0.590625 0.006823 0.012014
0 0.600089 0.591285 0.007344 0.011667
0 0.604021 0.577049 0.007083 0.011806
0 0.612562 0.577083 0.007083 0.011875
0 0.620844 0.576562 0.006458 0.011806
0 0.628734 0.576424 0.007135 0.011389
0 0.636958 0.575573 0.006833 0.012674
0 0.644906 0.574583 0.006354 0.012431
0 0.652224 0.574340 0.006302 0.011806
0 0.659646 0.573750 0.006042 0.011736
0 0.666964 0.573125 0.005885 0.011458
0 0.674438 0.573090 0.006146 0.011528
0 0.681469 0.572396 0.006042 0.011528
0 0.688630 0.572222 0.006198 0.011042
0 0.698865 0.583472 0.005521 0.010347
0 0.695271 0.571562 0.005417 0.010694
0 0.702094 0.570764 0.005833 0.011042
0 0.708943 0.570417 0.005781 0.011042
0 0.718552 0.557986 0.005313 0.010625
0 0.711990 0.558698 0.005000 0.010104
0 0.705089 0.558333 0.005573 0.010903
0 0.698344 0.559028 0.005521 0.010764
0 0.691807 0.558681 0.005365 0.011736
0 0.684854 0.559236 0.006042 0.010764
0 0.677849 0.560000 0.005781 0.011042
0 0.670349 0.560191 0.005156 0.011840
0 0.663161 0.560937 0.006302 0.011111
0 0.655870 0.560937 0.006198 0.011806
0 0.648370 0.561458 0.006406 0.011458
0 0.640740 0.562014 0.006458 0.011736
0 0.632771 0.562569 0.006771 0.012153
0 0.624802 0.563229 0.006771 0.011806
0 0.616703 0.563264 0.006615 0.012292
0 0.608448 0.563438 0.006771 0.012500
0 0.604513 0.550139 0.006922 0.012708
0 0.604240 0.522958 0.006823 0.012708
0 0.612365 0.522750 0.007448 0.013125
0 0.620437 0.522715 0.006927 0.012778
0 0.628458 0.522750 0.006302 0.011875
0 0.636115 0.522819 0.006615 0.012292
0 0.643875 0.522681 0.006510 0.011736
0 0.599578 0.509347 0.007187 0.012847
0 0.608094 0.509139 0.006615 0.012431
0 0.616557 0.508931 0.007083 0.012708
0 0.624604 0.509174 0.006823 0.012361
0 0.632417 0.509417 0.006406 0.012014
0 0.639969 0.509660 0.006615 0.012083
0 0.647729 0.509521 0.006198 0.011667
0 0.684659 0.534660 0.005891 0.011667
0 0.691479 0.534000 0.005781 0.011181
0 0.698172 0.534278 0.005312 0.010903
0 0.651844 0.522194 0.006719 0.011319
0 0.659135 0.522125 0.006510 0.011319
0 0.666479 0.522333 0.006406 0.011458
0 0.674057 0.522264 0.006562 0.011181
0 0.681271 0.522056 0.006302 0.011458
0 0.687990 0.522090 0.005885 0.010833
0 0.694500 0.522264 0.005469 0.011042
0 0.659214 0.496847 0.005833 0.011597
0 0.651427 0.496639 0.006823 0.011181
0 0.644005 0.496882 0.006562 0.011944
0 0.636010 0.496222 0.006823 0.011597
0 0.627911 0.495875 0.006146 0.011319
0 0.619995 0.496431 0.006875 0.011736
0 0.611974 0.495528 0.006354 0.011597
0 0.603901 0.495424 0.006979 0.012222
0 0.599500 0.481951 0.007031 0.012778
0 0.607807 0.481882 0.006875 0.011944
0 0.616089 0.482472 0.007187 0.011042
0 0.624474 0.482750 0.006979 0.011736
0 0.631766 0.483132 0.006042 0.012083
0 0.639813 0.483271 0.006198 0.011250
0 0.647703 0.483965 0.006563 0.012500
0 0.628177 0.469830 0.006771 0.012424
0 0.636219 0.470285 0.006927 0.012500
0 0.643927 0.470319 0.006719 0.011736
0 0.651453 0.470424 0.006562 0.012639
0 0.655438 0.483757 0.006719 0.010833
0 0.662599 0.484208 0.005833 0.011181
0 0.670307 0.484243 0.005833 0.011111
0 0.677156 0.484694 0.005990 0.011319
0 0.701583 0.473271 0.005677 0.010972
0 0.694786 0.473306 0.005729 0.011597
0 0.688224 0.472785 0.005521 0.010694
0 0.680698 0.472472 0.005677 0.010903
0 0.673641 0.472160 0.005833 0.011528
0 0.666583 0.471431 0.005781 0.011319
0 0.658823 0.471153 0.006510 0.012292
0 0.705047 0.461118 0.006250 0.011111
0 0.698016 0.460597 0.005938 0.011319
0 0.691063 0.460111 0.006094 0.011042
0 0.684240 0.459486 0.006094 0.011875
0 0.677104 0.459278 0.005990 0.011875
0 0.670099 0.459069 0.005937 0.010903
0 0.662599 0.458271 0.006042 0.011528
0 0.655177 0.457924 0.006406 0.011806
0 0.647573 0.457507 0.006510 0.011944
0 0.640099 0.457160 0.006562 0.012222
0 0.632156 0.456361 0.006719 0.012292
0 0.624135 0.456083 0.006823 0.012708
0 0.616141 0.455354 0.006979 0.012639
0 0.608120 0.455319 0.007292 0.012292
0 0.599370 0.454694 0.006875 0.012153
0 0.845557 0.613507 0.003542 0.008958
0 0.850219 0.612257 0.004115 0.008681
0 0.852771 0.602017 0.004219 0.009299
0 0.848031 0.602365 0.003698 0.009299
0 0.843474 0.603229 0.003646 0.008681
0 0.838630 0.603750 0.003854 0.008889
0 0.831260 0.593958 0.004010 0.009444
0 0.836130 0.593858 0.003958 0.009104
0 0.840844 0.593028 0.003906 0.009375
0 0.845427 0.592642 0.003698 0.008757
0 0.850062 0.592191 0.003698 0.008396
0 0.852510 0.581948 0.003490 0.008618
0 0.847693 0.582295 0.003750 0.008618
0 0.843057 0.582469 0.003854 0.008965
0 0.838161 0.582743 0.004063 0.007986
0 0.833526 0.583267 0.003542 0.009174
0 0.828839 0.583684 0.003333 0.008743
0 0.824021 0.584622 0.004219 0.008826
0 0.798221 0.543795 0.004349 0.008701
0 0.800958 0.532392 0.004875 0.009299
0 0.806133 0.532344 0.004578 0.009201
0 0.811089 0.532094 0.004125 0.009299
0 0.816115 0.531892 0.003677 0.009104
0 0.821323 0.531840 0.003896 0.009000
0 0.826049 0.531941 0.004057 0.009201
0 0.830812 0.531795 0.003531 0.008701
0 0.835383 0.531191 0.003672 0.008701
0 0.840068 0.531542 0.003750 0.008000
0 0.844911 0.531392 0.003833 0.008896
0 0.849594 0.531094 0.003448 0.008299
0 0.854211 0.530941 0.003516 0.008799
0 0.856128 0.520392 0.003453 0.008896
0 0.851661 0.520892 0.003531 0.008701
0 0.847271 0.520892 0.003750 0.008701
0 0.842169 0.520691 0.003901 0.008299
0 0.837747 0.521191 0.004359 0.009299
0 0.832799 0.521094 0.004057 0.009104
0 0.828187 0.521594 0.004125 0.009299
0 0.815448 0.468222 0.003646 0.008819
0 0.810656 0.468188 0.003750 0.009444
0 0.805448 0.467285 0.004062 0.009306
0 0.800422 0.467042 0.004323 0.009375
0 0.794901 0.466694 0.004219 0.009375
0 0.789563 0.466278 0.004271 0.008819
0 0.636198 0.443795 0.006260 0.011660
0 0.644029 0.444226 0.006589 0.011951
0 0.651802 0.445167 0.006802 0.010944
0 0.658987 0.446097 0.006266 0.011375
0 0.666385 0.446101 0.006156 0.011090
0 0.673456 0.446747 0.006047 0.011229
0 0.680747 0.447035 0.005943 0.010653
0 0.687714 0.447469 0.005615 0.010368
0 0.694625 0.448333 0.005833 0.011236
0 0.701539 0.448764 0.005401 0.010653
0 0.708341 0.449556 0.005401 0.010806
0 0.740362 0.451861 0.005078 0.011375
0 0.746518 0.452146 0.004859 0.010514
0 0.752674 0.452726 0.005505 0.010799
0 0.758776 0.453299 0.004750 0.011375
0 0.764719 0.453372 0.004750 0.011229
0 0.770224 0.453802 0.004104 0.010368
0 0.775841 0.454524 0.004755 0.010368
0 0.781513 0.455028 0.004859 0.009361
0 0.786802 0.455389 0.004646 0.009500
0 0.532628 0.407076 0.007776 0.014250
0 0.537268 0.392965 0.007776 0.013389
0 0.532570 0.378639 0.008318 0.014111
0 0.537323 0.364670 0.008313 0.013535
0 0.546612 0.366108 0.007880 0.013826
0 0.542130 0.380003 0.007990 0.013104
0 0.546828 0.394260 0.007885 0.012243
0 0.551419 0.380795 0.007776 0.012965
0 0.556169 0.396062 0.007776 0.014111
0 0.564701 0.396493 0.007557 0.013250
0 0.560760 0.382236 0.007667 0.013542
0 0.556115 0.366899 0.007667 0.013104
0 0.541859 0.350698 0.008531 0.013826
0 0.551266 0.352354 0.007667 0.013389
0 0.573341 0.425365 0.007557 0.013396
0 0.582414 0.425938 0.007130 0.012528
0 0.666492 0.420757 0.005943 0.011375
0 0.673836 0.421330 0.005943 0.011090
0 0.680424 0.422125 0.005724 0.010944
0 0.687607 0.422913 0.005401 0.010799
0 0.694677 0.423924 0.005292 0.011083
0 0.701320 0.424715 0.005401 0.010083
0 0.632201 0.404194 0.006693 0.012236
0 0.640138 0.405205 0.006370 0.011951
0 0.647807 0.406358 0.006583 0.011951
0 0.655206 0.406861 0.005828 0.012097
0 0.662495 0.407722 0.005938 0.012097
0 0.670326 0.408660 0.006047 0.011667
0 0.679099 0.839944 0.006198 0.013056
0 0.573979 0.341500 0.007604 0.013194
0 0.547000 0.337333 0.008542 0.013611
0 0.556036 0.338757 0.007344 0.012986
0 0.564917 0.340285 0.007396 0.013819
0 0.582833 0.342889 0.007292 0.012778
0 0.542156 0.322403 0.007812 0.013750
0 0.551167 0.323931 0.007917 0.014028
0 0.560698 0.325146 0.007500 0.013403
0 0.569422 0.326674 0.007552 0.013403
0 0.578250 0.328444 0.007292 0.013194
0 0.586922 0.329833 0.007865 0.013333
0 0.591167 0.344313 0.006979 0.012847
0 0.587260 0.357576 0.007292 0.013681
0 0.591271 0.372090 0.007292 0.012708
0 0.595906 0.359313 0.006979 0.013264
0 0.599969 0.373236 0.007396 0.012917
0 0.607964 0.374417 0.006927 0.013472
0 0.612260 0.388479 0.006979 0.012569
0 0.620177 0.389660 0.006667 0.012431
0 0.628250 0.390250 0.006771 0.012083
0 0.636297 0.391361 0.006302 0.011806
0 0.643849 0.392715 0.006510 0.012014
0 0.651427 0.392958 0.006458 0.011944
0 0.658745 0.394208 0.006198 0.011528
0 0.666167 0.395215 0.006667 0.012014
0 0.673484 0.396882 0.006719 0.011875
0 0.677182 0.409104 0.006302 0.011736
0 0.684135 0.410007 0.006458 0.011875
0 0.690984 0.410597 0.005469 0.011250
0 0.697859 0.412194 0.005990 0.012083
0 0.680828 0.397125 0.005990 0.011389
0 0.827807 0.458514 0.004427 0.010417
0 0.832703 0.459104 0.004323 0.010347
0 0.837625 0.459035 0.004271 0.009792
0 0.794708 0.444799 0.004375 0.009653
0 0.799969 0.445632 0.004583 0.009375
0 0.805385 0.445771 0.004375 0.008681
0 0.792234 0.433549 0.004740 0.009931
0 0.797443 0.434278 0.004635 0.010000
0 0.802755 0.435007 0.004635 0.009931
0 0.808161 0.435507 0.004615 0.009819
0 0.813068 0.435458 0.004010 0.010278
0 0.841974 0.439312 0.004115 0.008819
0 0.839500 0.428514 0.003854 0.008889
0 0.834656 0.427854 0.004271 0.009236
0 0.830021 0.427646 0.003854 0.009375
0 0.825359 0.426569 0.004115 0.009028
0 0.846531 0.460285 0.003958 0.009097
0 0.851271 0.460424 0.003750 0.009792
0 0.856062 0.460771 0.003958 0.008681
0 0.848979 0.450007 0.003958 0.009236
0 0.853510 0.450389 0.004167 0.008889
0 0.846479 0.439694 0.004063 0.009167
0 0.851062 0.440181 0.003854 0.008889
0 0.855802 0.441431 0.004583 0.009444
0 0.844266 0.429139 0.003906 0.009028
0 0.848875 0.429660 0.003438 0.009514
0 0.853380 0.430563 0.003698 0.009514
0 0.855594 0.420701 0.004583 0.008819
0 0.851089 0.420250 0.003906 0.009306
0 0.853276 0.410458 0.004219 0.008750
0 0.820542 0.426535 0.004687 0.009514
0 0.823016 0.416083 0.003906 0.009167
0 0.825333 0.405910 0.003958 0.009653
0 0.827469 0.395771 0.003958 0.008958
0 0.832156 0.396431 0.003958 0.009028
0 0.827677 0.416778 0.004271 0.009306
0 0.832547 0.417750 0.004219 0.010278
0 0.837130 0.397750 0.003906 0.009861
0 0.835125 0.407472 0.003750 0.009306
0 0.837260 0.417611 0.003854 0.009028
0 0.841922 0.418896 0.003490 0.009236
0 0.850620 0.399174 0.003906 0.008958
0 0.846245 0.398757 0.003698 0.008958
0 0.841661 0.397854 0.003490 0.008542
0 0.848458 0.389243 0.004062 0.008681
0 0.843849 0.388306 0.003698 0.008472
0 0.846297 0.378944 0.003802 0.009194
0 0.850672 0.379590 0.004010 0.009931
0 0.817937 0.415319 0.004375 0.009028
0 0.815490 0.425458 0.003958 0.009167
0 0.810307 0.424625 0.004010 0.008750
0 0.805047 0.424139 0.004323 0.009583
0 0.807443 0.414000 0.005260 0.008889
0 0.810099 0.404069 0.005260 0.009861
0 0.799917 0.423722 0.004792 0.009722
0 0.802391 0.412785 0.004115 0.009375
0 0.804839 0.402889 0.004323 0.010000
0 0.817323 0.352146 0.004115 0.009306
0 0.812242 0.351035 0.004380 0.009444
0 0.807115 0.349854 0.004740 0.009722
0 0.801906 0.348847 0.004427 0.009931
0 0.796594 0.347701 0.004740 0.010556
0 0.794380 0.358014 0.004687 0.009792
0 0.791594 0.368743 0.004635 0.009861
0 0.788911 0.378812 0.004375 0.009167
0 0.788807 0.356938 0.004687 0.010278
0 0.791044 0.346490 0.004172 0.010340
0 0.824354 0.343604 0.003698 0.010000
0 0.819432 0.341938 0.004271 0.010000
0 0.814562 0.340931 0.004115 0.009375
0 0.840995 0.337146 0.003750 0.009167
0 0.836464 0.336382 0.003750 0.009583
0 0.838651 0.326313 0.004062 0.009306
0 0.831411 0.334785 0.003958 0.009028
0 0.834068 0.325271 0.003958 0.009306
0 0.829120 0.324056 0.003958 0.009514
0 0.826802 0.333743 0.004323 0.009167
0 0.821828 0.332424 0.004062 0.009306
0 0.824172 0.322944 0.004062 0.008681
0 0.819276 0.321556 0.004271 0.009236
0 0.816984 0.331347 0.004167 0.009375
0 0.809276 0.339646 0.004479 0.009306
0 0.804458 0.338361 0.004323 0.009097
0 0.799198 0.337632 0.004323 0.009444
0 0.793964 0.336243 0.004167 0.009722
0 0.811932 0.329854 0.004062 0.009583
0 0.806958 0.328569 0.004531 0.009375
0 0.801906 0.327597 0.004531 0.010069
0 0.796542 0.326382 0.004635 0.010139
0 0.798911 0.315722 0.004583 0.010764
0 0.804198 0.317111 0.004323 0.009653
0 0.809224 0.318326 0.004062 0.009722
0 0.814224 0.319472 0.004271 0.009514
0 0.801253 0.305830 0.004266 0.009313
0 0.806490 0.306868 0.004531 0.009306
0 0.811620 0.308743 0.004271 0.009861
0 0.816958 0.310132 0.003906 0.009583
0 0.821385 0.311556 0.003698 0.009792
0 0.826620 0.312910 0.004167 0.009444
0 0.814232 0.299049 0.004276 0.010014
0 0.819070 0.300594 0.004349 0.009701
0 0.811268 0.287649 0.004349 0.010410
0 0.806771 0.285948 0.004948 0.010215
0 0.808831 0.276042 0.003974 0.009597
0 0.813932 0.277844 0.004573 0.010799
0 0.818620 0.279594 0.004198 0.009896
0 0.823682 0.280851 0.004427 0.010410
0 0.821096 0.269795 0.004349 0.010299
0 0.816182 0.268045 0.004573 0.009799
0 0.811195 0.266503 0.004797 0.010104
0 0.813781 0.256503 0.004427 0.010299
0 0.803432 0.253493 0.004573 0.010500
0 0.808682 0.255104 0.004271 0.010097
0 0.801146 0.263299 0.004500 0.008889
0 0.806281 0.264854 0.004573 0.009403
0 0.727685 0.379392 0.004995 0.010993
0 0.734013 0.380733 0.005714 0.010563
0 0.740049 0.381642 0.005193 0.010993
0 0.746148 0.382465 0.005193 0.010903
0 0.752219 0.382941 0.005385 0.010299
0 0.758094 0.384497 0.004417 0.010465
0 0.764096 0.385319 0.005516 0.010736
0 0.730367 0.368312 0.005214 0.010472
0 0.736740 0.369479 0.005063 0.010903
0 0.742906 0.370000 0.005063 0.010903
0 0.749138 0.371128 0.005193 0.010729
0 0.755237 0.372597 0.005193 0.010389
0 0.761047 0.373333 0.004740 0.010639
0 0.766857 0.374458 0.004286 0.009778
0 0.772503 0.375715 0.004547 0.009347
0 0.786229 0.367490 0.005125 0.009521
0 0.780745 0.366236 0.004156 0.010125
0 0.783307 0.355243 0.004219 0.010125
0 0.786198 0.345076 0.004417 0.010389
0 0.788568 0.334951 0.004479 0.010556
0 0.791161 0.324479 0.004219 0.009694
0 0.774839 0.365111 0.004542 0.009958
0 0.769419 0.363597 0.004474 0.010208
0 0.772208 0.352993 0.004219 0.010472
0 0.777857 0.354122 0.004349 0.010813
0 0.780680 0.343906 0.004411 0.010299
0 0.783083 0.333740 0.004802 0.010562
0 0.785807 0.323267 0.004542 0.009868
0 0.780195 0.322142 0.004349 0.009521
0 0.777370 0.332139 0.004417 0.009778
0 0.771951 0.330885 0.004609 0.010035
0 0.769354 0.341569 0.005125 0.010125
0 0.775164 0.342958 0.005193 0.009778
0 0.766565 0.351785 0.004349 0.009264
0 0.763643 0.362948 0.004995 0.010646
0 0.757768 0.361434 0.004547 0.010215
0 0.760687 0.350743 0.005323 0.010472
0 0.763839 0.340101 0.004479 0.010299
0 0.766076 0.329542 0.004672 0.010819
0 0.760557 0.328288 0.005063 0.010729
0 0.757891 0.338587 0.004948 0.010382
0 0.754781 0.349576 0.005323 0.010208
0 0.751992 0.360611 0.004672 0.009958
0 0.746117 0.359313 0.004995 0.010472
0 0.749039 0.348410 0.004734 0.010472
0 0.751755 0.337462 0.005281 0.009868
0 0.754685 0.326861 0.005255 0.010819
0 0.782888 0.311326 0.004286 0.010556
0 0.788273 0.312712 0.004411 0.010035
0 0.793823 0.314399 0.004865 0.010812
0 0.796031 0.304229 0.003958 0.009861
0 0.798854 0.294927 0.004281 0.011160
0 0.801612 0.284413 0.004995 0.010563
0 0.796063 0.283028 0.004417 0.009861
0 0.793339 0.292979 0.004542 0.010042
0 0.790966 0.303149 0.004609 0.010299
0 0.785581 0.301247 0.004734 0.009951
0 0.788081 0.291292 0.004286 0.009611
0 0.790870 0.281427 0.004542 0.010465
0 0.785385 0.279736 0.004740 0.011250
0 0.779932 0.278010 0.004479 0.009868
0 0.782638 0.290125 0.004651 0.010556
0 0.780096 0.299858 0.004672 0.009951
0 0.777466 0.310420 0.005255 0.010646
0 0.775130 0.320674 0.005125 0.010736
0 0.768802 0.319417 0.004677 0.010472
0 0.771823 0.308729 0.004479 0.010389
0 0.774612 0.298389 0.004870 0.010639
0 0.776938 0.288135 0.004500 0.010729
0 0.616078 0.375531 0.006875 0.013049
0 0.624542 0.376819 0.007031 0.012847
0 0.632042 0.377927 0.006927 0.012563
0 0.640010 0.379108 0.006406 0.012299
0 0.647562 0.380215 0.006823 0.012153
0 0.655141 0.381365 0.006354 0.011521
0 0.662693 0.382337 0.006042 0.010965
0 0.666052 0.369837 0.006302 0.010965
0 0.659047 0.368740 0.006042 0.012063
0 0.651573 0.367545 0.006094 0.012354
0 0.669706 0.383351 0.006391 0.012118
0 0.677177 0.384250 0.006208 0.012722
0 0.684333 0.385510 0.006479 0.012840
0 0.691125 0.386649 0.006031 0.011521
0 0.698010 0.387729 0.005760 0.011764
0 0.704984 0.388628 0.005490 0.012118
0 0.604141 0.359708 0.007562 0.013083
0 0.612422 0.361687 0.007740 0.013681
0 0.620521 0.362590 0.007021 0.013556
0 0.628352 0.364031 0.007203 0.013562
0 0.636453 0.365170 0.007021 0.013201
0 0.684167 0.335507 0.005990 0.011389
0 0.680443 0.347174 0.005729 0.011667
0 0.687682 0.349153 0.005833 0.011319
0 0.690964 0.336757 0.005937 0.011667
0 0.697839 0.338250 0.005521 0.010903
0 0.694557 0.350021 0.005729 0.010556
0 0.701276 0.351201 0.005313 0.010972
0 0.707969 0.352312 0.005469 0.010833
0 0.704557 0.339639 0.005521 0.011319
0 0.711172 0.340681 0.005625 0.010903
0 0.714297 0.329569 0.005521 0.011181
0 0.724167 0.319812 0.005260 0.010556
0 0.727240 0.308319 0.005260 0.010486
0 0.717552 0.318146 0.005365 0.010139
0 0.720885 0.307069 0.005156 0.010625
0 0.724245 0.295993 0.005313 0.010833
0 0.730391 0.297764 0.005313 0.010764
0 0.736745 0.299292 0.005625 0.011181
0 0.739583 0.288424 0.004844 0.010278
0 0.733333 0.286792 0.005052 0.010903
0 0.727083 0.284951 0.005156 0.010556
0 0.729987 0.274524 0.005286 0.010674
0 0.736380 0.276687 0.005313 0.010972
0 0.742682 0.278389 0.005417 0.010764
0 0.748437 0.279292 0.004635 0.010764
0 0.751276 0.268944 0.004896 0.010208
0 0.745573 0.267729 0.004844 0.010833
0 0.739688 0.265507 0.004948 0.010833
0 0.733307 0.263632 0.005104 0.010694
0 0.754167 0.258563 0.004740 0.010556
0 0.756849 0.248528 0.004271 0.009653
0 0.759922 0.238146 0.005208 0.010000
0 0.765339 0.240125 0.004687 0.010069
0 0.771224 0.242104 0.005000 0.010139
0 0.773906 0.232000 0.004635 0.009792
0 0.768164 0.229872 0.005026 0.010118
0 0.587599 0.605625 0.006875 0.012583
0 0.595880 0.605410 0.006687 0.011819
0 0.604474 0.604528 0.006625 0.012056
0 0.547099 0.623333 0.008125 0.013000
0 0.556318 0.622917 0.007687 0.013000
0 0.565443 0.621917 0.007063 0.012500
0 0.574255 0.620958 0.007187 0.012917
0 0.583318 0.620333 0.006938 0.011833
0 0.592005 0.619500 0.006563 0.011833
0 0.600161 0.618875 0.006750 0.011417
0 0.542380 0.638250 0.007812 0.012167
0 0.551505 0.638000 0.006937 0.013167
0 0.560943 0.636667 0.007812 0.012833
0 0.570099 0.635875 0.007125 0.013583
0 0.578786 0.634625 0.007125 0.012583
0 0.587474 0.633542 0.007000 0.012750
0 0.596161 0.633125 0.006750 0.012583
0 0.604279 0.632417 0.006891 0.012333
0 0.547224 0.652625 0.008000 0.012417
0 0.556159 0.651458 0.007005 0.012917
0 0.565349 0.650167 0.007125 0.012167
0 0.574380 0.649458 0.006812 0.012917
0 0.583224 0.648292 0.007125 0.012583
0 0.592036 0.647250 0.007250 0.012833
0 0.600599 0.646333 0.006875 0.012500
0 0.608630 0.645167 0.006687 0.011667
0 0.551943 0.666625 0.007062 0.013417
0 0.560786 0.665042 0.007250 0.013250
0 0.569661 0.664458 0.007625 0.012750
0 0.579193 0.662917 0.007812 0.013333
0 0.587724 0.662042 0.006500 0.013583
0 0.596630 0.660500 0.006938 0.012833
0 0.604724 0.659042 0.006125 0.011917
0 0.556536 0.679917 0.007250 0.012667
0 0.565818 0.679125 0.007563 0.012417
0 0.574732 0.677792 0.007484 0.013417
0 0.583568 0.676542 0.007312 0.013250
0 0.591974 0.675208 0.006750 0.012917
0 0.600786 0.673375 0.007250 0.012750
0 0.608849 0.672083 0.006625 0.013000
0 0.561286 0.694208 0.007250 0.013083
0 0.569818 0.692083 0.006812 0.011833
0 0.579286 0.691167 0.006250 0.013167
0 0.587786 0.689375 0.006250 0.012750
0 0.596380 0.688792 0.006937 0.012417
0 0.604755 0.686861 0.006313 0.012611
0 0.686255 0.761000 0.005563 0.011667
0 0.693193 0.759250 0.006063 0.011167
0 0.668193 0.779250 0.006187 0.011500
0 0.675318 0.777375 0.005563 0.012250
0 0.682693 0.775333 0.005688 0.011333
0 0.689599 0.773292 0.005625 0.011417
0 0.678888 0.789000 0.006422 0.010833
0 0.686380 0.786625 0.005813 0.011250
0 0.675661 0.802583 0.006250 0.012167
0 0.683005 0.800667 0.005937 0.012000
0 0.679161 0.814667 0.005875 0.012667
0 0.660286 0.755750 0.006000 0.011000
0 0.667911 0.753833 0.006750 0.011167
0 0.675568 0.751417 0.006687 0.011333
0 0.682724 0.749750 0.006000 0.011833
0 0.689383 0.747875 0.005818 0.011417
0 0.656974 0.743458 0.006500 0.011917
0 0.664443 0.741542 0.006562 0.011750
0 0.671880 0.739500 0.006688 0.011667
0 0.678786 0.737500 0.006000 0.011167
0 0.685849 0.736083 0.006000 0.011333
0 0.692505 0.734250 0.005813 0.011333
0 0.696443 0.720875 0.005563 0.010750
0 0.693068 0.709326 0.006188 0.011014
0 0.689630 0.722333 0.006063 0.011167
0 0.682451 0.724069 0.005828 0.011306
0 0.675161 0.725833 0.006125 0.011333
0 0.667786 0.727417 0.005875 0.011500
0 0.660318 0.729208 0.006063 0.011250
0 0.685943 0.710833 0.005938 0.011333
0 0.678568 0.712750 0.006187 0.011167
0 0.671411 0.713958 0.005750 0.011583
0 0.664005 0.715542 0.006563 0.011417
0 0.637443 0.734917 0.006437 0.012000
0 0.645411 0.733417 0.006500 0.011667
0 0.652818 0.731750 0.006563 0.011833
0 0.633411 0.722167 0.006000 0.011167
0 0.641380 0.720750 0.006687 0.011000
0 0.652380 0.652431 0.006198 0.011458
0 0.660167 0.651146 0.006562 0.011944
0 0.667224 0.650729 0.005885 0.011944
0 0.670995 0.662830 0.005719 0.011285
0 0.678292 0.661493 0.006146 0.011389
0 0.674750 0.675382 0.005521 0.011528
0 0.685375 0.660139 0.005104 0.010486
0 0.692224 0.659896 0.005156 0.010694
0 0.688760 0.647205 0.005417 0.011285
0 0.682016 0.648576 0.006094 0.010694
0 0.674125 0.649410 0.006042 0.010694
0 0.692562 0.634549 0.006354 0.011667
0 0.685245 0.635174 0.005781 0.012083
0 0.678214 0.636007 0.006094 0.012083
0 0.670945 0.637222 0.006141 0.012708
0 0.663474 0.637639 0.006198 0.012431
0 0.656182 0.638542 0.005990 0.011597
0 0.648995 0.639444 0.006719 0.011875
0 0.612771 0.631042 0.006771 0.012292
0 0.620740 0.629705 0.006875 0.012743
0 0.629177 0.628889 0.006771 0.013264
0 0.636885 0.628403 0.006875 0.012569
0 0.644536 0.626806 0.006573 0.011875
0 0.652484 0.626007 0.006094 0.011389
0 0.659880 0.625035 0.006198 0.010972
0 0.667120 0.624583 0.005990 0.010764
0 0.674516 0.623854 0.005990 0.011250
0 0.681964 0.623194 0.006094 0.011042
0 0.689073 0.622708 0.005729 0.010347
0 0.695714 0.622118 0.005469 0.011111
0 0.699021 0.608889 0.005625 0.011042
0 0.692328 0.609028 0.006094 0.010903
0 0.695609 0.595868 0.005885 0.010694
0 0.688552 0.596840 0.005729 0.011250
0 0.681599 0.597257 0.005781 0.010833
0 0.685245 0.609861 0.006302 0.010486
0 0.678109 0.610590 0.005573 0.011111
0 0.670974 0.611215 0.005885 0.010833
0 0.663448 0.612118 0.005833 0.011250
0 0.656234 0.612847 0.005781 0.012014
0 0.648292 0.613611 0.006458 0.011319
0 0.640401 0.614201 0.006094 0.011667
0 0.632901 0.614792 0.006302 0.011458
0 0.624880 0.615990 0.006198 0.011285
0 0.616755 0.616597 0.006719 0.011736
0 0.798370 0.273049 0.004500 0.010611
0 0.803807 0.274597 0.004271 0.009306
0 0.793008 0.270944 0.004578 0.009000
0 0.795781 0.260795 0.004427 0.010701
0 0.790682 0.259146 0.004573 0.011000
0 0.785208 0.257750 0.004573 0.010208
0 0.782583 0.246201 0.005177 0.009903
0 0.779695 0.233694 0.004953 0.010097
0 0.776771 0.244003 0.004948 0.010299
0 0.779844 0.256549 0.004948 0.010014
0 0.774294 0.253993 0.005099 0.010903
0 0.776807 0.266243 0.004573 0.009806
0 0.782320 0.267899 0.004953 0.010688
0 0.787794 0.269594 0.004349 0.010701
0 0.701661 0.521986 0.005625 0.010764
0 0.708432 0.522125 0.005729 0.010903
0 0.704917 0.534382 0.005781 0.011111
0 0.711844 0.534413 0.005677 0.011313
0 0.695099 0.546674 0.005625 0.011250
0 0.701635 0.546743 0.005677 0.011250
0 0.708510 0.546569 0.005781 0.010903
0 0.715021 0.546083 0.005260 0.010764
0 0.721922 0.546083 0.005104 0.010486
0 0.725021 0.557958 0.005469 0.010486
0 0.731531 0.557090 0.005052 0.010000
0 0.728432 0.545632 0.005208 0.011389
0 0.724865 0.533722 0.005260 0.010069
0 0.718354 0.534208 0.005365 0.011458
0 0.704786 0.510250 0.005729 0.010347
0 0.701505 0.497958 0.005729 0.011042
0 0.698094 0.485319 0.005677 0.010347
0 0.694682 0.497472 0.005833 0.009931
0 0.698198 0.509903 0.005573 0.012014
0 0.691661 0.510007 0.005625 0.011389
0 0.687911 0.497090 0.006146 0.010972
0 0.691401 0.485424 0.005729 0.011111
0 0.684240 0.484972 0.006823 0.012014
0 0.680646 0.497090 0.006094 0.011250
0 0.684682 0.509903 0.006146 0.010903
0 0.677289 0.509868 0.006141 0.010556
0 0.670385 0.509521 0.006302 0.012222
0 0.663042 0.509451 0.006094 0.012222
0 0.655333 0.509521 0.006719 0.011944
0 0.673849 0.496743 0.005938 0.011250
0 0.666557 0.497160 0.006146 0.010972
0 0.590802 0.453653 0.007344 0.012986
0 0.595255 0.441187 0.006458 0.012222
0 0.603901 0.441465 0.006875 0.012361
0 0.612078 0.441743 0.006979 0.011944
0 0.620021 0.441951 0.006094 0.011389
0 0.628276 0.442646 0.006562 0.011806
0 0.846003 0.633531 0.005161 0.009604
0 0.848135 0.622986 0.003802 0.009028
0 0.843292 0.623958 0.004219 0.009028
0 0.840896 0.613892 0.003490 0.008618
0 0.854620 0.571153 0.003542 0.007986
0 0.849984 0.572014 0.003854 0.008194
0 0.845401 0.572292 0.004062 0.008611
0 0.840687 0.572642 0.004010 0.008187
0 0.835948 0.572743 0.004115 0.009236
0 0.831156 0.573576 0.004219 0.009097
0 0.826208 0.573750 0.003594 0.008889
0 0.821286 0.574097 0.004062 0.008611
0 0.813857 0.563892 0.004276 0.008896
0 0.818659 0.564146 0.003974 0.009000
0 0.823721 0.563493 0.003901 0.009306
0 0.828708 0.562941 0.004125 0.008799
0 0.833544 0.562594 0.003599 0.008896
0 0.838195 0.562344 0.003901 0.008396
0 0.842888 0.562104 0.003682 0.009125
0 0.847682 0.561694 0.004125 0.008903
0 0.852297 0.561590 0.004208 0.008500
0 0.856719 0.561090 0.003448 0.008500
0 0.790049 0.554385 0.004193 0.008910
0 0.795596 0.554545 0.004349 0.009201
0 0.800695 0.554194 0.004349 0.009500
0 0.805872 0.553590 0.004057 0.009500
0 0.811198 0.553292 0.004208 0.009097
0 0.816414 0.553045 0.004578 0.009604
0 0.821130 0.552792 0.004125 0.009097
0 0.826195 0.552792 0.003599 0.008903
0 0.830768 0.552646 0.003901 0.009000
0 0.835943 0.552441 0.003750 0.008799
0 0.840370 0.551944 0.003302 0.009403
0 0.844953 0.551792 0.003448 0.008500
0 0.849521 0.551340 0.003448 0.008000
0 0.854396 0.550840 0.003750 0.008000
0 0.856607 0.540691 0.003974 0.008299
0 0.851771 0.541295 0.003448 0.008299
0 0.847383 0.541344 0.003672 0.008201
0 0.842773 0.541694 0.003745 0.008500
0 0.838195 0.541642 0.003599 0.008604
0 0.833398 0.542142 0.003745 0.008604
0 0.828484 0.541993 0.003531 0.009500
0 0.823682 0.541944 0.003979 0.008597
0 0.818698 0.542441 0.003896 0.008799
0 0.813714 0.542243 0.004125 0.009000
0 0.808682 0.542892 0.004427 0.008896
0 0.803169 0.542993 0.003599 0.009097
0 0.823273 0.521094 0.004193 0.009104
0 0.818323 0.521194 0.004354 0.008903
0 0.813221 0.520993 0.004057 0.009097
0 0.808344 0.521191 0.003750 0.008701
0 0.803169 0.521441 0.004047 0.009201
0 0.795190 0.510795 0.004276 0.009701
0 0.800474 0.510590 0.004208 0.009500
0 0.805497 0.510743 0.004057 0.009806
0 0.810706 0.510795 0.004276 0.009299
0 0.815701 0.510844 0.004057 0.009201
0 0.820648 0.510642 0.004193 0.008604
0 0.825672 0.510792 0.004208 0.009097
0 0.830922 0.510642 0.004042 0.008604
0 0.835497 0.510795 0.004057 0.008701
0 0.840182 0.510743 0.003677 0.008403
0 0.844984 0.510646 0.004125 0.008000
0 0.797776 0.499646 0.004802 0.010000
0 0.802948 0.499444 0.004208 0.009597
0 0.807974 0.499844 0.004354 0.009396
0 0.813336 0.499944 0.004422 0.009597
0 0.818208 0.499892 0.004125 0.009299
0 0.823536 0.500441 0.004135 0.008799
0 0.828190 0.500194 0.003828 0.009097
0 0.832833 0.499944 0.003823 0.009000
0 0.837789 0.500545 0.003974 0.008201
0 0.842362 0.500295 0.003984 0.008701
0 0.794979 0.488465 0.003958 0.008889
0 0.791943 0.477635 0.004240 0.009729
0 0.797766 0.478083 0.004427 0.009792
0 0.800292 0.488882 0.004167 0.008750
0 0.802792 0.478187 0.004062 0.008750
0 0.805526 0.488917 0.004427 0.009097
0 0.808208 0.478465 0.004583 0.009444
0 0.810656 0.489194 0.003958 0.009514
0 0.813365 0.478604 0.004271 0.009861
0 0.818182 0.478847 0.004115 0.008958
0 0.815630 0.489368 0.004219 0.009444
0 0.820656 0.489472 0.003958 0.008681
0 0.823078 0.479194 0.003906 0.008958
0 0.828026 0.479229 0.003698 0.009167
0 0.825448 0.489576 0.003750 0.009167
0 0.830318 0.489611 0.003802 0.008819
0 0.832688 0.479507 0.003646 0.008472
0 0.837531 0.479750 0.003854 0.008681
0 0.842245 0.480444 0.003802 0.008542
0 0.839875 0.490271 0.003750 0.008194
0 0.835370 0.490028 0.003906 0.008403
0 0.844458 0.470340 0.003646 0.008472
0 0.839901 0.469854 0.003490 0.008056
0 0.834979 0.469646 0.003750 0.008750
0 0.830552 0.469333 0.003750 0.008542
0 0.825526 0.468951 0.003698 0.009167
0 0.820526 0.468465 0.003802 0.008889
0 0.578417 0.412403 0.007125 0.012819
0 0.591323 0.426729 0.007240 0.012097
0 0.599799 0.428028 0.007776 0.013250
0 0.607901 0.427955 0.006698 0.012813
0 0.587112 0.412406 0.007672 0.013104
0 0.595643 0.413125 0.006589 0.013389
0 0.603690 0.414132 0.006693 0.012236
0 0.573883 0.397212 0.007130 0.012965
0 0.569562 0.382740 0.007562 0.013396
0 0.565187 0.368410 0.007667 0.013250
0 0.582469 0.398510 0.007885 0.013535
0 0.578417 0.384250 0.007125 0.012097
0 0.574203 0.370139 0.007344 0.013250
0 0.560380 0.353653 0.007344 0.013972
0 0.569508 0.355306 0.007234 0.013250
0 0.578635 0.356531 0.008208 0.013104
0 0.582792 0.370934 0.007885 0.013104
0 0.586789 0.385472 0.007234 0.012806
0 0.616432 0.428677 0.007125 0.012243
0 0.624263 0.429323 0.006589 0.011812
0 0.612057 0.415139 0.007021 0.012236
0 0.590729 0.399517 0.007990 0.012674
0 0.599964 0.400597 0.007448 0.012819
0 0.608227 0.401389 0.007130 0.012958
0 0.616271 0.402396 0.006802 0.012667
0 0.620591 0.416434 0.006589 0.012243
0 0.632417 0.430618 0.006698 0.012097
0 0.628315 0.416941 0.006911 0.012382
0 0.624208 0.403479 0.007562 0.012528
0 0.595589 0.386483 0.007125 0.012813
0 0.604445 0.387278 0.007130 0.012097
0 0.640141 0.430983 0.007021 0.011951
0 0.647971 0.431774 0.006911 0.011521
0 0.655583 0.432417 0.006583 0.012528
0 0.662818 0.432924 0.006156 0.012958
0 0.669622 0.432851 0.005943 0.011660
0 0.677182 0.433715 0.005938 0.011375
0 0.684042 0.435087 0.005396 0.010660
0 0.690953 0.435733 0.006052 0.010799
0 0.698081 0.436163 0.005401 0.011090
0 0.704940 0.437316 0.005505 0.010799
0 0.636469 0.417948 0.006802 0.012382
0 0.643919 0.418667 0.006370 0.012097
0 0.651424 0.419462 0.006047 0.011951
0 0.659039 0.420038 0.005724 0.010799
0 0.687651 0.397924 0.005573 0.011458
0 0.694422 0.399278 0.005573 0.011250
0 0.701219 0.400389 0.005521 0.011944
0 0.704552 0.413062 0.005729 0.011736
0 0.707990 0.425493 0.005000 0.010347
0 0.711323 0.437993 0.005833 0.010486
0 0.718120 0.438444 0.005677 0.011111
0 0.724500 0.438618 0.005313 0.011181
0 0.730828 0.439312 0.005156 0.010903
0 0.736844 0.439937 0.005104 0.009931
0 0.714760 0.425632 0.005521 0.011319
0 0.721271 0.426326 0.005208 0.011458
0 0.727625 0.426951 0.005104 0.011319
0 0.733901 0.427785 0.005677 0.011458
0 0.739943 0.428236 0.005156 0.010833
0 0.746036 0.429208 0.004740 0.010694
0 0.743354 0.440285 0.005312 0.010069
0 0.749266 0.440910 0.004740 0.010069
0 0.755542 0.441083 0.004687 0.010278
0 0.761505 0.441743 0.004635 0.009514
0 0.767495 0.442368 0.004427 0.009792
0 0.752365 0.429729 0.004792 0.010764
0 0.758432 0.430354 0.004844 0.009931
0 0.764240 0.430771 0.004479 0.009653
0 0.770047 0.431292 0.004531 0.010000
0 0.772807 0.442889 0.004948 0.010139
0 0.778484 0.443444 0.004427 0.009861
0 0.783901 0.443826 0.004427 0.009931
0 0.775542 0.431951 0.004896 0.009653
0 0.781245 0.432972 0.004531 0.010583
0 0.786687 0.433375 0.004687 0.010278
0 0.789396 0.444451 0.004479 0.009931
0 0.792130 0.456153 0.004323 0.010417
0 0.797651 0.455840 0.004740 0.009514
0 0.803016 0.455979 0.004948 0.009653
0 0.808354 0.456639 0.004687 0.010694
0 0.813328 0.457264 0.004844 0.010139
0 0.818016 0.457472 0.004427 0.010000
0 0.822911 0.457958 0.004219 0.009444
0 0.818016 0.436674 0.004740 0.010208
0 0.823016 0.437646 0.004010 0.009792
0 0.810594 0.446188 0.004271 0.009792
0 0.815724 0.446951 0.004010 0.009236
0 0.820516 0.447576 0.004427 0.009097
0 0.825542 0.447785 0.004271 0.009792
0 0.830229 0.448340 0.004062 0.009653
0 0.834760 0.448479 0.004063 0.010069
0 0.839344 0.449243 0.004062 0.009097
0 0.844214 0.449764 0.004115 0.009861
0 0.842104 0.459972 0.003854 0.009444
0 0.827911 0.437750 0.004740 0.009306
0 0.832781 0.438132 0.004062 0.009931
0 0.837391 0.438549 0.004010 0.009097
0 0.830203 0.406674 0.003906 0.009375
0 0.846479 0.419312 0.003750 0.009375
0 0.839578 0.407576 0.003906 0.009097
0 0.844135 0.408826 0.003437 0.009375
0 0.848667 0.409396 0.003854 0.009486
0 0.839057 0.387368 0.004115 0.009792
0 0.834526 0.386569 0.004219 0.009722
0 0.829630 0.385667 0.003906 0.009028
0 0.837208 0.377160 0.004167 0.008681
0 0.841635 0.377854 0.003333 0.008125
0 0.820333 0.405354 0.003958 0.008819
0 0.822573 0.394799 0.003646 0.009375
0 0.824943 0.385250 0.003594 0.009167
0 0.820177 0.383861 0.004375 0.008611
0 0.817677 0.394278 0.004062 0.009861
0 0.815255 0.404556 0.004010 0.009722
0 0.812625 0.414799 0.003646 0.010625
0 0.797026 0.412333 0.004531 0.009722
0 0.794656 0.422958 0.004479 0.009444
0 0.789448 0.422611 0.004792 0.009306
0 0.791948 0.411812 0.004479 0.010347
0 0.794396 0.401292 0.004375 0.009583
0 0.799786 0.401951 0.004219 0.010208
0 0.802156 0.391535 0.004375 0.009236
0 0.797052 0.390632 0.004062 0.009792
0 0.807573 0.392785 0.004479 0.009931
0 0.812703 0.393201 0.004219 0.010069
0 0.799865 0.380146 0.004687 0.009097
0 0.804682 0.381396 0.004219 0.009792
0 0.810099 0.382090 0.003906 0.009792
0 0.815255 0.382819 0.004740 0.009444
0 0.794292 0.379694 0.004167 0.008889
0 0.791531 0.390389 0.004271 0.009583
0 0.832417 0.375771 0.003958 0.008681
0 0.796510 0.369163 0.004271 0.010271
0 0.802036 0.369889 0.004375 0.009931
0 0.807240 0.370965 0.004271 0.009722
0 0.812635 0.371799 0.004635 0.009722
0 0.817740 0.373257 0.004740 0.009583
0 0.822531 0.374438 0.004010 0.009167
0 0.827349 0.375097 0.004687 0.010069
0 0.799094 0.358882 0.004427 0.009306
0 0.804667 0.360028 0.004323 0.010347
0 0.809901 0.360826 0.004375 0.010417
0 0.814901 0.361451 0.004167 0.009861
0 0.819901 0.363361 0.004167 0.009931
0 0.824901 0.364090 0.004479 0.009861
0 0.829823 0.365236 0.004010 0.009514
0 0.834510 0.366451 0.003906 0.009722
0 0.839250 0.367215 0.004219 0.009444
0 0.843885 0.368257 0.003698 0.009167
0 0.848521 0.368813 0.003594 0.009167
0 0.845786 0.358326 0.003854 0.008750
0 0.841411 0.357528 0.003958 0.009097
0 0.843521 0.347632 0.003906 0.009444
0 0.838781 0.346556 0.004010 0.008542
0 0.836385 0.356556 0.003906 0.009514
0 0.831802 0.355618 0.004219 0.009444
0 0.833911 0.345618 0.003750 0.009028
0 0.829146 0.344507 0.003802 0.008333
0 0.827089 0.354125 0.003542 0.008958
0 0.822193 0.352979 0.004062 0.009167
0 0.831307 0.314264 0.003542 0.008958
0 0.836021 0.315931 0.003906 0.009097
0 0.833833 0.304368 0.004427 0.010000
0 0.828703 0.303187 0.004062 0.010000
0 0.803844 0.295795 0.004052 0.010299
0 0.809169 0.297344 0.004797 0.009799
0 0.824057 0.301993 0.004125 0.010306
0 0.826232 0.291997 0.004276 0.009910
0 0.821544 0.290948 0.004349 0.010007
0 0.816484 0.289049 0.004875 0.009986
0 0.784154 0.421795 0.005516 0.010993
0 0.778216 0.420844 0.005193 0.011160
0 0.772568 0.420281 0.004802 0.010729
0 0.767148 0.419806 0.005255 0.010125
0 0.761372 0.419326 0.005255 0.010903
0 0.755401 0.418767 0.005385 0.010646
0 0.749495 0.417771 0.005000 0.010556
0 0.743263 0.417510 0.005255 0.010729
0 0.736966 0.416601 0.005255 0.010646
0 0.730799 0.415653 0.005516 0.011333
0 0.724310 0.415003 0.005651 0.011076
0 0.717951 0.414094 0.005516 0.010993
0 0.721065 0.402281 0.005255 0.010215
0 0.727716 0.403448 0.004932 0.009951
0 0.734143 0.404705 0.005453 0.011076
0 0.740406 0.405441 0.005125 0.011340
0 0.746378 0.405826 0.005130 0.011250
0 0.752448 0.406434 0.004802 0.010035
0 0.758289 0.407431 0.004932 0.010125
0 0.764193 0.408122 0.004802 0.010646
0 0.769971 0.408771 0.004932 0.010556
0 0.775487 0.409552 0.004672 0.009868
0 0.781135 0.410372 0.004542 0.009604
0 0.786490 0.411063 0.004740 0.009431
0 0.789312 0.400854 0.004417 0.009431
0 0.786620 0.388913 0.004740 0.009951
0 0.783763 0.399729 0.004734 0.010125
0 0.778409 0.398688 0.004807 0.010819
0 0.772698 0.398083 0.005063 0.010639
0 0.767049 0.397260 0.004547 0.010215
0 0.761208 0.396222 0.005323 0.010736
0 0.755042 0.395490 0.005063 0.011854
0 0.749427 0.394576 0.005000 0.011250
0 0.743294 0.394059 0.004932 0.011076
0 0.737031 0.393066 0.005000 0.011507
0 0.730672 0.391767 0.005125 0.011507
0 0.724536 0.390944 0.005323 0.011764
0 0.781135 0.388045 0.004417 0.009951
0 0.783438 0.377184 0.004219 0.010382
0 0.778049 0.376576 0.004349 0.009000
0 0.775555 0.386747 0.005193 0.010299
0 0.769776 0.386142 0.004802 0.010299
0 0.711492 0.413444 0.005714 0.010208
0 0.708375 0.401024 0.005844 0.012201
0 0.714799 0.401764 0.005453 0.011250
0 0.644055 0.366670 0.006391 0.013076
0 0.673487 0.371229 0.006568 0.011639
0 0.680911 0.372128 0.006302 0.011521
0 0.687708 0.373448 0.005490 0.011521
0 0.694724 0.375368 0.006750 0.012236
0 0.701789 0.375128 0.006120 0.012243
0 0.708138 0.376389 0.005849 0.011639
0 0.714753 0.377767 0.005578 0.012479
0 0.721005 0.378611 0.004948 0.011278
0 0.711286 0.388931 0.005854 0.011278
0 0.718128 0.390128 0.005849 0.011521
0 0.724156 0.367149 0.005313 0.010924
0 0.717992 0.366069 0.006120 0.011403
0 0.711555 0.364868 0.006391 0.012361
0 0.704849 0.363549 0.005760 0.012125
0 0.698146 0.362531 0.006031 0.012243
0 0.690992 0.361812 0.006120 0.012000
0 0.684422 0.360431 0.006302 0.012361
0 0.677266 0.359229 0.006573 0.011639
0 0.670156 0.357969 0.006927 0.012243
0 0.662823 0.357007 0.007021 0.012958
0 0.655172 0.355569 0.006844 0.012722
0 0.647792 0.354309 0.006844 0.012840
0 0.639961 0.352931 0.007203 0.013444
0 0.632221 0.351490 0.007016 0.012965
0 0.624482 0.350170 0.007203 0.013437
0 0.616336 0.348670 0.007828 0.013799
0 0.607831 0.347347 0.007380 0.014042
0 0.599823 0.345969 0.007740 0.013438
0 0.757534 0.316038 0.005078 0.010368
0 0.763477 0.317694 0.005078 0.011375
0 0.766122 0.307184 0.005182 0.011090
0 0.768875 0.296674 0.005073 0.010514
0 0.771576 0.286448 0.004859 0.010507
0 0.774490 0.276080 0.005292 0.010799
0 0.771630 0.264198 0.004969 0.010368
0 0.768820 0.274566 0.005182 0.010368
0 0.766068 0.285007 0.005292 0.011083
0 0.763477 0.295302 0.005078 0.010076
0 0.760625 0.305743 0.005208 0.010806
0 0.765797 0.262184 0.004750 0.010368
0 0.762935 0.272694 0.004641 0.010653
0 0.739961 0.357743 0.005964 0.011750
0 0.742812 0.346771 0.005188 0.011583
0 0.746052 0.335972 0.005448 0.011056
0 0.748578 0.325604 0.005052 0.011056
0 0.751687 0.314632 0.005573 0.010542
0 0.754542 0.303569 0.005052 0.010542
0 0.757263 0.293549 0.005057 0.010889
0 0.760437 0.283267 0.005188 0.010715
0 0.733997 0.357139 0.005703 0.011917
0 0.736852 0.345993 0.005443 0.010028
0 0.739831 0.334760 0.005443 0.011063
0 0.743070 0.323618 0.005703 0.010542
0 0.745664 0.313076 0.004922 0.010194
0 0.748708 0.302187 0.005052 0.010542
0 0.727260 0.356274 0.005188 0.010882
0 0.721299 0.354632 0.005964 0.011056
0 0.724344 0.343313 0.005312 0.010542
0 0.730435 0.344868 0.005318 0.009847
0 0.733547 0.333208 0.005313 0.011403
0 0.736656 0.322226 0.005313 0.010563
0 0.714625 0.353597 0.005313 0.012097
0 0.717995 0.342191 0.005052 0.010715
0 0.721169 0.330872 0.005182 0.011229
0 0.727453 0.332257 0.005313 0.010542
0 0.730435 0.321628 0.005318 0.011063
0 0.733547 0.310226 0.005052 0.010368
0 0.739247 0.311434 0.004797 0.010368
0 0.742875 0.300979 0.005313 0.010889
0 0.745922 0.290090 0.004667 0.009847
0 0.751560 0.291733 0.004797 0.010368
0 0.754219 0.281538 0.004667 0.010368
0 0.757133 0.270823 0.004797 0.010021
0 0.759792 0.260368 0.004667 0.010542
0 0.762706 0.250174 0.004536 0.010194
0 0.768344 0.251816 0.004667 0.010368
0 0.595859 0.331132 0.007812 0.013611
0 0.604245 0.332868 0.007500 0.012500
0 0.612292 0.334431 0.007344 0.012569
0 0.620286 0.336097 0.006875 0.012569
0 0.628437 0.337660 0.006927 0.012500
0 0.636380 0.338910 0.006771 0.012361
0 0.643880 0.340542 0.006354 0.011875
0 0.651693 0.341826 0.006562 0.011667
0 0.658932 0.343389 0.006146 0.011319
0 0.666276 0.344465 0.005729 0.011528
0 0.673333 0.346097 0.006198 0.011181
0 0.676901 0.334014 0.005833 0.012014
0 0.669635 0.332625 0.005990 0.011736
0 0.662672 0.330840 0.006052 0.012264
0 0.655664 0.330094 0.007516 0.013160
0 0.647922 0.328222 0.006844 0.013014
0 0.640521 0.326875 0.007958 0.013611
0 0.632445 0.325455 0.007516 0.014354
0 0.624539 0.323885 0.007182 0.013910
0 0.616911 0.322243 0.008302 0.014208
0 0.608500 0.319924 0.007177 0.013458
0 0.600201 0.318878 0.007401 0.014354
0 0.708052 0.328378 0.005625 0.012118
0 0.701643 0.327226 0.006443 0.012257
0 0.694719 0.325351 0.005896 0.012257
0 0.687823 0.324163 0.005833 0.011896
0 0.680521 0.322323 0.005833 0.011965
0 0.673656 0.320483 0.006385 0.012187
0 0.666133 0.318969 0.006380 0.012618
0 0.659154 0.317670 0.007245 0.012479
0 0.651581 0.316191 0.006599 0.012840
0 0.644068 0.314243 0.006927 0.012403
0 0.636112 0.313056 0.007245 0.013347
0 0.628513 0.311323 0.007089 0.012618
0 0.620508 0.309812 0.007516 0.013056
0 0.612586 0.307719 0.007141 0.013340
0 0.604201 0.305667 0.007464 0.013125
0 0.591112 0.316733 0.008005 0.013340
0 0.582674 0.315618 0.008224 0.013847
0 0.595737 0.304330 0.007089 0.013049
0 0.587029 0.302167 0.007630 0.013917
0 0.578292 0.300868 0.007573 0.013917
0 0.546409 0.307972 0.008599 0.013986
0 0.555982 0.310063 0.008057 0.013125
0 0.565258 0.312118 0.008109 0.012903
0 0.573997 0.313597 0.008172 0.012986
0 0.551573 0.294632 0.007573 0.013125
0 0.560445 0.296830 0.007141 0.013771
0 0.569721 0.298670 0.007953 0.013993
0 0.555875 0.281972 0.007729 0.013486
0 0.565206 0.283740 0.007464 0.012979
0 0.573721 0.286049 0.007411 0.014139
0 0.582594 0.288031 0.006979 0.013924
0 0.591195 0.289833 0.006766 0.013486
0 0.599549 0.291455 0.006818 0.012979
0 0.560523 0.268701 0.007734 0.013486
0 0.569422 0.270684 0.007573 0.013701
0 0.578401 0.273392 0.007031 0.013632
0 0.586784 0.274760 0.006818 0.013201
0 0.595286 0.276927 0.007344 0.012910
0 0.607826 0.293257 0.006599 0.012694
0 0.616266 0.295642 0.006604 0.012549
0 0.624484 0.296938 0.006490 0.012111
0 0.632326 0.298740 0.007682 0.012118
0 0.639792 0.300399 0.006490 0.011965
0 0.647659 0.302274 0.006328 0.011826
0 0.655229 0.304365 0.006104 0.012688
0 0.662562 0.305306 0.006604 0.011972
0 0.669919 0.307250 0.005630 0.011542
0 0.677164 0.309413 0.005734 0.011826
0 0.684201 0.310462 0.005953 0.011035
0 0.691310 0.312625 0.006109 0.013056
0 0.697854 0.313562 0.005573 0.012333
0 0.704453 0.314823 0.004813 0.011396
0 0.651612 0.290625 0.006120 0.012333
0 0.658831 0.291708 0.006057 0.011750
0 0.666133 0.294052 0.005943 0.011688
0 0.673164 0.295785 0.005839 0.011542
0 0.680789 0.297333 0.005839 0.011472
0 0.687359 0.299101 0.005354 0.011257
0 0.694344 0.300868 0.005250 0.011611
0 0.701260 0.301986 0.005677 0.011389
0 0.603682 0.279035 0.007187 0.013083
0 0.612089 0.280951 0.007375 0.012750
0 0.620151 0.283035 0.006250 0.012250
0 0.628401 0.285076 0.007250 0.013167
0 0.636214 0.286785 0.006500 0.012917
0 0.643807 0.288660 0.006187 0.012667
0 0.565182 0.255660 0.007687 0.013333
0 0.573839 0.257410 0.007250 0.013667
0 0.582651 0.260160 0.007500 0.013833
0 0.591495 0.262493 0.007062 0.013667
0 0.599839 0.264243 0.007125 0.013333
0 0.608089 0.266701 0.007375 0.013750
0 0.569526 0.242535 0.007750 0.013750
0 0.578589 0.245410 0.007250 0.014167
0 0.587120 0.246826 0.006938 0.013833
0 0.595495 0.249701 0.007312 0.013583
0 0.603964 0.251826 0.007500 0.013333
0 0.611870 0.253993 0.006438 0.013167
0 0.574182 0.230326 0.007562 0.013667
0 0.582557 0.232035 0.007438 0.012917
0 0.591370 0.234701 0.007437 0.012750
0 0.599807 0.237035 0.007313 0.012917
0 0.616151 0.268868 0.007000 0.013750
0 0.624214 0.270660 0.007000 0.013667
0 0.632120 0.272660 0.006812 0.013333
0 0.620245 0.256201 0.007187 0.013417
0 0.628089 0.258118 0.006750 0.012917
0 0.635964 0.260285 0.006750 0.012917
0 0.639776 0.274410 0.006625 0.012833
0 0.647401 0.276368 0.006500 0.012250
0 0.643682 0.262868 0.007313 0.013250
0 0.607651 0.239618 0.006625 0.013250
0 0.615901 0.241701 0.006625 0.013250
0 0.623807 0.243660 0.006937 0.013333
0 0.631964 0.246326 0.006625 0.012667
0 0.639932 0.248785 0.006937 0.012250
0 0.647557 0.250660 0.006687 0.012833
0 0.651401 0.264243 0.006500 0.012667
0 0.711297 0.316892 0.005490 0.011757
0 0.714841 0.305635 0.005943 0.012118
0 0.707591 0.303538 0.006036 0.012479
0 0.717807 0.294000 0.005948 0.011639
0 0.711419 0.292497 0.006120 0.012243
0 0.704669 0.290757 0.006120 0.012125
0 0.720867 0.283378 0.005589 0.011521
0 0.723885 0.272635 0.005313 0.011160
0 0.714477 0.281458 0.006484 0.012236
0 0.708086 0.279899 0.006474 0.012479
0 0.701471 0.277795 0.006745 0.011882
0 0.698185 0.288896 0.006651 0.012000
0 0.691036 0.287337 0.006031 0.012965
0 0.694810 0.276299 0.006380 0.012236
0 0.684237 0.285660 0.006286 0.012958
0 0.677219 0.283795 0.006490 0.012118
0 0.669797 0.282056 0.006927 0.012722
0 0.662685 0.280260 0.006391 0.012479
0 0.655167 0.278396 0.006469 0.012361
0 0.658727 0.266517 0.006026 0.012840
0 0.666198 0.269038 0.006208 0.012604
0 0.673526 0.270660 0.006313 0.012722
0 0.680641 0.272458 0.005937 0.012000
0 0.687927 0.274556 0.006292 0.012597
0 0.655076 0.252899 0.006849 0.012479
0 0.586604 0.219663 0.008104 0.013104
0 0.595404 0.222253 0.007776 0.013396
0 0.590870 0.207278 0.008635 0.014833
0 0.595404 0.194750 0.007776 0.013681
0 0.599997 0.209507 0.007453 0.013819
0 0.604047 0.197913 0.007344 0.013104
0 0.607880 0.185747 0.007667 0.012674
0 0.616411 0.188990 0.007021 0.012812
0 0.620083 0.176389 0.007448 0.013250
0 0.624349 0.190861 0.007344 0.012819
0 0.612255 0.200580 0.006698 0.013826
0 0.608203 0.212747 0.007667 0.013104
0 0.604263 0.224917 0.007130 0.013250
0 0.612417 0.227003 0.007885 0.012812
0 0.620029 0.229236 0.006266 0.012097
0 0.616250 0.215267 0.006698 0.012674
0 0.620138 0.203316 0.007130 0.013243
0 0.624294 0.217069 0.007234 0.012528
0 0.628346 0.205691 0.006693 0.013396
0 0.628508 0.231972 0.007672 0.012097
0 0.636445 0.234708 0.007130 0.012958
0 0.632451 0.219733 0.007130 0.012965
0 0.636122 0.208427 0.006911 0.013104
0 0.640281 0.222611 0.007021 0.013250
0 0.643844 0.210306 0.006802 0.013667
0 0.643844 0.236566 0.006146 0.012562
0 0.651240 0.238823 0.006458 0.012215
0 0.658948 0.241708 0.006250 0.011736
0 0.647542 0.225076 0.006562 0.012639
0 0.650979 0.213167 0.006146 0.012569
0 0.654990 0.227472 0.006354 0.011736
0 0.654755 0.201014 0.005990 0.012153
0 0.658687 0.214972 0.006042 0.011875
0 0.662281 0.203479 0.005313 0.011111
0 0.665823 0.192295 0.005313 0.010826
0 0.662255 0.229069 0.005990 0.011319
0 0.665927 0.216951 0.005833 0.011250
0 0.669729 0.231083 0.006250 0.010764
0 0.666109 0.242854 0.007031 0.012222
0 0.662203 0.255285 0.005885 0.012083
0 0.669729 0.256292 0.006667 0.012292
0 0.673557 0.245528 0.006406 0.012153
0 0.680589 0.247472 0.005885 0.011458
0 0.677125 0.233757 0.006875 0.012222
0 0.673375 0.220215 0.006042 0.012083
0 0.669599 0.205875 0.005990 0.011458
0 0.673323 0.195076 0.005938 0.011389
0 0.676813 0.208722 0.005938 0.011875
0 0.669391 0.180632 0.005885 0.011944
0 0.672906 0.169486 0.006458 0.012292
0 0.669078 0.155667 0.005781 0.011736
0 0.665589 0.141917 0.007135 0.013542
0 0.672750 0.144486 0.005729 0.012569
0 0.676214 0.134240 0.006094 0.012354
0 0.683271 0.137542 0.006042 0.012431
0 0.679547 0.148167 0.006094 0.011319
0 0.676344 0.159625 0.005937 0.011736
0 0.676292 0.183549 0.005938 0.010694
0 0.680042 0.197611 0.005521 0.010903
0 0.683583 0.211569 0.005625 0.011597
0 0.680536 0.222403 0.006406 0.011181
0 0.684026 0.235840 0.006510 0.010972
0 0.687177 0.224656 0.005833 0.011660
0 0.690667 0.213861 0.006458 0.011458
0 0.687542 0.200493 0.006250 0.011250
0 0.683818 0.186049 0.005677 0.011250
0 0.680068 0.172507 0.005990 0.011389
0 0.683167 0.161847 0.005833 0.011458
0 0.677005 0.259344 0.006146 0.012604
0 0.684091 0.261194 0.006224 0.012097
0 0.691104 0.263344 0.005698 0.011799
0 0.697854 0.265042 0.005698 0.012000
0 0.704492 0.266493 0.005474 0.012097
0 0.711091 0.268694 0.005474 0.011500
0 0.717581 0.270694 0.005401 0.011500
0 0.687656 0.249646 0.006448 0.012000
0 0.694292 0.251993 0.006073 0.012097
0 0.701042 0.254045 0.005625 0.011799
0 0.707867 0.256194 0.005172 0.011097
0 0.714544 0.258094 0.005474 0.011701
0 0.720768 0.259743 0.005328 0.011000
0 0.727255 0.261542 0.005396 0.011597
0 0.690917 0.238444 0.005625 0.011403
0 0.697594 0.240694 0.005625 0.011500
0 0.704456 0.242594 0.005703 0.011299
0 0.710943 0.244792 0.005323 0.011500
0 0.717505 0.246545 0.005396 0.010799
0 0.724031 0.249142 0.005698 0.010799
0 0.730216 0.250844 0.005474 0.011201
0 0.736219 0.252840 0.005625 0.011000
0 0.742406 0.254844 0.005250 0.010396
0 0.748555 0.257094 0.005099 0.010701
0 0.694193 0.227167 0.005937 0.011667
0 0.700964 0.229528 0.005833 0.012083
0 0.707630 0.231958 0.005417 0.011528
0 0.697474 0.215882 0.005625 0.012569
0 0.704271 0.218556 0.005885 0.011528
0 0.714089 0.233764 0.005313 0.010972
0 0.720365 0.235917 0.004948 0.010694
0 0.726927 0.238653 0.005156 0.011167
0 0.733255 0.240222 0.005313 0.011250
0 0.739583 0.242444 0.005052 0.010417
0 0.745260 0.244354 0.004844 0.010625
0 0.751224 0.246264 0.005313 0.010833
0 0.710625 0.220639 0.005469 0.010833
0 0.717005 0.222861 0.005104 0.010556
0 0.723490 0.225771 0.005677 0.011819
0 0.686927 0.175576 0.005625 0.012361
0 0.690391 0.165125 0.006510 0.012292
0 0.686927 0.151132 0.006250 0.012500
0 0.689974 0.140542 0.005260 0.012014
0 0.693880 0.154326 0.005990 0.012083
0 0.696979 0.143250 0.006354 0.012708
0 0.697135 0.168007 0.005729 0.011528
0 0.693880 0.177903 0.006406 0.012292
0 0.700443 0.156757 0.006094 0.011458
0 0.703646 0.146201 0.005938 0.011736
0 0.700078 0.133250 0.005781 0.011389
0 0.706875 0.135750 0.005833 0.012222
0 0.713542 0.139257 0.005625 0.012569
0 0.720182 0.141514 0.005781 0.011944
0 0.726354 0.144465 0.005417 0.011319
0 0.732682 0.147382 0.005469 0.011736
0 0.738620 0.149326 0.004948 0.011875
0 0.744766 0.153076 0.005469 0.010903
0 0.690542 0.188920 0.006187 0.012007
0 0.694229 0.202795 0.005813 0.011576
0 0.697417 0.192125 0.006188 0.011417
0 0.700635 0.180625 0.005375 0.010917
0 0.703604 0.170292 0.005688 0.011750
0 0.701104 0.205875 0.006063 0.011583
0 0.704042 0.194087 0.006688 0.011340
0 0.707417 0.183542 0.006188 0.010917
0 0.707031 0.159833 0.006146 0.011528
0 0.710260 0.149278 0.006042 0.011389
0 0.716823 0.152299 0.005417 0.011736
0 0.713750 0.162785 0.005521 0.011181
0 0.710495 0.173306 0.005990 0.011528
0 0.723047 0.154382 0.005052 0.010903
0 0.719922 0.165424 0.005365 0.010625
0 0.716667 0.175806 0.005312 0.010278
0 0.729193 0.157750 0.005052 0.010833
0 0.726224 0.168167 0.005052 0.010556
0 0.713620 0.186222 0.004844 0.010417
0 0.723464 0.178792 0.005469 0.010556
0 0.735547 0.160597 0.004635 0.010694
0 0.741745 0.163271 0.004740 0.011319
0 0.747552 0.165424 0.004479 0.010625
0 0.753620 0.168201 0.004323 0.010208
0 0.732422 0.170528 0.004740 0.010556
0 0.710990 0.197014 0.005625 0.010972
0 0.707651 0.207646 0.005469 0.011181
0 0.713771 0.209868 0.005208 0.011042
0 0.716844 0.199170 0.004896 0.010618
0 0.720125 0.188580 0.005417 0.010271
0 0.729776 0.227563 0.005208 0.011042
0 0.736443 0.229889 0.005208 0.010556
0 0.742305 0.232167 0.005047 0.010444
0 0.748112 0.234021 0.004786 0.010347
0 0.754177 0.236521 0.004844 0.010486
0 0.720560 0.212635 0.005526 0.010910
0 0.727016 0.214889 0.005729 0.010972
0 0.732930 0.217250 0.004839 0.010278
0 0.739154 0.219542 0.005099 0.010556
0 0.745141 0.221590 0.004479 0.010208
0 0.751234 0.223778 0.004687 0.010139
0 0.756682 0.225583 0.004427 0.010278
0 0.762854 0.228361 0.005313 0.010833
0 0.723484 0.201549 0.005052 0.010694
0 0.726635 0.191583 0.004687 0.010486
0 0.729578 0.181097 0.005052 0.011042
0 0.729943 0.204257 0.005156 0.010556
0 0.732651 0.193875 0.004531 0.010764
0 0.735568 0.183910 0.004844 0.010278
0 0.735906 0.206583 0.004896 0.010625
0 0.738875 0.196167 0.004479 0.010069
0 0.741844 0.209052 0.004479 0.010562
0 0.748042 0.211410 0.004479 0.010000
0 0.753641 0.213562 0.004635 0.010278
0 0.759526 0.215576 0.004427 0.010278
0 0.765385 0.217972 0.004896 0.010069
0 0.744917 0.198667 0.005000 0.010208
0 0.750854 0.201306 0.004479 0.010486
0 0.741922 0.186271 0.004635 0.010556
0 0.747885 0.188424 0.004792 0.010278
0 0.753667 0.191340 0.004479 0.010833
0 0.756766 0.203944 0.004844 0.010347
0 0.762573 0.205715 0.004479 0.009861
0 0.768068 0.207694 0.004323 0.009792
0 0.773771 0.209951 0.004583 0.010000
0 0.759370 0.193181 0.004219 0.010208
0 0.765021 0.195681 0.004375 0.010625
0 0.770828 0.197521 0.004323 0.010000
0 0.771052 0.220028 0.005104 0.010000
0 0.776911 0.222076 0.004635 0.009514
0 0.779151 0.212007 0.004427 0.009514
0 0.782146 0.202528 0.004687 0.009861
0 0.776651 0.200167 0.005052 0.010417
0 0.773781 0.188125 0.004583 0.010069
0 0.759302 0.170660 0.005208 0.010694
0 0.765214 0.173160 0.004635 0.009861
0 0.768286 0.185799 0.004948 0.010139
0 0.762089 0.183646 0.005052 0.010833
0 0.756672 0.181076 0.004844 0.010556
0 0.750500 0.178472 0.005000 0.010903
0 0.744771 0.176250 0.004896 0.010764
0 0.738677 0.173472 0.004792 0.011319
