0 0.8618840000000001 0.03432400000000002 0.090734 0.067326
0 0.6687080000000001 0.09053800000000001 0.090716 0.067326
0 0.43225 0.06600000000000006 0.090734 0.067326
0 0.240116 0.12062400000000006 0.090734 0.067324
0 0.053274000000000044 0.17683800000000005 0.090716 0.067326
0 0.21478400000000009 0.2678879999999999 0.090734 0.067326
0 0.40375000000000005 0.21405000000000007 0.090734 0.067326
0 0.6423160000000001 0.24255000000000004 0.090734 0.067326
0 0.6206659999999999 0.39654999999999996 0.102334 0.0729
0 0.3826339999999999 0.36922600000000005 0.090734 0.067324
0 0.815984 0.336762 0.096034 0.070474
0 0.7943340000000001 0.49194399999999994 0.090734 0.067338
0 0.5990340000000001 0.556862 0.090734 0.067326
0 0.7679339999999999 0.655038 0.090734 0.067326
0 0.9557659999999999 0.598824 0.088466 0.067324
0 0.5726500000000001 0.715212 0.090734 0.067324
0 0.7430920000000001 0.8196939999999999 0.10015 0.078362
0 0.9399919999999999 0.7591319999999999 0.10125 0.074412
0 0.331966 0.6906620000000001 0.090734 0.067326
0 0.35729999999999995 0.5251999999999999 0.090734 0.067324
0 0.1862839999999999 0.425438 0.090734 0.067324
0 0.16306599999999993 0.5861620000000001 0.090734 0.067324
0 0.8359840000000001 0.18829399999999996 0.098034 0.069662
0 0.131008 0.75305 0.090716 0.067324
0 0.307766 0.8479620000000001 0.090734 0.067324
0 0.5479240000000001 0.88425 0.090716 0.067324
0 0.1019159999999999 0.9113 0.090734 0.067326
