0 0.5005 0.373288 0.024 0.017778
0 0.547666 0.371288 0.023 0.015556
0 0.523834 0.383288 0.022666 0.015556
0 0.682834 0.317288 0.02 0.015112
0 0.661334 0.330178 0.023 0.013334
0 0.704166 0.304844 0.021334 0.015112
0 0.5935 0.367512 0.021334 0.013334
0 0.615834 0.354178 0.022 0.014222
0 0.639 0.342178 0.023 0.013334
0 0.571166 0.378844 0.022666 0.014666
0 0.546666 0.391288 0.021 0.016444
0 0.476 0.387288 0.024334 0.016444
0 0.5 0.397512 0.021666 0.016444
0 0.475334 0.409288 0.025666 0.017778
0 0.523 0.4044 0.024334 0.017778
0 0.569666 0.401066 0.022334 0.019112
0 0.593334 0.387288 0.021666 0.016444
0 0.616334 0.3744 0.021 0.016444
0 0.639834 0.3624 0.022666 0.016444
0 0.639666 0.383288 0.021666 0.016444
0 0.616834 0.395512 0.021334 0.018666
0 0.6615 0.349956 0.02 0.015556
0 0.662 0.368844 0.021 0.016888
0 0.662 0.390844 0.021 0.019112
0 0.477334 0.437734 0.022334 0.018666
0 0.5255 0.431956 0.022666 0.017778
0 0.5735 0.427066 0.022666 0.016888
0 0.95475 0.616756 0.029766 0.017956
0 0.930034 0.632422 0.025466 0.017288
0 0.90345 0.625156 0.0251 0.018134
0 0.87195 0.579956 0.0245 0.017244
0 0.85155 0.628934 0.024966 0.0192
0 0.828266 0.645888 0.023534 0.021112
0 0.801166 0.637222 0.024 0.017912
0 0.749784 0.643956 0.024966 0.019822
0 0.776434 0.653222 0.025466 0.020488
0 0.778584 0.679156 0.024966 0.018578
0 0.699166 0.648444 0.0264 0.019822
0 0.725066 0.660288 0.023534 0.020488
0 0.803084 0.662512 0.024966 0.021112
0 0.854216 0.6562 0.023566 0.020044
0 0.878666 0.641334 0.024466 0.022222
0 0.916966 0.980756 0.0274 0.027822
0 0.797434 0.964978 0.027666 0.026134
0 0.828234 0.976444 0.029266 0.026666
0 0.855834 0.956222 0.027666 0.025334
0 0.794834 0.929512 0.027266 0.023466
0 0.7655 0.918266 0.028334 0.026578
0 0.824866 0.942844 0.028934 0.026666
0 0.766666 0.950844 0.0268 0.0256
0 0.738434 0.939378 0.029666 0.026134
0 0.853134 0.920978 0.027734 0.0256
0 0.8814 0.899912 0.0308 0.0272
0 0.738634 0.973512 0.027666 0.0272
0 0.883166 0.9368 0.027 0.023822
0 0.887034 0.969778 0.027534 0.026134
0 0.913366 0.947644 0.025934 0.023466
0 0.940034 0.926312 0.027134 0.023466
0 0.943834 0.960666 0.027 0.027112
0 0.9709 0.938356 0.028866 0.026044
0 0.975434 0.972978 0.025934 0.028266
0 0.966366 0.907066 0.027334 0.025334
0 0.935366 0.894378 0.025334 0.023156
0 0.909866 0.915266 0.027666 0.024934
0 0.769 0.985712 0.028334 0.026178
0 0.8227 0.908312 0.028334 0.027644
0 0.9779 0.385466 0.024 0.013334
0 0.9569 0.398356 0.023334 0.016
0 0.981566 0.405022 0.024 0.015112
0 0.960066 0.419244 0.022334 0.015112
0 0.985066 0.4268 0.023 0.016888
0 0.964066 0.441244 0.022334 0.015556
0 0.9664 0.462578 0.021666 0.017334
0 0.921066 0.403022 0.022334 0.014666
0 0.8969 0.394578 0.022666 0.015556
0 0.924734 0.4228 0.024334 0.016888
0 0.876066 0.408134 0.023 0.013334
0 0.850066 0.3988 0.022334 0.016888
0 0.830066 0.413466 0.023 0.014222
0 0.805566 0.405022 0.022666 0.016
0 0.956734 0.643734 0.026 0.019556
0 0.905234 0.649734 0.025666 0.019112
0 0.932734 0.661512 0.026 0.019556
0 0.881734 0.665956 0.024666 0.017778
0 0.9089 0.677288 0.025666 0.017334
0 0.961734 0.670178 0.026 0.02
0 0.858066 0.682622 0.024 0.02
0 0.830566 0.673288 0.024334 0.020888
0 0.884566 0.693066 0.023 0.020444
0 0.912234 0.704178 0.025 0.022222
0 0.936566 0.687512 0.025666 0.02
0 0.964734 0.695512 0.024666 0.021778
0 0.805234 0.6904 0.024334 0.016888
0 0.8324 0.701288 0.025334 0.019112
0 0.859566 0.709956 0.023666 0.020444
0 0.751566 0.6704 0.023666 0.021334
0 0.752734 0.697066 0.025334 0.019556
0 0.780566 0.7084 0.025 0.022666
0 0.807734 0.718178 0.024 0.020888
0 0.834566 0.7284 0.024334 0.02
0 0.8874 0.721288 0.025334 0.02
0 0.862234 0.7384 0.025 0.022222
0 0.781734 0.734622 0.024666 0.02
0 0.754734 0.723734 0.025334 0.021334
0 0.940066 0.7144 0.024 0.022222
0 0.96875 0.723512 0.024034 0.021778
0 0.707766 0.926222 0.0292 0.0272
0 0.679366 0.946488 0.0292 0.026134
0 0.709366 0.960622 0.0284 0.027734
0 0.679966 0.982756 0.0288 0.0272
0 0.441284 0.982422 0.031234 0.033022
0 0.411684 0.967088 0.029366 0.0284
0 0.350334 0.975912 0.035734 0.030756
0 0.9162 0.731244 0.027666 0.019556
0 0.974034 0.753022 0.028 0.023112
0 0.89135 0.750066 0.026634 0.021644
0 0.8382 0.757466 0.027 0.022222
0 0.755534 0.753912 0.024334 0.024
0 0.783534 0.7648 0.027 0.023556
0 0.811866 0.776356 0.026334 0.023556
0 0.894184 0.778734 0.0263 0.025022
0 0.866034 0.768356 0.028666 0.024444
0 0.918534 0.760134 0.029666 0.024888
0 0.726534 0.688578 0.025666 0.023112
0 0.727534 0.715466 0.027 0.026222
0 0.728034 0.742578 0.028666 0.026222
0 0.729184 0.771688 0.0283 0.024
0 0.948366 0.770356 0.028666 0.026666
0 0.9797 0.781912 0.033334 0.024888
0 0.840866 0.785466 0.029 0.023112
0 0.81335 0.804734 0.0273 0.026088
0 0.758366 0.781244 0.028 0.023556
0 0.7862 0.794134 0.026334 0.023556
0 0.731534 0.801466 0.028334 0.025778
0 0.759366 0.811912 0.027334 0.024444
0 0.868866 0.797022 0.026334 0.024
0 0.9232 0.7908 0.027666 0.023112
0 0.8972 0.808356 0.028334 0.025334
0 0.952016 0.800066 0.029966 0.025644
0 0.841684 0.814512 0.028634 0.026978
0 0.927534 0.818134 0.029 0.028
0 0.982016 0.810956 0.028634 0.028756
0 0.732684 0.830066 0.028634 0.026088
0 0.761366 0.841022 0.028666 0.028444
0 0.788034 0.823022 0.028666 0.025334
0 0.816516 0.834288 0.0283 0.026534
0 0.872516 0.827178 0.029634 0.026534
0 0.734366 0.864134 0.030666 0.029334
0 0.763034 0.873912 0.033334 0.030222
0 0.790534 0.853466 0.028334 0.027556
0 0.846184 0.846734 0.030966 0.023866
0 0.819034 0.865466 0.029334 0.028444
0 0.875866 0.8588 0.029 0.025778
0 0.901366 0.839244 0.03 0.027556
0 0.931034 0.849688 0.028 0.030666
0 0.956534 0.831022 0.029 0.029778
0 0.406566 0.700044 0.028 0.024444
0 0.434066 0.6836 0.028334 0.024444
0 0.432566 0.711822 0.029334 0.019556
0 0.403234 0.728266 0.028 0.024
0 0.4004 0.756712 0.029 0.022222
0 0.371066 0.775822 0.027666 0.024888
0 0.341234 0.791822 0.029334 0.025778
0 0.310066 0.811822 0.027666 0.024888
0 0.337234 0.823822 0.029334 0.025778
0 0.3679 0.804934 0.029334 0.023556
0 0.306734 0.842712 0.031666 0.022666
0 0.4614 0.693378 0.027 0.023556
0 0.4879 0.6736 0.029334 0.024888
0 0.4589 0.720934 0.028 0.024444
0 0.4299 0.738266 0.030666 0.026222
0 0.5139 0.686934 0.028 0.023112
0 0.486234 0.703822 0.028666 0.024888
0 0.485066 0.731378 0.029666 0.024
0 0.4574 0.750266 0.029 0.023556
0 0.427066 0.767156 0.030334 0.024444
0 0.3979 0.786266 0.030666 0.025334
0 0.395566 0.820356 0.032 0.013156
0 0.425734 0.797378 0.029 0.023556
0 0.454734 0.778266 0.029666 0.025334
0 0.4839 0.759822 0.03 0.025778
0 0.5424 0.668266 0.027666 0.024
0 0.541234 0.697156 0.027334 0.022222
0 0.3654 0.835156 0.031666 0.026222
0 0.423066 0.827378 0.030334 0.024
0 0.452566 0.808488 0.03 0.025334
0 0.481234 0.790044 0.029334 0.024888
0 0.5134 0.713822 0.028334 0.023556
0 0.5679 0.6796 0.026666 0.026222
0 0.595734 0.663378 0.027 0.019556
0 0.5944 0.690488 0.027 0.024
0 0.5679 0.708044 0.026666 0.023556
0 0.5409 0.724266 0.03 0.023112
0 0.511066 0.741822 0.028334 0.026222
0 0.392566 0.846712 0.030666 0.026222
0 0.334066 0.856044 0.031 0.024444
0 0.3024 0.874488 0.031 0.027556
0 0.360066 0.865378 0.032334 0.026222
0 0.5104 0.771378 0.029 0.025778
0 0.538234 0.752044 0.027334 0.027112
0 0.566066 0.735156 0.028334 0.023556
0 0.2413 0.881244 0.0336 0.029334
0 0.2371 0.914844 0.034 0.032534
0 0.2323 0.949512 0.0372 0.0336
0 0.2703 0.895644 0.0308 0.0272
0 0.2655 0.927112 0.0332 0.028266
0 0.3305 0.886312 0.032 0.0288
0 0.2985 0.907112 0.032 0.0288
0 0.2951 0.940444 0.0324 0.029334
0 0.3269 0.919112 0.0344 0.026134
0 0.3591 0.899112 0.0324 0.026666
0 0.3541 0.932444 0.0328 0.0336
0 0.3905 0.877778 0.032 0.032
0 0.3879 0.912444 0.0324 0.0288
0 0.5677 0.763912 0.0312 0.026134
0 0.5385 0.782578 0.0288 0.026134
0 0.5103 0.801778 0.0292 0.028266
0 0.4803 0.819912 0.03 0.0272
0 0.4507 0.838844 0.03 0.0256
0 0.4195 0.860444 0.03 0.022934
0 0.5653 0.794844 0.0296 0.024
0 0.5379 0.812712 0.0316 0.0288
0 0.5091 0.832444 0.0332 0.0256
0 0.4795 0.851378 0.0324 0.0272
0 0.4487 0.869244 0.0316 0.027734
0 0.4179 0.890578 0.0308 0.027734
0 0.5655 0.824444 0.0316 0.0256
0 0.4153 0.924444 0.0328 0.029334
0 0.4473 0.903644 0.0328 0.029334
0 0.4767 0.883912 0.0292 0.0272
0 0.5073 0.861244 0.0336 0.027734
0 0.5361 0.842578 0.028 0.0288
0 0.5625 0.854578 0.0296 0.028266
0 0.6205 0.673422 0.025334 0.023556
0 0.644834 0.656778 0.026666 0.023156
0 0.647666 0.683888 0.029 0.023066
0 0.672834 0.666534 0.026666 0.026666
0 0.6215 0.701 0.028 0.025378
0 0.594166 0.717644 0.027334 0.022222
0 0.673834 0.694134 0.026666 0.023112
0 0.699834 0.676334 0.028666 0.024044
0 0.700834 0.704112 0.027334 0.026266
0 0.6205 0.727866 0.0264 0.0208
0 0.5933 0.744666 0.028 0.0256
0 0.6483 0.710266 0.0284 0.025066
0 0.6737 0.7212 0.0272 0.0256
0 0.6207 0.758266 0.0284 0.026134
0 0.6475 0.738534 0.0276 0.025066
0 0.7011 0.731066 0.0284 0.026134
0 0.5925 0.7748 0.0264 0.025066
0 0.6203 0.785466 0.0276 0.026134
0 0.6481 0.767066 0.0288 0.0256
0 0.6757 0.7476 0.028 0.022934
0 0.7019 0.7596 0.0276 0.0256
0 0.5927 0.806 0.0276 0.0256
0 0.5929 0.8356 0.0304 0.026134
0 0.5923 0.866266 0.0308 0.0288
0 0.6209 0.8156 0.0288 0.024534
0 0.6211 0.846266 0.0292 0.028266
0 0.6477 0.796934 0.0272 0.0256
0 0.4292 0.442 0.024666 0.020888
0 0.404534 0.457334 0.026 0.019556
0 0.401866 0.479778 0.026666 0.017334
0 0.3752 0.492666 0.026666 0.019112
0 0.4277 0.466444 0.023 0.017334
0 0.454366 0.452444 0.025666 0.016888
0 0.5012 0.446666 0.025334 0.016
0 0.5492 0.442222 0.025334 0.017778
0 0.477034 0.460888 0.026334 0.016888
0 0.4517 0.473778 0.025 0.016888
0 0.426366 0.488444 0.025666 0.017778
0 0.399534 0.503112 0.024666 0.018666
0 0.3732 0.516222 0.026 0.020888
0 0.525534 0.455778 0.024666 0.018222
0 0.500034 0.469556 0.025666 0.016444
0 0.6212 0.422444 0.024666 0.018222
0 0.596866 0.436888 0.024 0.016888
0 0.573866 0.450666 0.024 0.020444
0 0.549366 0.464 0.025 0.018666
0 0.5247 0.478 0.025 0.018222
0 0.475034 0.483112 0.024334 0.017778
0 0.499366 0.492888 0.026334 0.019556
0 0.644866 0.432666 0.024 0.019112
0 0.6212 0.444888 0.026 0.019556
0 0.597534 0.459334 0.024 0.018222
0 0.573534 0.472 0.024 0.017778
0 0.5482 0.485556 0.026 0.019112
0 0.522866 0.501556 0.026 0.019112
0 0.4497 0.497778 0.025666 0.018666
0 0.473866 0.506444 0.026 0.019112
0 0.424366 0.512888 0.025 0.018666
0 0.397866 0.526222 0.027334 0.017778
0 0.345866 0.531334 0.026666 0.021778
0 0.3707 0.541334 0.027666 0.020444
0 0.342866 0.556666 0.028 0.02
0 0.447866 0.522 0.025334 0.018222
0 0.498866 0.515778 0.027334 0.019112
0 0.472534 0.529778 0.028 0.018666
0 0.421366 0.534666 0.025666 0.018666
0 0.446534 0.544222 0.029334 0.02
0 0.394866 0.549778 0.025334 0.022222
0 0.3677 0.566 0.027 0.02
0 0.6462 0.454888 0.024666 0.020888
0 0.621366 0.466444 0.027666 0.02
0 0.644534 0.477334 0.022666 0.019556
0 0.621866 0.490222 0.024666 0.019556
0 0.5977 0.481334 0.024334 0.020444
0 0.572866 0.495556 0.026666 0.021334
0 0.5472 0.509112 0.026666 0.02
0 0.596866 0.505556 0.026666 0.02
0 0.6452 0.499778 0.025334 0.019112
0 0.6212 0.514222 0.026666 0.022222
0 0.571866 0.519112 0.025334 0.021334
0 0.522366 0.525334 0.025666 0.022222
0 0.497034 0.538666 0.028334 0.020444
0 0.470366 0.554666 0.027666 0.021334
0 0.445534 0.569334 0.026666 0.019556
0 0.420366 0.560222 0.027666 0.019112
0 0.392866 0.575556 0.027334 0.020444
0 0.339534 0.580222 0.03 0.022666
0 0.3127 0.595112 0.029666 0.022222
0 0.521534 0.549334 0.026666 0.022222
0 0.547034 0.534444 0.026334 0.021778
0 0.6457 0.523778 0.026334 0.020888
0 0.3377 0.607334 0.027 0.021778
0 0.309034 0.622222 0.027666 0.023112
0 0.3657 0.590888 0.027666 0.020888
0 0.3627 0.616 0.030334 0.022222
0 0.3912 0.600666 0.029334 0.023556
0 0.4177 0.585556 0.027 0.021778
0 0.3337 0.633556 0.027666 0.02
0 0.3587 0.642 0.028334 0.020888
0 0.330366 0.658222 0.029666 0.023112
0 0.387866 0.626444 0.030666 0.023556
0 0.384366 0.653556 0.030334 0.026222
0 0.4692 0.579112 0.025334 0.019556
0 0.4962 0.563112 0.030666 0.021334
0 0.597034 0.529778 0.027666 0.019556
0 0.5722 0.543334 0.028 0.022666
0 0.545534 0.558222 0.026666 0.020444
0 0.519866 0.573334 0.028 0.022222
0 0.494534 0.588 0.028 0.021334
0 0.442534 0.595334 0.028 0.023556
0 0.414866 0.608444 0.029334 0.023112
0 0.6217 0.538 0.029 0.018222
0 0.5962 0.552444 0.027334 0.021334
0 0.6472 0.547556 0.026666 0.020444
0 0.622034 0.562222 0.029 0.023112
0 0.571034 0.568 0.027666 0.020444
0 0.622534 0.611556 0.026 0.020444
0 0.5192 0.598666 0.027334 0.021334
0 0.467534 0.603112 0.029334 0.021334
0 0.492534 0.613334 0.029334 0.022222
0 0.596534 0.578 0.028666 0.023556
0 0.645534 0.570888 0.027334 0.02
0 0.4127 0.635778 0.026334 0.021778
0 0.4407 0.62 0.031 0.018666
0 0.437866 0.647112 0.029334 0.024
0 0.4657 0.630444 0.029 0.021778
0 0.491366 0.639334 0.031 0.024444
0 0.622534 0.586444 0.028 0.022666
0 0.570866 0.591778 0.029334 0.022666
0 0.5452 0.606666 0.028666 0.023112
0 0.5182 0.623556 0.028666 0.023112
0 0.543034 0.635334 0.029 0.021778
0 0.569034 0.617112 0.027 0.022666
0 0.595034 0.602222 0.028334 0.021334
0 0.595866 0.627334 0.028 0.020888
0 0.5457 0.586666 0.027 0.021334
0 0.6462 0.596222 0.024666 0.019112
0 0.667066 0.4176 0.0224 0.019734
0 0.667866 0.441334 0.0224 0.016
0 0.714066 0.413334 0.0252 0.0176
0 0.691666 0.427466 0.0244 0.017066
0 0.761866 0.408266 0.0264 0.017066
0 0.784466 0.418934 0.022 0.017066
0 0.738066 0.4232 0.0228 0.017066
0 0.715466 0.437066 0.0248 0.0192
0 0.692266 0.449866 0.024 0.0192
0 0.669066 0.462934 0.0232 0.018666
0 0.739066 0.445066 0.024 0.018134
0 0.762466 0.431466 0.026 0.016534
0 0.853666 0.418934 0.0228 0.017066
0 0.899666 0.414666 0.022 0.017066
0 0.877866 0.4272 0.0272 0.0176
0 0.832666 0.4344 0.024 0.016
0 0.903466 0.4368 0.0248 0.0176
0 0.786466 0.4392 0.0244 0.018134
0 0.716066 0.457066 0.0252 0.019734
0 0.692866 0.470666 0.0244 0.018134
0 0.669666 0.485334 0.0228 0.0176
0 0.906266 0.4576 0.0248 0.0176
0 0.880666 0.449866 0.0224 0.017066
0 0.857266 0.4416 0.0228 0.018666
0 0.833066 0.455734 0.0232 0.018134
0 0.809466 0.447734 0.0256 0.016
0 0.786866 0.4608 0.0244 0.018666
0 0.811266 0.468534 0.0268 0.018134
0 0.764266 0.475466 0.024 0.018134
0 0.693666 0.516266 0.0244 0.018666
0 0.670066 0.532 0.0244 0.021334
0 0.789666 0.482134 0.026 0.018666
0 0.836466 0.476266 0.0244 0.018666
0 0.933866 0.487734 0.024 0.020266
0 0.886466 0.492534 0.0236 0.0192
0 0.694666 0.539734 0.0264 0.018666
0 0.670866 0.554134 0.026 0.021866
0 0.792666 0.529334 0.0248 0.018134
0 0.794066 0.553866 0.026 0.0192
0 0.938066 0.511734 0.0252 0.018134
0 0.912066 0.502134 0.0268 0.017066
0 0.861466 0.484266 0.024 0.0176
0 0.838466 0.5 0.0244 0.0192
0 0.765866 0.496534 0.024 0.018666
0 0.743266 0.510934 0.0252 0.018666
0 0.719066 0.524266 0.0248 0.019734
0 0.719866 0.549066 0.0248 0.020266
0 0.942666 0.534666 0.0256 0.020266
0 0.946266 0.5576 0.028 0.020266
0 0.948666 0.583734 0.0264 0.0192
0 0.915266 0.525866 0.0252 0.019734
0 0.888666 0.516 0.0248 0.020266
0 0.863266 0.509066 0.0252 0.020266
0 0.841666 0.523734 0.0252 0.019734
0 0.815866 0.5152 0.0248 0.018666
0 0.767266 0.519466 0.026 0.0176
0 0.866266 0.533066 0.0248 0.018134
0 0.918066 0.550134 0.0244 0.020266
0 0.744466 0.534934 0.026 0.019734
0 0.745466 0.5592 0.0248 0.021334
0 0.768866 0.544 0.0252 0.018666
0 0.818034 0.539288 0.025934 0.020978
0 0.721666 0.572534 0.0276 0.0224
0 0.696266 0.588 0.0256 0.021334
0 0.892266 0.5408 0.0264 0.0208
0 0.920866 0.5752 0.0244 0.021334
0 0.895266 0.5656 0.0268 0.017066
0 0.898866 0.589866 0.0268 0.019734
0 0.869066 0.556 0.0248 0.0192
0 0.845466 0.571112 0.024 0.023112
0 0.843866 0.547734 0.0264 0.0208
0 0.821066 0.5616 0.0264 0.0208
0 0.770666 0.5664 0.0272 0.024
0 0.848266 0.5968 0.024 0.019734
0 0.823466 0.587734 0.0296 0.021866
0 0.796066 0.576534 0.0252 0.021866
0 0.746466 0.582666 0.026 0.0192
0 0.697266 0.615734 0.026 0.021334
0 0.721866 0.598666 0.0256 0.023466
0 0.748466 0.609066 0.0276 0.024
0 0.772266 0.5928 0.0272 0.0224
0 0.798666 0.6032 0.0288 0.024
0 0.723866 0.2752 0.0216 0.017066
0 0.745666 0.264534 0.0212 0.018134
0 0.788266 0.258134 0.0208 0.017066
0 0.829866 0.254934 0.0224 0.018134
0 0.809466 0.2664 0.0216 0.015466
0 0.767466 0.271466 0.0224 0.016
0 0.852266 0.265066 0.02 0.017066
0 0.898066 0.2768 0.0204 0.014934
0 0.831866 0.274934 0.02 0.013334
0 0.854266 0.282666 0.0224 0.013866
0 0.705666 0.344266 0.0212 0.016534
0 0.683466 0.356266 0.0216 0.016
0 0.790866 0.296534 0.0196 0.016
0 0.769466 0.308266 0.0208 0.016
0 0.814134 0.304466 0.0188 0.0164
0 0.834316 0.294466 0.0215 0.017912
0 0.8774 0.288312 0.021534 0.015912
0 0.918734 0.264222 0.022734 0.016888
0 0.727034 0.3342 0.019266 0.017466
0 0.7497 0.322934 0.021534 0.019466
0 0.79375 0.316244 0.0227 0.0164
0 0.772584 0.329066 0.021166 0.019466
0 0.816634 0.3242 0.0208 0.015866
0 0.749334 0.341378 0.022334 0.015378
0 0.729934 0.353688 0.022666 0.015378
0 0.920466 0.283444 0.022266 0.0164
0 0.90025 0.296 0.021166 0.014844
0 0.9235 0.303956 0.021534 0.015378
0 0.856834 0.300622 0.0204 0.015912
0 0.836816 0.312934 0.022634 0.014844
0 0.685116 0.378534 0.0231 0.022044
0 0.70665 0.364978 0.0215 0.017422
0 0.70685 0.385734 0.019634 0.015912
0 0.729916 0.374712 0.0219 0.021512
0 0.753184 0.360622 0.0215 0.017956
0 0.752966 0.381378 0.021934 0.015378
0 0.772766 0.349334 0.021534 0.015912
0 0.795666 0.335756 0.021866 0.018444
0 0.880084 0.307022 0.022366 0.017422
0 0.775684 0.368556 0.0227 0.018444
0 0.79665 0.356 0.021566 0.014844
0 0.797984 0.375734 0.0211 0.017422
0 0.818384 0.344444 0.020366 0.019466
0 0.8197 0.3642 0.0208 0.014888
0 0.839334 0.331622 0.020734 0.014356
0 0.842184 0.351622 0.024234 0.018444
0 0.842584 0.371112 0.022634 0.015378
0 0.859734 0.319066 0.021534 0.017956
0 0.862016 0.339066 0.021566 0.013866
0 0.863734 0.359312 0.021134 0.0164
0 0.977866 0.530644 0.0244 0.019688
0 0.981466 0.554934 0.026 0.021334
0 0.985866 0.580266 0.0228 0.019734
0 0.547616 0.3306 0.022566 0.015334
0 0.5709 0.318444 0.023066 0.016622
0 0.54785 0.350444 0.023034 0.016622
0 0.592984 0.306288 0.0221 0.015334
0 0.616034 0.296044 0.024 0.015378
0 0.64075 0.281 0.025434 0.019866
0 0.6393 0.3034 0.0216 0.014712
0 0.593 0.327734 0.020334 0.013778
0 0.616166 0.315288 0.021334 0.012888
0 0.570334 0.339734 0.020334 0.014666
0 0.660166 0.309734 0.02 0.014222
0 0.638166 0.323512 0.022666 0.013334
0 0.616166 0.333956 0.021334 0.016444
0 0.593834 0.347066 0.022 0.014222
0 0.571 0.3584 0.023666 0.014666
0 0.524166 0.361288 0.023334 0.015112
0 0.268666 0.701422 0.0272 0.0224
0 0.295666 0.713422 0.026 0.021866
0 0.265066 0.729956 0.0296 0.022934
0 0.325466 0.694756 0.028 0.022934
0 0.322866 0.723022 0.0268 0.019734
0 0.305066 0.646756 0.0272 0.019734
0 0.260066 0.760088 0.0276 0.020266
0 0.291666 0.742488 0.0284 0.0192
0 0.380066 0.688088 0.0276 0.021334
0 0.351466 0.706756 0.0272 0.018134
0 0.376066 0.718222 0.0268 0.0208
0 0.348066 0.735288 0.0268 0.021866
0 0.288734 0.771112 0.028334 0.021778
0 0.2569 0.788222 0.029334 0.024
0 0.283066 0.801112 0.029 0.021334
0 0.318066 0.752 0.026334 0.02
0 0.3134 0.780888 0.026334 0.020888
0 0.2509 0.818222 0.03 0.025334
0 0.279066 0.831334 0.027666 0.024888
0 0.247234 0.849778 0.030666 0.026222
0 0.273734 0.863334 0.028334 0.021334
0 0.374234 0.746222 0.025334 0.020888
0 0.3459 0.762666 0.028666 0.02
0 0.649366 0.933688 0.0276 0.028266
0 0.620766 0.880356 0.0264 0.026134
0 0.649566 0.891556 0.0272 0.0272
0 0.620166 0.955022 0.0284 0.025066
0 0.590366 0.943022 0.0296 0.026666
0 0.650366 0.969688 0.0288 0.0256
0 0.560766 0.965422 0.0288 0.0256
0 0.531366 0.952088 0.0292 0.027734
0 0.590966 0.977688 0.0284 0.027734
0 0.504966 0.896088 0.0284 0.024534
0 0.533966 0.874488 0.028 0.022934
0 0.534166 0.906488 0.0292 0.022934
0 0.563166 0.885956 0.0272 0.023466
0 0.471166 0.959288 0.0288 0.028266
0 0.501366 0.974222 0.0284 0.0272
0 0.592166 0.899822 0.03 0.027734
0 0.474166 0.915822 0.03 0.026666
0 0.944366 0.744134 0.025334 0.024
0 0.808866 0.746356 0.024334 0.021334
0 0.6485 0.8268 0.028 0.027734
0 0.6487 0.857466 0.0292 0.0272
0 0.6751 0.777734 0.0276 0.027734
0 0.6759 0.8084 0.0284 0.026134
0 0.6771 0.837466 0.0284 0.027734
0 0.6773 0.870534 0.0296 0.0288
0 0.7039 0.7908 0.0284 0.0272
0 0.7043 0.8196 0.0284 0.026134
0 0.7055 0.849466 0.0292 0.029334
0 0.7069 0.883334 0.0304 0.030934
0 0.807266 0.4256 0.0244 0.0176
0 0.763266 0.452534 0.0244 0.018134
0 0.740066 0.466666 0.0244 0.0176
0 0.716834 0.479556 0.024334 0.017778
0 0.693466 0.4936 0.0248 0.020266
0 0.669066 0.5072 0.024 0.0176
0 0.928666 0.445066 0.0256 0.014934
0 0.741666 0.488 0.026 0.0208
0 0.930466 0.466134 0.0252 0.018666
0 0.908866 0.479466 0.0252 0.018666
0 0.884066 0.471466 0.0236 0.0176
0 0.858866 0.4616 0.0244 0.017066
0 0.718666 0.5024 0.0256 0.021866
0 0.671266 0.58 0.0268 0.020266
0 0.671866 0.6056 0.0272 0.023466
0 0.646066 0.6208 0.0292 0.019734
0 0.695866 0.565066 0.0248 0.018134
0 0.814066 0.492 0.0244 0.0192
0 0.791066 0.506666 0.0256 0.0208
0 0.872466 0.249334 0.0228 0.0144
0 0.875066 0.2704 0.0208 0.014934
0 0.726066 0.294934 0.0204 0.013866
0 0.746266 0.2816 0.0216 0.013866
0 0.789466 0.277066 0.0224 0.015466
0 0.768666 0.290934 0.0224 0.0144
0 0.896066 0.2568 0.0156 0.018666
0 0.682866 0.3376 0.0204 0.017066
0 0.704666 0.326134 0.0216 0.0176
0 0.727066 0.312534 0.0232 0.014934
0 0.747466 0.300534 0.02 0.015466
0 0.812466 0.285866 0.0212 0.016
0 0.914866 0.245066 0.0212 0.0144
0 0.958466 0.242134 0.0228 0.014934
0 0.88315 0.326756 0.0231 0.015912
0 0.88605 0.346244 0.021966 0.014888
0 0.903734 0.315244 0.021934 0.015378
0 0.9072 0.333934 0.022734 0.016934
0 0.926984 0.3224 0.020766 0.015378
0 0.88645 0.366 0.019634 0.019466
0 0.909666 0.355734 0.021534 0.019466
0 0.929284 0.3424 0.021566 0.015378
0 0.9318 0.361134 0.0204 0.016934
0 0.989084 0.448288 0.021166 0.016934
0 0.9716 0.484688 0.0246 0.018978
0 0.9747 0.507512 0.026134 0.019466
0 0.9381 0.255334 0.019666 0.02
0 0.9611 0.262444 0.023666 0.017334
0 0.9396 0.275112 0.021334 0.016
0 0.979934 0.249556 0.022 0.02
0 0.9826 0.269334 0.022666 0.015112
0 0.961934 0.280666 0.020666 0.015556
0 0.943934 0.292666 0.022 0.017334
0 0.965934 0.298888 0.021334 0.018222
0 0.986934 0.288222 0.024666 0.016444
0 0.9466 0.311334 0.023334 0.015556
0 0.9696 0.319778 0.021334 0.017334
0 0.949934 0.330888 0.022 0.017334
0 0.952766 0.352 0.019666 0.016
0 0.973434 0.339778 0.023 0.016444
0 0.9766 0.358222 0.02 0.015112
