0 0.613636 0.125213 0.022020 0.033251
0 0.640800 0.128879 0.019815 0.034709
0 0.669798 0.136457 0.019832 0.036188
0 0.598577 0.146738 0.024226 0.038139
0 0.627761 0.151614 0.022391 0.035202
0 0.654739 0.154798 0.020556 0.034709
0 0.554714 0.164327 0.025320 0.039103
0 0.490278 0.205908 0.028636 0.039305
0 0.457239 0.252848 0.025118 0.036951
0 0.473535 0.229081 0.024242 0.036368
0 0.538906 0.187623 0.024714 0.037354
0 0.522980 0.210022 0.025488 0.037354
0 0.554461 0.215460 0.024209 0.039395
0 0.538274 0.236670 0.020387 0.033610
0 0.506785 0.233969 0.022189 0.034978
0 0.491237 0.255863 0.020152 0.035314
0 0.523232 0.259092 0.020404 0.034283
0 0.553822 0.261457 0.022424 0.034978
0 0.474663 0.280471 0.023199 0.035650
0 0.506027 0.283352 0.023704 0.035987
0 0.539167 0.284720 0.021667 0.033969
0 0.456574 0.305090 0.028805 0.036009
0 0.490345 0.306626 0.023451 0.033610
0 0.521187 0.309159 0.022946 0.034641
0 0.552037 0.311368 0.020404 0.036323
0 0.441397 0.329025 0.021414 0.038363
0 0.473906 0.331570 0.023704 0.036682
0 0.505901 0.331581 0.019882 0.035314
0 0.536869 0.334462 0.022694 0.032242
0 0.583897 0.168778 0.022946 0.038363
0 0.613089 0.174215 0.021667 0.035650
0 0.641128 0.178285 0.020135 0.034283
0 0.665901 0.230247 0.021734 0.039058
0 0.598687 0.195426 0.020909 0.033946
0 0.582761 0.217836 0.023199 0.040067
0 0.612963 0.221054 0.019899 0.035650
0 0.626726 0.200348 0.019882 0.036345
0 0.653620 0.203576 0.016566 0.036659
0 0.694285 0.140942 0.019882 0.036323
0 0.719646 0.144327 0.020135 0.035650
0 0.706515 0.166233 0.020909 0.034619
0 0.693005 0.185874 0.021397 0.033184
0 0.744756 0.149596 0.020387 0.033946
0 0.730480 0.169966 0.020387 0.034641
0 0.717357 0.190673 0.019125 0.031256
0 0.705244 0.210022 0.019377 0.029193
0 0.691094 0.231413 0.020135 0.032601
0 0.667896 0.181334 0.020640 0.037691
0 0.639091 0.224462 0.020640 0.034978
0 0.624941 0.248217 0.019377 0.034283
0 0.596524 0.244664 0.020657 0.033274
0 0.581734 0.265706 0.023704 0.038722
0 0.652862 0.248217 0.019630 0.033610
0 0.637567 0.271827 0.021162 0.035987
0 0.664832 0.273857 0.019630 0.033946
0 0.610412 0.268083 0.021936 0.032578
0 0.594992 0.292018 0.020152 0.034305
0 0.579453 0.311906 0.021700 0.035381
0 0.624941 0.292702 0.019377 0.032265
0 0.609015 0.315785 0.017593 0.030897
0 0.594352 0.337859 0.020387 0.033610
0 0.621633 0.338543 0.018855 0.035650
0 0.636288 0.317646 0.017088 0.033946
0 0.650311 0.296424 0.018603 0.032937
0 0.664327 0.318845 0.020135 0.034283
0 0.649672 0.341413 0.018367 0.033946
0 0.755387 0.173240 0.017205 0.034552
0 0.742778 0.194070 0.017710 0.034865
0 0.729444 0.212623 0.018653 0.031973
0 0.715993 0.234899 0.017946 0.030022
0 0.703022 0.255404 0.016717 0.030359
0 0.689689 0.275101 0.019646 0.033565
0 0.766650 0.197937 0.019394 0.031659
0 0.752955 0.217635 0.017694 0.030336
0 0.740715 0.237646 0.018434 0.030987
0 0.726902 0.258150 0.016970 0.031951
0 0.714293 0.279462 0.017946 0.029372
0 0.700842 0.298991 0.017205 0.030359
0 0.687862 0.320146 0.016970 0.032623
0 0.764840 0.240561 0.018670 0.032287
0 0.750539 0.259922 0.017205 0.032937
0 0.737811 0.280426 0.017946 0.028744
0 0.726296 0.299966 0.015758 0.031009
0 0.712601 0.320942 0.015034 0.032287
0 0.763266 0.282197 0.018418 0.032287
0 0.750530 0.302220 0.017694 0.033587
0 0.736473 0.324664 0.017694 0.027444
0 0.788350 0.201323 0.018182 0.033901
0 0.798056 0.223599 0.018670 0.031323
0 0.786776 0.244103 0.018434 0.033587
0 0.807744 0.246200 0.016734 0.031323
0 0.795749 0.266872 0.018906 0.031951
0 0.784234 0.285605 0.019141 0.033901
0 0.830412 0.246861 0.018434 0.033901
0 0.817929 0.268643 0.017205 0.029709
0 0.805076 0.287209 0.017694 0.031951
0 0.794655 0.306267 0.016246 0.031323
0 0.781928 0.326760 0.017458 0.032937
0 0.761684 0.325157 0.018182 0.032287
0 0.748965 0.344361 0.017458 0.031951
0 0.724470 0.343386 0.017458 0.030673
0 0.700236 0.341939 0.018418 0.029709
0 0.686532 0.361794 0.020606 0.031300
0 0.839630 0.270583 0.014545 0.028430
0 0.827146 0.289473 0.016246 0.029395
0 0.816355 0.308206 0.016010 0.030673
0 0.804226 0.328217 0.016970 0.028094
0 0.792475 0.347904 0.015758 0.030022
0 0.780724 0.366794 0.014545 0.029058
0 0.849806 0.291895 0.018906 0.030336
0 0.837567 0.309484 0.016717 0.029372
0 0.826170 0.328857 0.014798 0.029372
0 0.814537 0.348879 0.016246 0.026816
0 0.457584 0.355269 0.023519 0.033274
0 0.440623 0.378677 0.025455 0.038117
0 0.490320 0.357197 0.024007 0.037130
0 0.472618 0.380930 0.024966 0.036166
0 0.457222 0.405639 0.021818 0.034552
0 0.440379 0.429686 0.025943 0.040045
0 0.422559 0.456166 0.027643 0.039372
0 0.406675 0.482803 0.027391 0.039058
0 0.521221 0.357365 0.023754 0.036166
0 0.735556 0.365863 0.017071 0.031592
0 0.758594 0.366749 0.017290 0.030628
0 0.847088 0.329877 0.014781 0.028857
0 0.835614 0.349731 0.016313 0.027848
0 0.855118 0.351267 0.016566 0.030202
0 0.802475 0.368240 0.014781 0.026839
0 0.823502 0.368924 0.014545 0.025471
0 0.845051 0.369596 0.014276 0.028161
0 0.746254 0.385549 0.017088 0.028184
0 0.723190 0.385213 0.016818 0.028857
0 0.697694 0.385045 0.018350 0.029193
0 0.684444 0.407455 0.020404 0.032578
0 0.661120 0.406267 0.019108 0.032937
0 0.853586 0.389462 0.015051 0.029193
0 0.834082 0.388274 0.016313 0.030224
0 0.813182 0.388442 0.017340 0.030561
0 0.790497 0.388610 0.015808 0.030897
0 0.779529 0.408128 0.019360 0.030561
0 0.756456 0.407455 0.017593 0.029888
0 0.732870 0.407455 0.016313 0.030561
0 0.708535 0.408643 0.015556 0.032937
0 0.697441 0.426289 0.017340 0.028857
0 0.579503 0.452769 0.024865 0.032534
0 0.660126 0.449092 0.019545 0.032534
0 0.646540 0.471312 0.018704 0.032265
0 0.619655 0.471592 0.018906 0.030538
0 0.592677 0.474137 0.018485 0.032265
0 0.577702 0.497063 0.023788 0.035650
0 0.604891 0.495504 0.019108 0.034238
0 0.633468 0.492948 0.020606 0.033117
0 0.659276 0.491536 0.017407 0.033655
0 0.591153 0.519260 0.020690 0.031973
0 0.683384 0.449092 0.020168 0.034238
0 0.720774 0.426614 0.017205 0.031121
0 0.743645 0.425706 0.016919 0.029305
0 0.754444 0.448531 0.019125 0.032534
0 0.732247 0.447691 0.017626 0.030269
0 0.708350 0.448823 0.017845 0.029709
0 0.696237 0.468475 0.020825 0.027175
0 0.682340 0.490830 0.020202 0.033946
0 0.719714 0.468901 0.015926 0.031390
0 0.707180 0.489552 0.017626 0.031973
0 0.694545 0.511491 0.017845 0.030561
0 0.645042 0.514170 0.016145 0.030852
0 0.619226 0.515863 0.019327 0.034238
0 0.603830 0.540202 0.018266 0.031390
0 0.576641 0.541188 0.022946 0.032242
0 0.550076 0.498890 0.022946 0.033655
0 0.534571 0.522522 0.021667 0.031682
0 0.549343 0.543453 0.024007 0.031121
0 0.517685 0.548262 0.022744 0.032265
0 0.631103 0.537130 0.019276 0.027534
0 0.658527 0.535392 0.021027 0.031413
0 0.742761 0.469047 0.017003 0.031682
0 0.730547 0.488274 0.016347 0.031121
0 0.717584 0.509226 0.015943 0.030561
0 0.704731 0.531289 0.019125 0.030561
0 0.680833 0.533554 0.020185 0.033386
0 0.801709 0.407511 0.015943 0.030852
0 0.839419 0.485168 0.017828 0.029978
0 0.818712 0.485874 0.016785 0.026323
0 0.797988 0.487567 0.017424 0.028004
0 0.848232 0.504126 0.016364 0.024350
0 0.828056 0.504552 0.017626 0.028027
0 0.807340 0.504271 0.016566 0.030830
0 0.785774 0.506536 0.017205 0.029709
0 0.772820 0.526188 0.018906 0.035650
0 0.754226 0.489832 0.019966 0.037063
0 0.741279 0.509361 0.017845 0.029709
0 0.729377 0.530437 0.017845 0.029439
0 0.750934 0.527612 0.017626 0.032803
0 0.797037 0.525482 0.015926 0.028004
0 0.439436 0.578016 0.022980 0.037601
0 0.422281 0.602623 0.027054 0.035650
0 0.405109 0.628957 0.029377 0.037197
0 0.471439 0.575112 0.024731 0.033318
0 0.455724 0.600482 0.021818 0.036031
0 0.403510 0.679327 0.029680 0.043408
0 0.455143 0.645628 0.024731 0.036413
0 0.437980 0.673128 0.023569 0.034103
0 0.421835 0.700639 0.029663 0.037960
0 0.534419 0.569686 0.022677 0.033318
0 0.517694 0.593128 0.023569 0.035269
0 0.518561 0.637881 0.022407 0.037197
0 0.502559 0.663834 0.025892 0.034888
0 0.468965 0.716132 0.026751 0.034103
0 0.453981 0.741906 0.023552 0.034484
0 0.436675 0.770381 0.028502 0.041076
0 0.590438 0.562186 0.020943 0.030695
0 0.576128 0.585437 0.020943 0.039978
0 0.547685 0.635650 0.024091 0.035336
0 0.531439 0.659126 0.022340 0.033004
0 0.516439 0.685157 0.025135 0.037668
0 0.500202 0.711895 0.026195 0.037197
0 0.483973 0.736065 0.023030 0.034417
0 0.469832 0.762332 0.024074 0.036726
0 0.452904 0.790000 0.027222 0.035336
0 0.434924 0.815796 0.025471 0.034865
0 0.617845 0.558700 0.021987 0.035785
0 0.603527 0.583800 0.021296 0.033924
0 0.589394 0.606357 0.023737 0.032534
0 0.575084 0.630067 0.021650 0.039058
0 0.546456 0.679339 0.024428 0.037197
0 0.531094 0.705381 0.023030 0.036278
0 0.500202 0.756760 0.025488 0.033924
0 0.485185 0.783722 0.022694 0.037668
0 0.468434 0.809529 0.024781 0.036278
0 0.645421 0.557769 0.020606 0.033924
0 0.631810 0.579619 0.021296 0.035785
0 0.618190 0.603105 0.021296 0.033475
0 0.602399 0.625908 0.020926 0.032758
0 0.588451 0.650594 0.018721 0.031278
0 0.615429 0.647164 0.022037 0.033251
0 0.602029 0.669899 0.020926 0.031771
0 0.586793 0.695078 0.021296 0.031278
0 0.573771 0.719283 0.023131 0.032735
0 0.546961 0.723924 0.024596 0.034215
0 0.530084 0.749350 0.021650 0.036188
0 0.515219 0.774036 0.023502 0.033722
0 0.680404 0.572859 0.019832 0.033251
0 0.655808 0.621020 0.022761 0.036659
0 0.641785 0.643845 0.022391 0.031771
0 0.627727 0.667455 0.020202 0.032758
0 0.614150 0.690684 0.020926 0.031278
0 0.599461 0.714148 0.025320 0.035202
0 0.586785 0.737769 0.019630 0.033969
0 0.572508 0.762209 0.022189 0.036659
0 0.716330 0.551390 0.016061 0.031614
0 0.704503 0.570202 0.017694 0.030987
0 0.740017 0.549540 0.019394 0.027108
0 0.691582 0.592657 0.019630 0.030202
0 0.679848 0.614899 0.019125 0.031906
0 0.728291 0.569742 0.018603 0.029215
0 0.715160 0.593330 0.018872 0.028857
0 0.703434 0.613027 0.017340 0.027489
0 0.690682 0.635269 0.019377 0.030538
0 0.676532 0.657175 0.019630 0.031570
0 0.676153 0.697399 0.019882 0.031928
0 0.806423 0.544114 0.017828 0.029529
0 0.794192 0.562960 0.014781 0.028520
0 0.782971 0.583498 0.016313 0.026816
0 0.771372 0.603352 0.018098 0.029215
0 0.748939 0.606401 0.018620 0.030561
0 0.737845 0.627971 0.018855 0.027511
0 0.725867 0.650381 0.018367 0.030224
0 0.712870 0.673632 0.016818 0.023094
0 0.781052 0.623049 0.018098 0.027175
0 0.770606 0.642231 0.018620 0.030202
0 0.748552 0.645291 0.018350 0.030897
0 0.735808 0.667186 0.017340 0.026480
0 0.846195 0.541390 0.014276 0.026816
0 0.835993 0.559383 0.015286 0.028184
0 0.825665 0.578744 0.017088 0.026143
0 0.813687 0.601143 0.017071 0.027489
0 0.802466 0.620325 0.018098 0.025807
0 0.791380 0.639854 0.015286 0.025448
0 0.780800 0.659036 0.017088 0.027848
0 0.769966 0.679742 0.017340 0.032578
0 0.746481 0.684832 0.021852 0.032578
0 0.856389 0.557859 0.020387 0.031233
0 0.844024 0.578733 0.015556 0.024103
0 0.834335 0.597410 0.015034 0.027511
0 0.823754 0.617612 0.017845 0.024462
0 0.812921 0.638487 0.015034 0.024103
0 0.801961 0.658868 0.015539 0.024103
0 0.638687 0.769720 0.020909 0.030561
0 0.767803 0.717769 0.018098 0.034641
0 0.735547 0.708946 0.016313 0.027848
0 0.722424 0.731357 0.015556 0.031906
0 0.710572 0.752747 0.018855 0.029888
0 0.698721 0.775146 0.016566 0.029888
0 0.746389 0.723038 0.016582 0.032937
0 0.734537 0.748330 0.015808 0.029215
0 0.686608 0.799260 0.017323 0.028520
0 0.673864 0.821323 0.018872 0.031928
0 0.722677 0.769036 0.016566 0.029193
0 0.708157 0.792298 0.017593 0.027511
0 0.698721 0.815717 0.018620 0.025471
0 0.686481 0.837444 0.018114 0.026143
0 0.843005 0.650897 0.015034 0.028520
0 0.850783 0.666513 0.015808 0.030561
0 0.822862 0.655303 0.015051 0.026480
0 0.810497 0.675000 0.016313 0.023767
0 0.828215 0.779910 0.015556 0.028520
0 0.798266 0.770740 0.015286 0.024439
0 0.786919 0.791446 0.020135 0.025135
0 0.775833 0.813173 0.015303 0.023072
0 0.764874 0.833722 0.019377 0.030224
0 0.808081 0.786020 0.016061 0.026480
0 0.796481 0.807231 0.014781 0.023430
0 0.786667 0.828621 0.017071 0.024776
0 0.774049 0.850359 0.016313 0.025471
0 0.761810 0.874966 0.017323 0.029888
0 0.817130 0.802825 0.015303 0.027489
0 0.806423 0.823700 0.016313 0.028520
0 0.733258 0.787534 0.016818 0.026816
0 0.498476 0.891783 0.023956 0.033610
0 0.544360 0.856794 0.024983 0.035650
0 0.528939 0.883285 0.022189 0.034955
0 0.513645 0.912309 0.025741 0.036682
0 0.570892 0.804989 0.021414 0.033610
0 0.598687 0.800415 0.021919 0.030561
0 0.585177 0.824518 0.022441 0.032578
0 0.570387 0.848621 0.022424 0.034641
0 0.638965 0.809238 0.020387 0.034619
0 0.625194 0.834529 0.022946 0.031570
0 0.636650 0.852186 0.019966 0.031951
0 0.623375 0.877365 0.022306 0.030291
0 0.596507 0.883879 0.019545 0.030852
0 0.583965 0.909765 0.022946 0.031682
0 0.570051 0.936637 0.022727 0.036771
0 0.611582 0.903117 0.020808 0.030269
0 0.597348 0.928722 0.017424 0.028296
0 0.581953 0.953184 0.017205 0.027444
0 0.623157 0.916984 0.019747 0.034238
0 0.608502 0.942590 0.016768 0.028857
0 0.597247 0.968890 0.022306 0.031682
0 0.649604 0.907791 0.020387 0.037915
0 0.635909 0.936783 0.020606 0.028004
0 0.622416 0.960549 0.024630 0.031951
0 0.647803 0.950785 0.024428 0.039058
0 0.743931 0.800830 0.020387 0.033946
0 0.731608 0.826581 0.016987 0.024910
0 0.743291 0.840729 0.020387 0.029978
0 0.730657 0.864922 0.015926 0.025762
0 0.719714 0.886278 0.016566 0.030000
0 0.707811 0.910605 0.017845 0.026592
0 0.693796 0.933666 0.019108 0.032534
0 0.741591 0.876951 0.019108 0.035650
0 0.730337 0.902971 0.018687 0.027735
0 0.718965 0.926031 0.019747 0.031973
0 0.505471 0.382399 0.021818 0.033901
0 0.489108 0.405482 0.020606 0.034865
0 0.471406 0.429697 0.021566 0.034865
0 0.457348 0.455998 0.024495 0.034552
0 0.440985 0.480863 0.023283 0.035179
0 0.424007 0.504271 0.024242 0.036166
0 0.407045 0.532209 0.028131 0.039709
0 0.552374 0.359473 0.022054 0.034552
0 0.536128 0.382881 0.023030 0.034865
0 0.520379 0.406760 0.022542 0.032937
0 0.504739 0.429854 0.021330 0.036480
0 0.487163 0.453913 0.022542 0.034865
0 0.472492 0.477321 0.024242 0.036480
0 0.456019 0.504596 0.023754 0.036143
0 0.441103 0.528643 0.025943 0.034552
0 0.422433 0.554641 0.025943 0.032915
0 0.551524 0.406289 0.024731 0.033251
0 0.536019 0.428722 0.019882 0.033587
0 0.519646 0.452780 0.021582 0.035202
0 0.505109 0.476827 0.022542 0.032937
0 0.487045 0.503946 0.020859 0.034215
0 0.472862 0.526065 0.021077 0.033251
0 0.455404 0.552063 0.024007 0.034215
0 0.550076 0.452287 0.023754 0.040045
0 0.535530 0.476188 0.022778 0.034215
0 0.519411 0.499910 0.023030 0.033901
0 0.503889 0.525908 0.024478 0.036794
0 0.580614 0.359462 0.023754 0.033901
0 0.608131 0.359305 0.021582 0.033587
0 0.593948 0.384013 0.023754 0.033901
0 0.579285 0.406278 0.024495 0.037130
0 0.636136 0.363823 0.020354 0.032937
0 0.621835 0.383688 0.019394 0.033251
0 0.661751 0.363150 0.021919 0.038363
0 0.647222 0.383688 0.018350 0.033251
0 0.633712 0.407276 0.017323 0.032937
0 0.606178 0.405247 0.016835 0.032915
0 0.592795 0.427993 0.020135 0.029529
0 0.710699 0.364339 0.017323 0.030561
0 0.606077 0.451368 0.020202 0.034798
0 0.620295 0.428307 0.018064 0.033386
0 0.646742 0.428016 0.018704 0.031682
0 0.633039 0.450796 0.018468 0.031413
0 0.788114 0.427735 0.018047 0.030538
0 0.775480 0.446973 0.019141 0.033946
0 0.822113 0.407780 0.013384 0.027444
0 0.842929 0.409058 0.015926 0.028296
0 0.862896 0.408632 0.017643 0.031973
0 0.811061 0.428307 0.014646 0.026031
0 0.799588 0.447534 0.015505 0.031121
0 0.831237 0.427029 0.016785 0.029126
0 0.851423 0.428722 0.015943 0.027444
0 0.860766 0.447253 0.016785 0.029978
0 0.840370 0.446267 0.017205 0.028587
0 0.819983 0.447119 0.014646 0.028587
0 0.808628 0.466502 0.016178 0.030000
0 0.787382 0.466502 0.015303 0.028296
0 0.775160 0.485874 0.016785 0.029148
0 0.829116 0.466637 0.017222 0.027444
0 0.850269 0.465930 0.016162 0.029439
0 0.858965 0.482769 0.016987 0.033117
0 0.817113 0.523789 0.016145 0.028565
0 0.837508 0.522511 0.015286 0.029417
0 0.857593 0.521670 0.017239 0.030561
0 0.487441 0.550314 0.024141 0.034888
0 0.404672 0.581312 0.030825 0.040291
0 0.439731 0.625090 0.025320 0.036413
0 0.422121 0.651626 0.025017 0.036031
0 0.503586 0.572399 0.024444 0.035650
0 0.487290 0.594473 0.023266 0.034865
0 0.472012 0.620628 0.022980 0.035247
0 0.502567 0.617152 0.024731 0.034484
0 0.486709 0.643487 0.026178 0.032937
0 0.471002 0.668868 0.025606 0.035628
0 0.453838 0.694047 0.026195 0.034865
0 0.436086 0.722724 0.026178 0.037960
0 0.549251 0.589439 0.022104 0.036413
0 0.531658 0.613464 0.022407 0.036435
0 0.485109 0.688632 0.024158 0.036413
0 0.516263 0.730953 0.024781 0.036256
0 0.573401 0.674305 0.023131 0.035695
0 0.657281 0.577500 0.022037 0.033744
0 0.641944 0.601065 0.021296 0.037152
0 0.629377 0.623700 0.022020 0.036188
0 0.498880 0.800684 0.023855 0.036166
0 0.483653 0.827814 0.022761 0.036659
0 0.452079 0.836861 0.024966 0.035202
0 0.468232 0.856424 0.023502 0.033251
0 0.544579 0.768666 0.019832 0.033744
0 0.528796 0.795067 0.020556 0.033722
0 0.514478 0.822444 0.022020 0.034709
0 0.498880 0.847859 0.021667 0.036659
0 0.484015 0.875235 0.024226 0.032758
0 0.544402 0.815112 0.025337 0.034709
0 0.528064 0.839305 0.024949 0.036188
0 0.692517 0.552567 0.021296 0.028857
0 0.654613 0.662601 0.020640 0.033632
0 0.641364 0.684507 0.019630 0.033274
0 0.627340 0.709283 0.022189 0.031256
0 0.784377 0.546659 0.015556 0.029193
0 0.773030 0.563464 0.016835 0.031592
0 0.751103 0.566009 0.017323 0.031256
0 0.737971 0.587904 0.018098 0.030202
0 0.725227 0.611334 0.019108 0.028184
0 0.714646 0.632724 0.017340 0.027511
0 0.701776 0.653599 0.017088 0.031233
0 0.690177 0.675000 0.016818 0.029193
0 0.701145 0.694002 0.017340 0.027825
0 0.652189 0.702321 0.017845 0.033610
0 0.826305 0.541738 0.014798 0.028857
0 0.814958 0.561760 0.015034 0.029529
0 0.804512 0.582635 0.017071 0.026480
0 0.792525 0.603016 0.015556 0.024462
0 0.790236 0.678901 0.015556 0.025471
0 0.779015 0.698924 0.015034 0.026143
0 0.724722 0.690774 0.017088 0.029529
0 0.712736 0.713195 0.017593 0.028184
0 0.688401 0.717096 0.017845 0.029888
0 0.639832 0.727612 0.016566 0.030561
0 0.613316 0.732197 0.019630 0.030897
0 0.600446 0.755796 0.020892 0.032578
0 0.627214 0.751558 0.017323 0.032937
0 0.613064 0.776682 0.020640 0.030224
0 0.652963 0.745101 0.021919 0.034955
0 0.676153 0.738139 0.019377 0.036682
0 0.699865 0.734058 0.017845 0.028520
0 0.687374 0.756480 0.021414 0.033274
0 0.675387 0.778206 0.021414 0.031928
0 0.854604 0.594025 0.016818 0.033610
0 0.843258 0.616256 0.014529 0.027175
0 0.832929 0.634417 0.014276 0.026816
0 0.853577 0.630852 0.019377 0.029193
0 0.800311 0.695706 0.016313 0.026480
0 0.832803 0.670751 0.015034 0.026839
0 0.819293 0.692309 0.015556 0.025785
0 0.840715 0.689417 0.017593 0.021390
0 0.840076 0.723543 0.016818 0.025785
0 0.829116 0.708946 0.016313 0.023094
0 0.810370 0.713700 0.015556 0.023094
0 0.789343 0.716749 0.015791 0.025112
0 0.819293 0.729148 0.016566 0.022063
0 0.828603 0.744933 0.014276 0.024439
0 0.799411 0.733049 0.015556 0.024439
0 0.808973 0.749854 0.013266 0.024103
0 0.777997 0.738318 0.016566 0.026143
0 0.766532 0.757321 0.019125 0.033610
0 0.745244 0.762422 0.019882 0.034978
0 0.788577 0.754955 0.016313 0.026143
0 0.777104 0.777186 0.016835 0.024462
0 0.764874 0.796704 0.016818 0.030224
0 0.817508 0.764114 0.012997 0.025448
0 0.720261 0.810460 0.019377 0.024462
0 0.708148 0.832522 0.016061 0.025135
0 0.673224 0.860191 0.016582 0.033610
0 0.697567 0.852556 0.015303 0.029193
0 0.684184 0.878363 0.017088 0.028520
0 0.673611 0.901962 0.018872 0.032937
0 0.650412 0.786020 0.016818 0.031233
0 0.451187 0.882948 0.022677 0.037018
0 0.466742 0.900942 0.024731 0.036996
0 0.483443 0.919103 0.023451 0.038700
0 0.512365 0.864439 0.021162 0.036682
0 0.542601 0.902601 0.023451 0.036682
0 0.527315 0.929092 0.022946 0.035314
0 0.542348 0.944865 0.024966 0.040404
0 0.585303 0.780213 0.020135 0.032937
0 0.625328 0.793957 0.017593 0.027825
0 0.612449 0.817388 0.019882 0.031233
0 0.598552 0.843363 0.019630 0.030224
0 0.584924 0.865930 0.019882 0.034641
0 0.571658 0.892590 0.022946 0.032937
0 0.611431 0.859989 0.020404 0.032265
0 0.651103 0.826872 0.021667 0.036211
0 0.650253 0.867601 0.021246 0.035650
0 0.637180 0.892937 0.021027 0.031973
0 0.720244 0.848363 0.018468 0.027713
0 0.708030 0.871278 0.018687 0.026592
0 0.695177 0.895628 0.019747 0.023767
0 0.684024 0.916121 0.020808 0.029148
0 0.672761 0.942578 0.021246 0.034529
