0 0.05989800000000001 0.950364 0.037204 0.055438
0 0.1752959999999999 0.96201 0.040844 0.051562
0 0.025679999999999925 0.62323 0.041578 0.065124
0 0.03514799999999996 0.525188 0.04739 0.059292
0 0.04060200000000003 0.418896 0.042296 0.062208
0 0.0675460000000001 0.86251 0.040844 0.056396
0 0.07774199999999998 0.773718 0.037954 0.05548
0 0.08357799999999993 0.678072 0.043782 0.06027
0 0.09339000000000008 0.58052 0.043032 0.06125
0 0.10176600000000002 0.4815 0.04375 0.06125
0 0.11159399999999997 0.37473 0.045938 0.063208
0 0.12251600000000007 0.913468 0.038656 0.05348
0 0.132336 0.825146 0.03939 0.06125
0 0.1407099999999999 0.731958 0.041578 0.057376
0 0.15090599999999998 0.637792 0.043032 0.059292
0 0.16036800000000007 0.537802 0.043016 0.059312
0 0.17238200000000004 0.437334 0.045204 0.068042
0 0.18694600000000006 0.876594 0.036484 0.049604
0 0.1971400000000001 0.784854 0.040844 0.056416
0 0.20694600000000007 0.693646 0.042984 0.056458
0 0.21826600000000007 0.597032 0.043782 0.059312
0 0.22989799999999994 0.497042 0.042296 0.055416
0 0.24231200000000008 0.394114 0.043688 0.06323
0 0.6967099999999999 0.956542 0.038766 0.048874
0 0.650156 0.90626 0.038344 0.043812
0 0.8047660000000001 0.965844 0.035782 0.047104
0 0.759914 0.918052 0.037078 0.048312
0 0.713992 0.868052 0.03961 0.046062
0 0.86714 0.92873 0.0375 0.049416
0 0.82375 0.881532 0.04 0.050562
0 0.77929 0.831552 0.036234 0.050562
0 0.7316800000000001 0.782396 0.038766 0.053376
0 0.973312 0.939124 0.0375 0.05
0 0.9299219999999999 0.891938 0.036656 0.04775
0 0.88818 0.842782 0.040828 0.053938
0 0.8429139999999999 0.793344 0.040454 0.049438
0 0.7969919999999999 0.742782 0.03961 0.052812
0 0.751906 0.691666 0.042126 0.053916
0 0.951406 0.80626 0.036656 0.049438
0 0.909688 0.756552 0.038344 0.05673
0 0.862922 0.703468 0.036656 0.049438
0 0.6665700000000001 0.82002 0.040078 0.051126
0 0.6891240000000001 0.738292 0.048032 0.064042
0 0.701352 0.637178 0.040454 0.050562
0 0.8167899999999999 0.650938 0.03961 0.051126
0 0.7696019999999999 0.595886 0.03961 0.05448
0 0.72157 0.540834 0.04214 0.051124
0 0.97289 0.714416 0.040876 0.053376
0 0.9286479999999999 0.663572 0.040016 0.048312
0 0.883148 0.611896 0.041704 0.055042
0 0.8368040000000001 0.557406 0.037484 0.051688
0 0.951398 0.570604 0.042546 0.05225
0 0.9749920000000001 0.47202 0.042546 0.056166
0 0.9044300000000001 0.51527 0.040454 0.053916
0 0.926758 0.41725 0.04214 0.05675
0 0.7902499999999999 0.50123 0.041282 0.057292
0 0.8566100000000001 0.460218 0.038344 0.055062
0 0.8797740000000001 0.356854 0.045078 0.056166
0 0.808368 0.40124 0.042984 0.056188
0 0.74011 0.442802 0.039594 0.055062
0 0.6887099999999999 0.38298 0.03961 0.0545
0 0.759914 0.341126 0.040454 0.056166
0 0.7782659999999999 0.235198 0.042468 0.068146
0 0.9054139999999999 0.24902 0.047016 0.062084
0 0.975946 0.204532 0.043484 0.063438
0 0.8513200000000001 0.189698 0.043984 0.063438
0 0.8007660000000001 0.12398 0.045 0.06275
0 0.748656 0.05927 0.046062 0.068124
0 0.9279219999999999 0.140822 0.0445 0.064104
0 0.8773439999999999 0.074166 0.046562 0.065416
0 0.9496640000000001 0.030156 0.043484 0.060312
0 0.619008 0.038364 0.044484 0.066812
0 0.06900799999999996 0.08399 0.049578 0.071938
0 0.12180400000000002 0.267458 0.044516 0.068042
0 0.1327100000000001 0.151948 0.044484 0.068062
0 0.14180400000000004 0.03523 0.049578 0.070458
0 0.18039000000000005 0.328646 0.043906 0.066042
0 0.19240600000000008 0.218448 0.043032 0.063188
0 0.20550800000000002 0.104376 0.04886 0.068042
0 0.27939 0.055844 0.048094 0.073854
0 0.266664 0.172334 0.04739 0.071916
0 0.253196 0.281532 0.04811 0.06902
0 0.29267200000000004 0.962428 0.037906 0.049438
0 0.4066399999999999 0.970864 0.039188 0.049438
0 0.35545399999999994 0.923958 0.038782 0.053376
0 0.30446799999999996 0.877052 0.03875 0.049438
0 0.31605400000000006 0.786604 0.038328 0.056166
0 0.3678760000000001 0.839406 0.039188 0.052812
0 0.41928199999999993 0.887114 0.038344 0.051604
0 0.4704600000000001 0.93575 0.036234 0.04775
0 0.583594 0.943928 0.0375 0.051604
0 0.5342960000000001 0.897834 0.038344 0.050542
0 0.4850000000000001 0.848678 0.039188 0.051104
0 0.43402399999999997 0.799802 0.04086 0.05448
0 0.38155399999999995 0.746438 0.041266 0.05675
0 0.8294299999999999 0.296188 0.041296 0.059542
0 0.9505619999999999 0.314448 0.041718 0.05673
0 0.6705939999999999 0.486062 0.042126 0.055042
0 0.63689 0.323718 0.042124 0.055062
0 0.601054 0.859438 0.040954 0.046584
0 0.55 0.81124 0.041968 0.052646
0 0.32831199999999994 0.695958 0.0415 0.055334
0 0.49943800000000005 0.75899 0.041968 0.053312
0 0.44812399999999997 0.70675 0.039438 0.054
0 0.39504000000000006 0.65349 0.041454 0.055354
0 0.3419460000000001 0.598886 0.038422 0.056688
0 0.6174919999999999 0.769416 0.040454 0.049916
0 0.568446 0.718208 0.040454 0.055334
0 0.516376 0.666302 0.039438 0.056688
0 0.4630399999999999 0.611698 0.037922 0.055354
0 0.41046000000000005 0.557084 0.040954 0.054
0 0.634938 0.678416 0.039938 0.058084
0 0.5838760000000001 0.627208 0.039938 0.058042
0 0.6543760000000001 0.583718 0.039376 0.053312
0 0.532046 0.57024 0.041468 0.060062
0 0.60232 0.527428 0.041454 0.056688
0 0.4804759999999999 0.512938 0.043484 0.056
0 0.3553440000000001 0.500802 0.038938 0.054688
0 0.4258759999999999 0.454968 0.043468 0.060062
0 0.371024 0.397322 0.040954 0.063438
0 0.548476 0.471136 0.040954 0.060062
0 0.6174919999999999 0.428 0.041454 0.054666
0 0.49463199999999996 0.411156 0.041454 0.060062
0 0.44029000000000007 0.349802 0.043984 0.06277
0 0.384922 0.287448 0.043468 0.063438
0 0.566422 0.368678 0.039438 0.061396
0 0.512578 0.304302 0.045 0.06477
0 0.4559599999999999 0.243968 0.043984 0.06277
0 0.582352 0.259812 0.042984 0.06075
0 0.65439 0.217678 0.042468 0.06277
0 0.5282579999999999 0.195416 0.043984 0.064166
0 0.40135999999999994 0.17925 0.045 0.065458
0 0.4718819999999999 0.132072 0.044484 0.064104
0 0.41474999999999995 0.064312 0.041468 0.062084
0 0.600554 0.151948 0.040954 0.059396
0 0.5441800000000001 0.084886 0.046516 0.064104
0 0.059539999999999926 0.197562 0.042296 0.073876
0 0.7057100000000001 0.278354 0.046016 0.061416
0 0.6738599999999999 0.106782 0.045 0.063438
0 0.727454 0.170822 0.045 0.06073
0 0.048249999999999904 0.311624 0.045938 0.067084
