0 0.583876 0.175416 0.113584 0.2025
0 0.547854 0.557028 0.106458 0.173056
0 0.35898 0.595556 0.094792 0.168778
0 0.475812 0.682084 0.099958 0.173944
0 0.405062 0.793278 0.098626 0.159222
0 0.29602 0.7115 0.089542 0.160112
0 0.238604 0.820112 0.087626 0.150556
0 0.09677 0.831362 0.075292 0.133278
0 0.142208 0.734862 0.079166 0.1445
0 0.19152 0.631028 0.084376 0.149722
0 0.246376 0.512916 0.08375 0.1575
0 0.049084 0.660028 0.07075 0.140166
0 0.092542 0.553138 0.079834 0.146278
0 0.14123 0.435472 0.081126 0.153166
0 0.305104 0.387 0.096042 0.168778
0 0.42452 0.468778 0.102542 0.173112
0 0.878208 0.358 0.132416 0.200778
0 0.633124 0.415584 0.115416 0.184388
0 0.826916 0.101862 0.125916 0.200722
0 0.724708 0.261084 0.1175 0.199056
0 0.445646 0.096222 0.105792 0.184334
0 0.499188 0.332028 0.102542 0.181722
0 0.374896 0.250722 0.103124 0.183444
0 0.198354 0.312194 0.087624 0.1645
0 0.256438 0.169806 0.088292 0.1705
0 0.19223 0.913138 0.079458 0.140834
0 0.345042 0.903778 0.091584 0.152
0 0.52727 0.885084 0.100958 0.1595
0 0.733354 0.865166 0.116792 0.169444
0 0.927876 0.603278 0.13175 0.194556
0 0.826938 0.745694 0.120708 0.178278
0 0.603666 0.772084 0.110334 0.167056
0 0.68448 0.644444 0.114874 0.178222
