0 0.957994 0.38280800000000004 0.051516 0.06178
0 0.925946 0.4337500000000001 0.04808 0.060446
0 0.889624 0.48534199999999994 0.049784 0.06452
0 0.855858 0.537636 0.049784 0.06315
0 0.961992 0.4761820000000001 0.05264 0.063802
0 0.929668 0.52678 0.054372 0.06315
0 0.731616 0.11623199999999989 0.05192 0.056712
0 0.805354 0.11289400000000005 0.051054 0.059828
0 0.769582 0.16213999999999995 0.048716 0.058596
0 0.73202 0.21205399999999996 0.049438 0.060616
0 0.772814 0.25801399999999997 0.050274 0.056712
0 0.73821 0.30787600000000004 0.05189 0.060616
0 0.87417 0.10352800000000006 0.053564 0.062602
0 0.842858 0.15535999999999994 0.050274 0.058664
0 0.808066 0.2075180000000001 0.047186 0.059418
0 0.945396 0.10029200000000005 0.051024 0.06113
0 0.912972 0.15036000000000005 0.050072 0.061678
0 0.881732 0.20015399999999994 0.051486 0.061678
0 0.846204 0.2519340000000001 0.047216 0.057706
0 0.812842 0.3006 0.05293 0.06113
0 0.776826 0.35351 0.048658 0.063938
0 0.951126 0.192928 0.051516 0.058664
0 0.917648 0.24359599999999992 0.04407 0.055
0 0.884184 0.2931839999999999 0.04808 0.06041
0 0.849856 0.344452 0.05036 0.061096
0 0.815238 0.3991100000000001 0.04635 0.06178
0 0.954574 0.2877400000000001 0.046926 0.06452
0 0.921386 0.3383400000000001 0.046926 0.05839
0 0.887908 0.388922 0.047504 0.059076
0 0.851848 0.438836 0.054344 0.063836
0 0.81694 0.49246600000000007 0.053218 0.070616
0 0.89505 0.5810960000000001 0.049206 0.06315
0 0.966002 0.5695380000000001 0.046926 0.057706
0 0.93254 0.6214900000000001 0.04863 0.0625
0 0.968586 0.666644 0.04407 0.05637
0 0.935974 0.7175860000000001 0.04863 0.060446
