0 0.088922 0.065854 0.036688 0.075834
0 0.174102 0.054782 0.048046 0.08398
0 0.267148 0.046636 0.047172 0.086312
0 0.228266 0.12177 0.041062 0.082834
0 0.191094 0.19049 0.042032 0.085146
0 0.158374 0.25573 0.039312 0.0805
0 0.110766 0.196896 0.034938 0.07
0 0.031266 0.196896 0.041938 0.074666
0 0.080188 0.25048 0.036688 0.077
0 0.050484 0.309896 0.034938 0.067666
0 0.024274 0.36348 0.036704 0.077
0 0.097656 0.369292 0.038438 0.074666
0 0.069704 0.424042 0.033188 0.074666
0 0.04175 0.468312 0.036688 0.07
0 0.019032 0.518406 0.034938 0.07002
0 0.373726 0.037906 0.048922 0.075812
0 0.326118 0.114198 0.051546 0.09798
0 0.284626 0.18526 0.043688 0.088646
0 0.243562 0.256312 0.041938 0.081666
0 0.207734 0.318052 0.038438 0.08398
0 0.173672 0.375708 0.041938 0.075834
0 0.889312 0.771416 0.050968 0.081708
0 0.971516 0.709928 0.055218 0.09302
0 0.675446 0.790822 0.043078 0.06877
0 0.738242 0.739864 0.04611 0.07523
0 0.808624 0.68 0.048532 0.080084
0 0.886274 0.615698 0.05339 0.087354
0 0.97 0.54451 0.055812 0.09223
0 0.667266 0.650886 0.04975 0.086562
0 0.732172 0.589406 0.050968 0.07848
0 0.80104 0.523072 0.055204 0.091396
0 0.882336 0.448656 0.05764 0.094646
0 0.65664 0.508916 0.046718 0.084126
0 0.724586 0.432874 0.05036 0.089
0 0.797094 0.359666 0.055812 0.097874
0 0.87718 0.272698 0.060672 0.100312
0 0.967882 0.176448 0.062484 0.108396
0 0.875054 0.084218 0.056422 0.10677
0 0.789812 0.182906 0.053374 0.098688
0 0.714578 0.270282 0.050968 0.08898
0 0.648454 0.352386 0.050968 0.09627
0 0.636016 0.18776 0.052782 0.100312
0 0.70639 0.097968 0.052782 0.098688
0 0.301476 0.735292 0.04489 0.080166
0 0.340312 0.694448 0.042468 0.079354
0 0.382774 0.643072 0.04489 0.086646
0 0.42525 0.592916 0.043688 0.081792
0 0.474696 0.535896 0.047922 0.084208
0 0.52839 0.47401 0.048532 0.09473
0 0.316648 0.84773 0.04489 0.072084
0 0.353656 0.807698 0.044906 0.06802
0 0.396726 0.76401 0.040046 0.08098
0 0.440718 0.715886 0.044282 0.076938
0 0.48804 0.665718 0.043078 0.083396
0 0.538094 0.613552 0.047312 0.089062
0 0.329688 0.95175 0.035438 0.06475
0 0.36971 0.915 0.038796 0.069708
0 0.465766 0.951782 0.037126 0.071396
0 0.265876 0.778688 0.034126 0.072458
0 0.214258 0.95423 0.032016 0.062916
0 0.246492 0.921084 0.032454 0.062916
0 0.891438 0.914188 0.051562 0.079292
0 0.97061 0.860792 0.052188 0.08575
0 0.68243 0.921468 0.04611 0.077646
0 0.745218 0.87698 0.044282 0.084124
0 0.814078 0.826416 0.04975 0.081708
0 0.232382 0.821094 0.03286 0.06627
0 0.201406 0.85676 0.035812 0.06573
0 0.172976 0.894968 0.033704 0.060104
0 0.143906 0.926428 0.0295 0.060104
0 0.120938 0.957042 0.03075 0.059542
0 0.035258 0.95701 0.032828 0.060188
0 0.058196 0.92551 0.03211 0.067062
0 0.082586 0.895906 0.032828 0.06998
0 0.107336 0.865282 0.029922 0.05923
0 0.129906 0.831792 0.03575 0.066
0 0.158656 0.796896 0.033562 0.07
0 0.188874 0.757532 0.032844 0.07473
0 0.219812 0.71826 0.033562 0.071938
0 0.252938 0.674584 0.03575 0.07
0 0.287532 0.623626 0.040844 0.076792
0 0.327954 0.571688 0.041532 0.07775
0 0.36761 0.521166 0.042312 0.081542
0 0.414204 0.459072 0.046656 0.08552
0 0.101148 0.637688 0.037922 0.068042
0 0.12954 0.592072 0.035016 0.066104
0 0.157204 0.547376 0.040844 0.071834
0 0.189242 0.495 0.03939 0.073876
0 0.223094 0.443062 0.038656 0.074834
0 0.260954 0.386708 0.041562 0.07475
0 0.299172 0.322218 0.040844 0.08552
0 0.340672 0.25474 0.04375 0.088438
0 0.023984 0.87651 0.027656 0.05448
0 0.043672 0.8425 0.032032 0.05625
0 0.06693 0.809948 0.03211 0.061146
0 0.090594 0.774084 0.031376 0.067084
0 0.117532 0.736198 0.029938 0.065104
0 0.145196 0.695448 0.037204 0.06902
0 0.172126 0.656572 0.03575 0.06502
0 0.206352 0.626532 0.034296 0.07098
0 0.23693 0.5615 0.04011 0.080666
0 0.276602 0.506114 0.03939 0.080562
0 0.31446 0.45326 0.042296 0.081646
0 0.357046 0.389146 0.045938 0.081542
0 0.39964 0.323178 0.046656 0.089396
0 0.45061 0.25426 0.048126 0.08552
0 0.516124 0.330458 0.051032 0.100084
0 0.46371 0.399874 0.045204 0.087458
0 0.140906 0.434532 0.039312 0.07698
0 0.117312 0.481708 0.035812 0.068834
0 0.085196 0.529532 0.037578 0.06427
0 0.061734 0.579678 0.031906 0.059396
0 0.035196 0.620792 0.03039 0.06075
0 0.01432 0.660572 0.02864 0.059396
0 0.02761 0.751916 0.037468 0.061416
0 0.052132 0.712812 0.032922 0.06275
0 0.074218 0.678812 0.034376 0.064708
0 0.51161 0.914302 0.040844 0.07377
0 0.560758 0.872552 0.043016 0.079604
0 0.408602 0.878386 0.04011 0.069896
0 0.451546 0.838094 0.043032 0.072812
0 0.500696 0.792958 0.043766 0.081542
0 0.552024 0.746844 0.044484 0.076688
0 0.502876 0.176062 0.051032 0.103874
0 0.385664 0.182864 0.045204 0.084438
0 0.436266 0.10423 0.043032 0.088334
