0 0.961384 0.3785799999999999 0.014572 0.026156
0 0.983916 0.39289799999999997 0.013042 0.022276
0 0.984522 0.4275439999999999 0.01336 0.022854
0 0.903962 0.037654000000000076 0.01448 0.026234
0 0.951088 0.029530000000000056 0.014198 0.02644
0 0.928826 0.054948 0.013206 0.025322
0 0.905418 0.08035999999999999 0.014298 0.025912
0 0.952596 0.07041199999999992 0.013934 0.026016
0 0.973952 0.04530199999999995 0.014026 0.025976
0 0.908788 0.140142 0.014298 0.026658
0 0.910142 0.18078400000000006 0.01511 0.026658
0 0.910378 0.2183219999999999 0.01622 0.025772
0 0.934914 0.23298200000000002 0.015236 0.024422
0 0.935714 0.27129800000000004 0.013378 0.023316
0 0.93296 0.15524399999999994 0.015738 0.025758
0 0.933834 0.19489 0.014664 0.026876
0 0.954126 0.13091999999999993 0.014954 0.026876
0 0.955778 0.16991 0.014472 0.025322
0 0.95688 0.20810400000000007 0.01511 0.026208
0 0.95735 0.24708200000000002 0.01479 0.024652
0 0.959322 0.28529000000000004 0.014326 0.02554
0 0.937604 0.31093799999999994 0.015264 0.023984
0 0.960656 0.32360600000000006 0.01479 0.025772
0 0.981904 0.2968440000000001 0.01448 0.023766
0 0.981352 0.2597499999999999 0.014326 0.02554
0 0.979072 0.22287999999999997 0.014172 0.024216
0 0.978192 0.184126 0.01429 0.025322
0 0.975688 0.14480800000000005 0.01307 0.025758
0 0.927368 0.014979999999999993 0.013934 0.025772
