0 0.963886 0.021187999999999985 0.026754 0.034376
0 0.970472 0.2126380000000001 0.026754 0.034376
0 0.973098 0.408212 0.026754 0.034376
0 0.973544 0.45621200000000006 0.026754 0.034376
0 0.974856 0.5066120000000001 0.026754 0.034376
0 0.9674 0.06801199999999996 0.026754 0.034376
0 0.967844 0.11781200000000003 0.026754 0.034376
0 0.968714 0.16461199999999998 0.026754 0.034376
0 0.970028 0.26181199999999993 0.026754 0.034376
0 0.970916 0.311612 0.026754 0.034376
0 0.97223 0.3590120000000001 0.026754 0.034376
