0 0.885292 0.10437399999999997 0.08025 0.056094
0 0.5697700000000001 0.035282000000000036 0.076708 0.052
0 0.34990600000000005 0.042804000000000064 0.078438 0.05061
0 0.187562 0.06467200000000006 0.08575 0.053406
0 0.13375000000000004 0.17961800000000006 0.091208 0.058828
0 0.3106880000000001 0.15635200000000005 0.091208 0.058828
0 0.537792 0.14335999999999993 0.089374 0.057468
0 0.711084 0.126938 0.089374 0.054718
0 0.07446799999999998 0.30274200000000007 0.089396 0.067046
0 0.265104 0.27948400000000007 0.083958 0.061562
0 0.49766599999999994 0.26717199999999997 0.096666 0.067032
0 0.686458 0.24460199999999999 0.091208 0.062922
0 0.8606659999999999 0.22065599999999996 0.096666 0.069782
0 0.8406039999999999 0.34789000000000003 0.100334 0.07525
0 0.648156 0.3752500000000001 0.102146 0.069782
0 0.46483399999999997 0.4046639999999999 0.096666 0.065672
0 0.2104060000000001 0.416296 0.09127 0.069782
0 0.1519999999999999 0.5688279999999999 0.105792 0.079218
0 0.41740599999999994 0.5510539999999999 0.10398 0.082078
0 0.618968 0.5230079999999999 0.102146 0.075234
0 0.8169059999999999 0.4936100000000001 0.100354 0.076594
0 0.7876780000000001 0.649516 0.107562 0.082156
0 0.5815840000000001 0.6830700000000001 0.114916 0.077984
