0 0.754404 0.756214 0.014550 0.021514
0 0.925943 0.347997 0.011690 0.021402
0 0.910157 0.358260 0.012080 0.021402
0 0.897996 0.370776 0.011918 0.021402
0 0.934447 0.364143 0.011820 0.021652
0 0.922909 0.375469 0.011257 0.020275
0 0.945450 0.380413 0.011484 0.021652
0 0.908066 0.386483 0.011257 0.021026
0 0.928759 0.390738 0.011257 0.021026
0 0.937319 0.406383 0.011257 0.021026
0 0.923776 0.417272 0.011257 0.021026
0 0.918034 0.402753 0.011257 0.021026
0 0.908391 0.428411 0.011257 0.021026
0 0.902167 0.413642 0.011918 0.021026
0 0.879686 0.380476 0.011918 0.021026
0 0.892660 0.397059 0.011430 0.021652
0 0.885531 0.424781 0.011430 0.021652
0 0.876853 0.408605 0.012275 0.021089
0 0.867113 0.392509 0.012275 0.021564
0 0.850753 0.403755 0.012275 0.021552
0 0.859854 0.420150 0.012275 0.021552
0 0.834935 0.414825 0.012275 0.022416
0 0.845878 0.432046 0.012275 0.022416
0 0.869821 0.436552 0.012275 0.022416
0 0.878814 0.451571 0.012275 0.022416
0 0.853678 0.447315 0.012275 0.022416
0 0.863862 0.463335 0.012275 0.022416
0 0.818792 0.426539 0.012275 0.022416
0 0.830493 0.443561 0.012275 0.022416
0 0.840677 0.460081 0.012275 0.022416
0 0.802324 0.438554 0.012275 0.022416
0 0.812882 0.454950 0.012373 0.022416
0 0.786284 0.450945 0.012698 0.022416
0 0.769171 0.462960 0.012709 0.022416
0 0.794415 0.466464 0.012709 0.022416
0 0.823017 0.470970 0.012709 0.022416
0 0.781371 0.478855 0.013012 0.022416
0 0.762454 0.490745 0.012709 0.022416
0 0.750428 0.474349 0.013337 0.022416
0 0.734502 0.487365 0.013337 0.022416
0 0.746528 0.503511 0.013337 0.022416
0 0.810070 0.484362 0.013662 0.022416
0 0.791165 0.495000 0.013337 0.022416
0 0.803624 0.510895 0.013337 0.022416
0 0.819767 0.499631 0.013337 0.022416
0 0.834177 0.487491 0.013337 0.022416
0 0.776647 0.507390 0.013337 0.022416
0 0.756928 0.519656 0.013337 0.022416
0 0.741869 0.532797 0.013337 0.022416
0 0.770905 0.535826 0.012687 0.021965
0 0.752107 0.548154 0.013012 0.022090
0 0.734177 0.560207 0.013337 0.022416
0 0.786560 0.523536 0.013012 0.022416
0 0.795715 0.538955 0.013337 0.021464
0 0.897941 0.441327 0.012243 0.021402
0 0.934561 0.434068 0.012459 0.020651
0 0.918202 0.444518 0.012676 0.020776
0 0.944372 0.449712 0.012579 0.021151
0 0.905309 0.455782 0.012459 0.020526
0 0.928900 0.460038 0.011322 0.020526
0 0.937757 0.475119 0.011701 0.021652
0 0.889821 0.467547 0.012665 0.021026
0 0.848434 0.475056 0.012687 0.021026
0 0.874323 0.478936 0.012243 0.020526
0 0.912681 0.471114 0.011798 0.020651
0 0.923564 0.486884 0.011701 0.020401
0 0.901847 0.483379 0.012882 0.020901
0 0.884458 0.494768 0.012145 0.019650
0 0.858781 0.490576 0.012340 0.022028
0 0.842741 0.502390 0.012026 0.020751
0 0.829420 0.514606 0.012037 0.020751
0 0.810785 0.526621 0.012037 0.020751
0 0.781425 0.551364 0.012037 0.021677
0 0.808510 0.554531 0.012037 0.021677
0 0.824870 0.542559 0.012037 0.020763
0 0.788792 0.566045 0.012037 0.021677
0 0.764740 0.564049 0.012904 0.021665
0 0.816744 0.568536 0.012037 0.020876
0 0.838629 0.530006 0.012037 0.021665
0 0.855314 0.517491 0.012037 0.021665
0 0.867774 0.505469 0.012037 0.021677
0 0.878824 0.520620 0.012037 0.021665
0 0.892199 0.509337 0.011484 0.020125
0 0.863115 0.533004 0.012037 0.021677
0 0.907319 0.498210 0.012037 0.021677
0 0.933012 0.501327 0.012026 0.021677
0 0.918169 0.512466 0.012026 0.021677
0 0.901701 0.523730 0.012026 0.021677
0 0.927920 0.527109 0.012026 0.021677
0 0.891625 0.536496 0.012026 0.021677
0 0.911712 0.538736 0.011896 0.020901
0 0.907985 0.564906 0.012026 0.021677
0 0.924886 0.553141 0.012026 0.021677
0 0.919361 0.579549 0.012026 0.021677
0 0.876176 0.547635 0.012373 0.021677
0 0.896506 0.550063 0.012037 0.020776
0 0.885016 0.562015 0.012026 0.020401
0 0.847530 0.544255 0.012026 0.021677
0 0.857931 0.559650 0.012026 0.021677
0 0.832037 0.556145 0.012026 0.021677
0 0.841571 0.571539 0.012026 0.021677
0 0.829334 0.584230 0.012037 0.020776
0 0.837346 0.598198 0.012026 0.021677
0 0.853597 0.586558 0.012026 0.021677
0 0.870715 0.574543 0.012026 0.021677
0 0.891408 0.575845 0.012026 0.021026
0 0.903532 0.591051 0.011788 0.020150
0 0.912199 0.604631 0.011788 0.018773
0 0.897692 0.617096 0.012026 0.021677
0 0.909285 0.631239 0.012026 0.021677
0 0.886425 0.602453 0.012026 0.021677
0 0.877313 0.588360 0.011571 0.020275
0 0.864973 0.601189 0.012026 0.021151
0 0.873142 0.614643 0.011896 0.020526
0 0.847746 0.613217 0.012026 0.021677
0 0.813841 0.596871 0.012037 0.021026
0 0.821853 0.610576 0.012026 0.020651
0 0.835509 0.625720 0.012037 0.020651
0 0.860856 0.627735 0.012026 0.021677
0 0.881105 0.627972 0.012481 0.020150
0 0.869523 0.641802 0.012026 0.020776
0 0.892389 0.642428 0.012037 0.020526
0 0.852947 0.652816 0.012026 0.020526
0 0.842763 0.639249 0.012026 0.021677
0 0.807226 0.623855 0.012026 0.021677
0 0.819252 0.638498 0.012026 0.021677
0 0.826403 0.651514 0.012026 0.021677
0 0.837606 0.665332 0.011896 0.020526
0 0.875645 0.653830 0.011809 0.019900
0 0.902134 0.656458 0.012351 0.020150
0 0.886983 0.668411 0.012102 0.019775
0 0.881658 0.693254 0.012351 0.019399
0 0.862319 0.666471 0.011593 0.020651
0 0.870661 0.679800 0.011809 0.019274
0 0.850022 0.680426 0.011701 0.020275
0 0.858960 0.693254 0.012459 0.019149
0 0.865406 0.704894 0.011918 0.018899
0 0.876999 0.718536 0.012784 0.020401
0 0.799653 0.649887 0.013001 0.020626
0 0.811354 0.663730 0.013001 0.020626
0 0.797703 0.677997 0.013001 0.020626
0 0.822839 0.678498 0.013001 0.020626
0 0.779718 0.689387 0.013001 0.020626
0 0.807129 0.690538 0.013001 0.021427
0 0.835081 0.692516 0.013001 0.020626
0 0.841365 0.705156 0.013001 0.020626
0 0.839848 0.731690 0.013001 0.020626
0 0.816013 0.704030 0.013001 0.020626
0 0.827714 0.718298 0.013001 0.020626
0 0.790769 0.703279 0.013001 0.020626
0 0.803337 0.718673 0.013001 0.020626
0 0.812329 0.730814 0.013001 0.020626
0 0.761403 0.861471 0.012622 0.020638
0 0.746127 0.875864 0.012622 0.020638
0 0.755986 0.822672 0.012622 0.020638
0 0.739410 0.836940 0.012622 0.020638
0 0.735590 0.863849 0.012893 0.020638
0 0.803879 0.846708 0.013651 0.019024
0 0.790173 0.861977 0.012893 0.020526
0 0.775330 0.875620 0.013976 0.021026
0 0.759350 0.889449 0.013434 0.020150
0 0.742286 0.902904 0.013759 0.020526
0 0.731723 0.890325 0.013434 0.021151
0 0.727281 0.917610 0.014301 0.020401
0 0.712774 0.903279 0.013196 0.020776
0 0.709621 0.931064 0.013196 0.020776
0 0.691961 0.944706 0.013196 0.020776
0 0.699328 0.919675 0.013196 0.020776
0 0.680152 0.932816 0.013196 0.020776
0 0.666609 0.949637 0.013196 0.021927
0 0.686111 0.906158 0.013196 0.020776
0 0.702638 0.892265 0.013510 0.020776
0 0.669377 0.920538 0.013294 0.021001
0 0.652216 0.935569 0.014095 0.020776
0 0.673976 0.893642 0.013196 0.020776
0 0.647557 0.962603 0.013879 0.020776
0 0.634285 0.950701 0.015287 0.022753
0 0.641056 0.924105 0.014745 0.021627
0 0.712151 0.771483 0.014550 0.021514
0 0.722876 0.783999 0.014550 0.021514
0 0.735661 0.797766 0.014550 0.021514
0 0.762459 0.797071 0.013326 0.020876
0 0.768218 0.771227 0.013792 0.020751
0 0.769572 0.743329 0.013684 0.021502
0 0.939810 0.336984 0.012557 0.022153
0 0.740753 0.771358 0.014550 0.021514
0 0.747037 0.782121 0.014550 0.021514
0 0.783478 0.757647 0.013976 0.020626
0 0.791712 0.769725 0.013109 0.020250
0 0.778397 0.783630 0.012676 0.020275
0 0.726560 0.756589 0.014550 0.021514
0 0.742904 0.743329 0.013651 0.021502
0 0.705758 0.730056 0.014550 0.021514
0 0.714642 0.742447 0.014550 0.021514
0 0.722226 0.716039 0.014550 0.021514
0 0.732627 0.729431 0.014550 0.021514
0 0.737719 0.703023 0.014550 0.021514
0 0.747145 0.715163 0.014550 0.021514
0 0.760455 0.729862 0.014085 0.021377
0 0.578229 0.683379 0.015395 0.023730
0 0.611165 0.684756 0.015395 0.022728
0 0.623624 0.700300 0.015395 0.022528
0 0.590688 0.698423 0.015395 0.022528
0 0.557752 0.697772 0.015395 0.023479
0 0.573137 0.713479 0.015395 0.023354
0 0.538787 0.712766 0.016251 0.024030
0 0.504556 0.711683 0.016262 0.024018
0 0.519074 0.726827 0.016262 0.024018
0 0.535103 0.743473 0.016251 0.024018
0 0.567606 0.742722 0.016251 0.024018
0 0.498705 0.742972 0.016262 0.024018
0 0.514518 0.757365 0.016251 0.024018
0 0.547676 0.757240 0.016262 0.024018
0 0.587107 0.728454 0.016251 0.024018
0 0.616148 0.727578 0.016262 0.024018
0 0.599242 0.742703 0.015601 0.022728
0 0.484095 0.726608 0.016251 0.024030
0 0.464908 0.742904 0.016880 0.025582
0 0.479588 0.758023 0.016988 0.024030
0 0.637064 0.714743 0.014930 0.023329
0 0.647736 0.728949 0.015688 0.022453
0 0.630563 0.742841 0.015363 0.022703
0 0.642059 0.756771 0.016251 0.024030
0 0.579789 0.927610 0.016262 0.024030
0 0.550683 0.931227 0.016251 0.024030
0 0.611598 0.924412 0.015157 0.022265
0 0.592579 0.939925 0.016251 0.024030
0 0.605504 0.951859 0.016251 0.022691
0 0.589697 0.969049 0.016251 0.022854
0 0.565493 0.944994 0.016251 0.024030
0 0.576273 0.955864 0.016251 0.024018
0 0.544540 0.959049 0.016251 0.024030
0 0.530867 0.946446 0.016251 0.024030
0 0.536387 0.918623 0.016262 0.024030
0 0.516945 0.933980 0.016251 0.024030
0 0.503770 0.920939 0.016251 0.024030
0 0.522459 0.905000 0.016251 0.024018
0 0.508039 0.891089 0.016251 0.024030
0 0.488472 0.907178 0.016251 0.024018
0 0.497421 0.847635 0.016251 0.024030
0 0.512026 0.861377 0.016251 0.024030
0 0.479664 0.864850 0.016251 0.024018
0 0.494561 0.878066 0.016251 0.024018
0 0.473646 0.894518 0.016847 0.024230
0 0.459187 0.880501 0.016251 0.024030
0 0.445791 0.867003 0.018061 0.025194
0 0.463554 0.849693 0.016251 0.025019
0 0.482736 0.833054 0.016977 0.024756
0 0.448954 0.835031 0.017151 0.024556
0 0.467730 0.818486 0.017086 0.024856
0 0.432774 0.820770 0.017010 0.024543
0 0.452259 0.803554 0.018061 0.025207
0 0.459485 0.773905 0.017757 0.025031
0 0.436755 0.788949 0.017757 0.025207
0 0.417037 0.805989 0.018364 0.024518
0 0.420726 0.773385 0.018808 0.025394
0 0.649805 0.364268 0.014951 0.024155
0 0.668927 0.352253 0.015493 0.024155
0 0.688700 0.340307 0.015385 0.025795
0 0.705114 0.328160 0.014626 0.024781
0 0.719020 0.347059 0.014312 0.024656
0 0.703147 0.358761 0.016154 0.023279
0 0.710482 0.376658 0.015330 0.023780
0 0.683375 0.370401 0.014529 0.024531
0 0.744150 0.192991 0.014735 0.025282
0 0.726815 0.204005 0.014735 0.025282
0 0.708505 0.215519 0.014735 0.026283
0 0.785211 0.139675 0.014735 0.025282
0 0.799296 0.129412 0.014735 0.025282
0 0.780986 0.170839 0.014735 0.025282
0 0.794637 0.160325 0.014735 0.025282
0 0.814030 0.149312 0.014735 0.025282
0 0.816956 0.119274 0.014735 0.025282
0 0.836891 0.108260 0.014735 0.025282
0 0.845450 0.128348 0.013543 0.024656
0 0.866360 0.117897 0.013434 0.023529
0 0.828223 0.138548 0.013434 0.023529
0 0.855146 0.097434 0.013759 0.023905
0 0.856176 0.147935 0.013218 0.024280
0 0.877302 0.136984 0.014301 0.022403
0 0.839057 0.158073 0.013434 0.023529
0 0.825135 0.168961 0.013543 0.024030
0 0.809317 0.179599 0.013109 0.023279
0 0.790195 0.190238 0.014085 0.024531
0 0.774215 0.201815 0.013976 0.024406
0 0.885265 0.156258 0.012893 0.022904
0 0.868418 0.166896 0.012784 0.023154
0 0.897562 0.175094 0.012784 0.022528
0 0.879577 0.185607 0.012784 0.023029
0 0.849892 0.177722 0.012134 0.023529
0 0.833673 0.188360 0.012091 0.023429
0 0.860618 0.196859 0.012568 0.022403
0 0.818472 0.198673 0.013868 0.023279
0 0.800000 0.209499 0.013109 0.024656
0 0.781636 0.220451 0.014085 0.024280
0 0.764626 0.232215 0.014518 0.023529
0 0.846371 0.206996 0.012893 0.022653
0 0.827627 0.218198 0.012459 0.023279
0 0.811647 0.228148 0.013001 0.024406
0 0.797075 0.239787 0.013759 0.023154
0 0.778873 0.250926 0.013109 0.023404
0 0.759913 0.262190 0.013543 0.024656
0 0.907151 0.193980 0.012243 0.021902
0 0.887703 0.204556 0.011268 0.021527
0 0.870802 0.215069 0.011701 0.022528
0 0.856826 0.225895 0.012568 0.023154
0 0.915926 0.212315 0.012893 0.022778
0 0.901625 0.222891 0.011809 0.021402
0 0.924540 0.230526 0.011484 0.021902
0 0.911701 0.240726 0.012243 0.021277
0 0.891441 0.250801 0.012026 0.021902
0 0.881094 0.233154 0.012568 0.022904
0 0.868797 0.243792 0.012676 0.021902
0 0.922048 0.258748 0.011484 0.021527
0 0.771062 0.358166 0.013109 0.023116
0 0.784605 0.375688 0.013109 0.023116
0 0.756771 0.370432 0.013434 0.023116
0 0.739512 0.382447 0.013369 0.023116
0 0.831192 0.370307 0.013109 0.023116
0 0.812048 0.381446 0.013478 0.023116
0 0.853575 0.375469 0.012459 0.021777
0 0.797172 0.393335 0.013109 0.023116
0 0.780163 0.405350 0.013109 0.023116
0 0.764886 0.416740 0.013109 0.023116
0 0.769632 0.388579 0.013283 0.023116
0 0.750726 0.399844 0.013391 0.023116
0 0.732936 0.411202 0.014085 0.023655
0 0.741928 0.224305 0.014301 0.024280
0 0.723673 0.235820 0.014193 0.024781
0 0.733965 0.255282 0.014410 0.025407
0 0.701950 0.246583 0.015168 0.025031
0 0.715655 0.266671 0.014843 0.025657
0 0.687053 0.258849 0.014843 0.024531
0 0.667985 0.270363 0.014843 0.026033
0 0.700867 0.278248 0.015385 0.025532
0 0.727627 0.285632 0.014301 0.024531
0 0.649512 0.282253 0.016035 0.025782
0 0.681040 0.290263 0.013868 0.025282
0 0.712134 0.297647 0.014301 0.024280
0 0.721506 0.315857 0.014843 0.025657
0 0.693824 0.309099 0.014085 0.024906
0 0.675948 0.321051 0.014951 0.025031
0 0.660888 0.301464 0.015168 0.025156
0 0.630119 0.294143 0.015168 0.025156
0 0.643337 0.314043 0.015168 0.025156
0 0.655905 0.333191 0.015168 0.025156
0 0.610293 0.306283 0.015168 0.025156
0 0.623619 0.326433 0.015168 0.025156
0 0.638245 0.345457 0.015168 0.025156
0 0.589112 0.318798 0.015710 0.025156
0 0.603359 0.338448 0.015710 0.025156
0 0.582909 0.351089 0.016197 0.025156
0 0.563787 0.363936 0.016522 0.025820
0 0.544133 0.376790 0.016826 0.026145
0 0.522308 0.389743 0.016706 0.026521
0 0.502600 0.403404 0.016706 0.026533
0 0.480444 0.416921 0.017443 0.026533
0 0.457259 0.430939 0.018093 0.026533
0 0.437053 0.444956 0.018093 0.026533
0 0.416495 0.460100 0.018581 0.026533
0 0.409101 0.493317 0.018635 0.026633
0 0.433532 0.479061 0.018527 0.026909
0 0.426327 0.512666 0.018852 0.026533
0 0.404171 0.527372 0.018310 0.026658
0 0.452004 0.464293 0.018202 0.027409
0 0.807855 0.410250 0.013218 0.022403
0 0.823348 0.398924 0.013651 0.022528
0 0.840412 0.387472 0.013109 0.023154
0 0.443440 0.646940 0.017497 0.025594
0 0.464447 0.631170 0.018169 0.025594
0 0.485033 0.616527 0.018169 0.025594
0 0.479735 0.647816 0.018169 0.025594
0 0.459908 0.663461 0.018169 0.025594
0 0.399561 0.677603 0.018169 0.025594
0 0.437806 0.678605 0.018169 0.025594
0 0.415488 0.693498 0.018169 0.025594
0 0.394426 0.710019 0.018516 0.025594
0 0.409637 0.725538 0.018169 0.025594
0 0.432389 0.710394 0.018169 0.025594
0 0.404328 0.756827 0.018169 0.025594
0 0.427622 0.742559 0.018169 0.025594
0 0.448207 0.726790 0.018169 0.025594
0 0.443440 0.757829 0.018169 0.025594
0 0.456008 0.696126 0.018169 0.025594
0 0.474057 0.679355 0.017649 0.025594
0 0.469767 0.711145 0.018169 0.025594
0 0.489225 0.695920 0.016999 0.024681
0 0.505379 0.601934 0.016977 0.025594
0 0.525856 0.587059 0.016111 0.024380
0 0.520921 0.618698 0.016100 0.024380
0 0.540964 0.604180 0.016100 0.024380
0 0.545406 0.572641 0.016100 0.024380
0 0.560574 0.589537 0.016100 0.024380
0 0.500585 0.633980 0.016381 0.025657
0 0.493510 0.664130 0.016381 0.025657
0 0.514610 0.650113 0.016652 0.025657
0 0.529724 0.665882 0.016761 0.025657
0 0.536089 0.635720 0.016771 0.025657
0 0.511284 0.681658 0.016761 0.025419
0 0.524280 0.696615 0.016771 0.024543
0 0.554837 0.620701 0.016761 0.025657
0 0.574902 0.607065 0.016176 0.024418
0 0.593835 0.592797 0.016165 0.024418
0 0.589502 0.624212 0.016165 0.024418
0 0.570108 0.637478 0.016165 0.024418
0 0.565016 0.559130 0.016165 0.024418
0 0.581376 0.576652 0.016165 0.024418
0 0.599686 0.563636 0.016165 0.024418
0 0.618429 0.548742 0.016165 0.024418
0 0.613770 0.579531 0.016165 0.024418
0 0.608099 0.609068 0.015439 0.023166
0 0.631880 0.565576 0.014897 0.023292
0 0.625108 0.595175 0.015439 0.023417
0 0.643348 0.581658 0.016165 0.024418
0 0.634372 0.534412 0.014680 0.023792
0 0.854572 0.719349 0.012351 0.019274
0 0.861018 0.730926 0.012893 0.020150
0 0.850455 0.745757 0.012351 0.019524
0 0.858147 0.756896 0.013001 0.020526
0 0.718202 0.573892 0.013543 0.023029
0 0.699675 0.586533 0.013543 0.023279
0 0.747941 0.577272 0.013434 0.023029
0 0.731853 0.589912 0.013326 0.023029
0 0.715330 0.602741 0.014518 0.022403
0 0.696208 0.615882 0.014626 0.022904
0 0.726165 0.618198 0.013434 0.022278
0 0.742037 0.604618 0.013543 0.022153
0 0.757801 0.591414 0.013543 0.022153
0 0.773510 0.578523 0.013543 0.022153
0 0.803521 0.582153 0.013543 0.022153
0 0.794962 0.607685 0.013543 0.022153
0 0.785103 0.594168 0.013543 0.022153
0 0.767443 0.606308 0.013543 0.022153
0 0.780119 0.620951 0.013543 0.022153
0 0.755092 0.620576 0.013543 0.022153
0 0.710022 0.631214 0.013543 0.022153
0 0.735157 0.632090 0.013543 0.022153
0 0.762676 0.633842 0.013543 0.022153
0 0.790087 0.635094 0.013543 0.022153
0 0.775352 0.648867 0.013543 0.021665
0 0.757801 0.661126 0.013543 0.022153
0 0.745341 0.646483 0.013543 0.022153
0 0.741658 0.674393 0.013543 0.022153
0 0.730823 0.660501 0.013543 0.022153
0 0.718147 0.645607 0.013543 0.022153
0 0.691278 0.643354 0.013543 0.022153
0 0.702438 0.658874 0.013543 0.022153
0 0.683261 0.672015 0.013543 0.022153
0 0.715655 0.674268 0.013543 0.022153
0 0.724756 0.687916 0.013543 0.021164
0 0.710780 0.702053 0.013543 0.022153
0 0.696587 0.687284 0.013543 0.022153
0 0.679794 0.701051 0.013543 0.022153
0 0.694745 0.716446 0.013543 0.022153
0 0.676706 0.729468 0.013868 0.022416
0 0.824854 0.745169 0.012698 0.020050
0 0.777660 0.717297 0.013001 0.020626
0 0.788169 0.731064 0.013001 0.020626
0 0.798895 0.744831 0.013001 0.020626
0 0.806912 0.756220 0.013001 0.020626
0 0.833781 0.757222 0.013001 0.020626
0 0.819263 0.770864 0.013001 0.020626
0 0.828212 0.783279 0.012481 0.019925
0 0.842730 0.770200 0.011614 0.020300
0 0.839675 0.795895 0.012394 0.020300
0 0.812004 0.795895 0.012394 0.020300
0 0.823055 0.808285 0.012394 0.020300
0 0.809512 0.822096 0.012611 0.020638
0 0.801923 0.782747 0.012622 0.020638
0 0.798131 0.809531 0.012622 0.020638
0 0.792936 0.835063 0.012611 0.020638
0 0.782963 0.822797 0.012622 0.020638
0 0.786105 0.795513 0.012622 0.020638
0 0.773976 0.810907 0.012611 0.020638
0 0.767362 0.836189 0.012622 0.020638
0 0.779036 0.848830 0.013109 0.020638
0 0.750460 0.849581 0.012622 0.020638
0 0.658478 0.909287 0.014095 0.020776
0 0.643592 0.895394 0.014659 0.020776
0 0.662920 0.881302 0.014095 0.021377
0 0.690547 0.878986 0.014095 0.021502
0 0.718933 0.877247 0.014095 0.021502
0 0.707665 0.864981 0.014095 0.021502
0 0.726083 0.852466 0.014095 0.021502
0 0.715033 0.839449 0.014095 0.021502
0 0.697806 0.853217 0.014095 0.021502
0 0.677871 0.866108 0.014095 0.021502
0 0.649280 0.867528 0.014334 0.021915
0 0.656322 0.841633 0.015417 0.022365
0 0.665737 0.852215 0.014095 0.021502
0 0.683413 0.839074 0.014280 0.021502
0 0.699756 0.824931 0.014095 0.021502
0 0.715574 0.810413 0.014095 0.021502
0 0.726625 0.823054 0.014095 0.021502
0 0.746235 0.811289 0.014095 0.021502
0 0.670731 0.825432 0.014550 0.021502
0 0.690547 0.812666 0.014095 0.021502
0 0.658922 0.812541 0.014550 0.021502
0 0.666961 0.785519 0.014550 0.021502
0 0.678759 0.799587 0.014550 0.021502
0 0.706950 0.798642 0.014550 0.021514
0 0.694924 0.785000 0.014550 0.021514
0 0.680840 0.770106 0.014550 0.021514
0 0.671414 0.757841 0.014550 0.021514
0 0.689399 0.744574 0.014550 0.021514
0 0.698933 0.756965 0.014550 0.021514
0 0.752671 0.688755 0.014550 0.021514
0 0.766972 0.703398 0.014550 0.021514
0 0.771739 0.677240 0.014550 0.021514
0 0.784198 0.661971 0.014550 0.021514
0 0.660948 0.567572 0.014832 0.022904
0 0.673678 0.584218 0.014095 0.021652
0 0.656723 0.597797 0.014854 0.023780
0 0.668581 0.613379 0.014735 0.022403
0 0.639821 0.612128 0.015070 0.023905
0 0.650764 0.626708 0.015287 0.022528
0 0.665601 0.642916 0.015276 0.022904
0 0.621349 0.625895 0.014529 0.022653
0 0.632286 0.640601 0.015601 0.022778
0 0.647026 0.657121 0.015395 0.022528
0 0.657535 0.671514 0.015395 0.022528
0 0.615282 0.655244 0.015395 0.022528
0 0.626766 0.669762 0.015395 0.022528
0 0.639442 0.684656 0.015395 0.022528
0 0.653202 0.699925 0.015395 0.022528
0 0.601414 0.639011 0.015395 0.023354
0 0.582779 0.653029 0.015395 0.023605
0 0.596755 0.669136 0.015395 0.022528
0 0.549404 0.651402 0.016035 0.024355
0 0.562736 0.667610 0.015395 0.023479
0 0.543992 0.682378 0.015395 0.023980
0 0.551896 0.727703 0.016251 0.024018
0 0.602600 0.713041 0.014951 0.022979
0 0.611939 0.757146 0.016251 0.024030
0 0.580520 0.757522 0.016251 0.024030
0 0.594280 0.771665 0.016251 0.024030
0 0.625038 0.771815 0.015796 0.022328
0 0.562102 0.772666 0.016251 0.024030
0 0.576663 0.787584 0.015688 0.023329
0 0.608689 0.786308 0.016251 0.024030
0 0.636533 0.785181 0.016251 0.024030
0 0.622340 0.800951 0.016251 0.024030
0 0.589393 0.800476 0.016013 0.023830
0 0.601430 0.814218 0.016251 0.024030
0 0.616544 0.829218 0.016251 0.024018
0 0.599106 0.844718 0.016262 0.024030
0 0.583424 0.829937 0.016251 0.024030
0 0.627952 0.842259 0.016251 0.024018
0 0.630964 0.812115 0.016251 0.024030
0 0.527985 0.772121 0.016251 0.024018
0 0.542909 0.787340 0.016262 0.024018
0 0.556956 0.801539 0.016251 0.024030
0 0.570628 0.815451 0.016251 0.024018
0 0.551939 0.830375 0.016251 0.024030
0 0.537389 0.817046 0.016251 0.024030
0 0.522714 0.802115 0.016262 0.024030
0 0.509166 0.788354 0.016251 0.024018
0 0.495244 0.773573 0.016251 0.024018
0 0.488722 0.802697 0.016251 0.024018
0 0.504529 0.818204 0.016251 0.024018
0 0.519339 0.832722 0.017226 0.024668
0 0.473667 0.788930 0.016262 0.024018
0 0.565612 0.844574 0.016251 0.024018
0 0.578158 0.857760 0.016251 0.024030
0 0.612026 0.857303 0.016251 0.022816
0 0.561723 0.873705 0.016251 0.024030
0 0.546425 0.859499 0.016251 0.024030
0 0.531744 0.845588 0.016251 0.024018
0 0.525850 0.875150 0.016251 0.024018
0 0.539902 0.888191 0.016251 0.024018
0 0.553196 0.901665 0.016251 0.024030
0 0.573261 0.887322 0.016251 0.024030
0 0.593462 0.872829 0.016262 0.024030
0 0.605374 0.885006 0.016251 0.024030
0 0.585688 0.898773 0.016251 0.024030
0 0.622053 0.869593 0.015482 0.022766
0 0.619388 0.898798 0.015179 0.022929
0 0.601235 0.913548 0.016251 0.024018
0 0.566371 0.914418 0.016251 0.024030
0 0.485065 0.261114 0.017692 0.026233
0 0.464670 0.273780 0.017681 0.026233
0 0.490309 0.226395 0.017649 0.027534
0 0.508407 0.248567 0.017898 0.026946
0 0.520368 0.180106 0.017811 0.027096
0 0.511896 0.213792 0.017183 0.026383
0 0.541501 0.168223 0.016934 0.027384
0 0.561826 0.156045 0.016934 0.026809
0 0.582145 0.144549 0.017183 0.027297
0 0.590677 0.110332 0.016934 0.027247
0 0.567595 0.121621 0.017010 0.026771
0 0.608911 0.099018 0.016566 0.026421
0 0.605298 0.132835 0.017465 0.026946
0 0.629908 0.088148 0.016414 0.026959
0 0.649702 0.077278 0.015959 0.027472
0 0.668429 0.066414 0.015471 0.026596
0 0.688239 0.055720 0.015352 0.025732
0 0.707053 0.044762 0.016858 0.027472
0 0.759290 0.045632 0.015655 0.025031
0 0.737763 0.056414 0.015655 0.025394
0 0.719020 0.067196 0.015504 0.025732
0 0.702768 0.077885 0.015504 0.025907
0 0.682140 0.088573 0.016111 0.027109
0 0.766501 0.068655 0.014951 0.024668
0 0.748678 0.078285 0.014843 0.026408
0 0.793857 0.077785 0.013759 0.024406
0 0.812492 0.067534 0.014193 0.024406
0 0.762709 0.099625 0.014301 0.025782
0 0.729989 0.088986 0.014301 0.025031
0 0.711408 0.099693 0.015493 0.027397
0 0.692503 0.110200 0.015385 0.027660
0 0.661517 0.099124 0.015818 0.026783
0 0.642394 0.110325 0.015493 0.027159
0 0.623922 0.121721 0.016468 0.026395
0 0.673597 0.121089 0.015926 0.026909
0 0.654691 0.132228 0.015601 0.025907
0 0.635081 0.143492 0.016468 0.026909
0 0.614930 0.154944 0.015818 0.027034
0 0.595428 0.166270 0.016035 0.027660
0 0.574735 0.178098 0.017118 0.027034
0 0.554204 0.189862 0.016793 0.027284
0 0.533294 0.201383 0.017010 0.026771
0 0.530098 0.236108 0.016901 0.026658
0 0.552687 0.223411 0.017226 0.026796
0 0.571105 0.211646 0.016576 0.026546
0 0.591690 0.199687 0.017010 0.026408
0 0.611138 0.188116 0.016685 0.026521
0 0.631018 0.176345 0.015926 0.026283
0 0.650953 0.165156 0.015060 0.025657
0 0.668451 0.153817 0.015601 0.026033
0 0.690228 0.142365 0.015168 0.025657
0 0.710325 0.131727 0.015926 0.025657
0 0.728093 0.120776 0.014410 0.026283
0 0.748082 0.109825 0.014735 0.025907
0 0.825710 0.088185 0.014193 0.024406
0 0.805558 0.098880 0.013759 0.024518
0 0.787411 0.109011 0.013651 0.024280
0 0.757021 0.131039 0.014626 0.025532
0 0.738007 0.141496 0.014951 0.025419
0 0.719155 0.152822 0.014301 0.024768
0 0.701820 0.163579 0.015168 0.025782
0 0.685406 0.174662 0.015493 0.025895
0 0.666663 0.186108 0.015060 0.025282
0 0.647432 0.197190 0.015818 0.025895
0 0.627281 0.209512 0.015818 0.025031
0 0.605666 0.220839 0.015710 0.026158
0 0.585569 0.232547 0.016251 0.025269
0 0.566663 0.244743 0.016576 0.026158
0 0.546620 0.257697 0.017226 0.026533
0 0.526089 0.270150 0.017768 0.026909
0 0.503445 0.282541 0.017768 0.026909
0 0.479556 0.295250 0.018093 0.026771
0 0.460433 0.308830 0.018635 0.027422
0 0.431257 0.356508 0.018852 0.026658
0 0.453738 0.342804 0.018310 0.027034
0 0.474160 0.329599 0.017985 0.025907
0 0.497508 0.316395 0.017226 0.026783
0 0.520639 0.303630 0.017768 0.026033
0 0.540033 0.290738 0.017768 0.026283
0 0.535807 0.323967 0.017118 0.026158
0 0.554713 0.311389 0.016576 0.025031
0 0.512514 0.336733 0.017118 0.026158
0 0.491224 0.349687 0.018310 0.026533
0 0.468472 0.363392 0.018093 0.026158
0 0.448537 0.377284 0.018743 0.026158
0 0.426165 0.391302 0.018635 0.026408
0 0.420043 0.425407 0.018310 0.026533
0 0.442037 0.410951 0.018093 0.026408
0 0.463434 0.397372 0.018635 0.025782
0 0.484886 0.383542 0.017551 0.025657
0 0.507151 0.370401 0.017226 0.025907
0 0.527952 0.357009 0.017010 0.026158
0 0.548971 0.343742 0.016576 0.025156
0 0.568743 0.331227 0.016251 0.025156
0 0.561159 0.277910 0.016251 0.026408
0 0.580336 0.265957 0.016251 0.026408
0 0.574702 0.298248 0.016251 0.026408
0 0.595070 0.286358 0.016251 0.026408
0 0.602763 0.254193 0.016251 0.026408
0 0.619989 0.241552 0.016251 0.026408
0 0.640791 0.230038 0.016251 0.026408
0 0.633965 0.261577 0.016251 0.026408
0 0.614247 0.274343 0.016251 0.026408
0 0.656771 0.218023 0.016143 0.024781
0 0.679361 0.207134 0.016251 0.026408
0 0.695612 0.195369 0.014735 0.024781
0 0.690195 0.226783 0.014735 0.024781
0 0.672860 0.238673 0.014735 0.024781
0 0.653792 0.250188 0.014735 0.025282
0 0.716522 0.183980 0.014735 0.025282
0 0.735807 0.172716 0.014735 0.025282
0 0.751733 0.161827 0.014735 0.025282
0 0.901625 0.268798 0.013109 0.023104
0 0.878602 0.261752 0.013001 0.022278
0 0.849892 0.254869 0.012784 0.022528
0 0.841712 0.236721 0.012893 0.023029
0 0.824052 0.247484 0.012893 0.023780
0 0.807476 0.258748 0.012893 0.024030
0 0.834507 0.265820 0.012784 0.023154
0 0.863976 0.272766 0.013001 0.022278
0 0.846912 0.283967 0.012676 0.023404
0 0.815926 0.276771 0.013543 0.024280
0 0.831148 0.295419 0.013001 0.022028
0 0.814355 0.306308 0.013218 0.023029
0 0.791712 0.269800 0.013434 0.023354
0 0.801679 0.288098 0.013218 0.023404
0 0.774540 0.281026 0.013976 0.023529
0 0.754984 0.292353 0.014301 0.023154
0 0.783857 0.299299 0.013543 0.022778
0 0.767606 0.310626 0.014410 0.023905
0 0.749242 0.322578 0.013651 0.023029
0 0.888082 0.279775 0.012459 0.022028
0 0.874323 0.290851 0.012676 0.022403
0 0.931636 0.276020 0.011809 0.022528
0 0.912189 0.285907 0.011701 0.023029
0 0.897779 0.296733 0.012134 0.022153
0 0.881040 0.308436 0.013109 0.022278
0 0.858126 0.301865 0.012568 0.022403
0 0.840249 0.312879 0.012351 0.022653
0 0.938082 0.292666 0.011918 0.021777
0 0.921993 0.303116 0.011809 0.021902
0 0.909372 0.314380 0.011701 0.021652
0 0.894637 0.325394 0.011918 0.022153
0 0.930173 0.320325 0.011268 0.021777
0 0.917226 0.331214 0.011376 0.021277
0 0.902492 0.342040 0.011809 0.021151
0 0.865872 0.317071 0.012676 0.022278
0 0.876533 0.336383 0.012893 0.021777
0 0.888126 0.353404 0.011809 0.021026
0 0.851398 0.330125 0.012243 0.022028
0 0.862828 0.347647 0.012134 0.022028
0 0.871333 0.364418 0.012459 0.021277
0 0.823933 0.323992 0.012784 0.022528
0 0.835959 0.341514 0.013001 0.022278
0 0.845060 0.358911 0.012784 0.023029
0 0.795330 0.317610 0.013001 0.023780
0 0.777454 0.329124 0.014085 0.023279
0 0.808602 0.335945 0.013759 0.023905
0 0.760607 0.340388 0.014193 0.023780
0 0.745114 0.352778 0.014193 0.023780
0 0.789967 0.346977 0.013109 0.023116
0 0.820574 0.352910 0.013109 0.023116
0 0.799989 0.364049 0.013109 0.023116
0 0.475731 0.450651 0.017768 0.026658
0 0.497941 0.437071 0.017118 0.025782
0 0.516631 0.423054 0.016576 0.026033
0 0.538028 0.409537 0.017118 0.026033
0 0.557855 0.396521 0.016901 0.026033
0 0.578007 0.383129 0.015385 0.026533
0 0.599079 0.370551 0.016143 0.025407
0 0.617606 0.358098 0.015926 0.025031
0 0.446912 0.497860 0.017551 0.025657
0 0.469664 0.483717 0.017768 0.027159
0 0.441441 0.530839 0.018093 0.025282
0 0.420693 0.545857 0.018418 0.025031
0 0.399133 0.560563 0.018852 0.026158
0 0.393391 0.594293 0.019285 0.026033
0 0.415655 0.578961 0.018310 0.026158
0 0.388624 0.627647 0.019502 0.026158
0 0.409751 0.611877 0.019068 0.025156
0 0.430553 0.596233 0.018202 0.025156
0 0.435915 0.563880 0.017876 0.025532
0 0.459751 0.549362 0.017876 0.025532
0 0.480932 0.535094 0.017876 0.025532
0 0.464247 0.516320 0.017876 0.025532
0 0.487866 0.503054 0.017876 0.025532
0 0.502059 0.520576 0.017876 0.025532
0 0.491116 0.469262 0.017118 0.025782
0 0.513868 0.455995 0.017118 0.025782
0 0.507042 0.487910 0.017118 0.025782
0 0.526652 0.474393 0.017118 0.025782
0 0.532394 0.442103 0.017118 0.025782
0 0.522969 0.506934 0.017118 0.025782
0 0.542254 0.493166 0.017118 0.025782
0 0.554626 0.428786 0.016793 0.025782
0 0.574940 0.415839 0.016251 0.025144
0 0.547746 0.460526 0.016035 0.025657
0 0.567248 0.447315 0.015818 0.024543
0 0.587508 0.433980 0.016035 0.024155
0 0.593738 0.402509 0.015710 0.025294
0 0.614014 0.390056 0.016327 0.025169
0 0.631333 0.376602 0.015493 0.024543
0 0.663164 0.382416 0.014301 0.024906
0 0.645666 0.395807 0.015276 0.024406
0 0.626652 0.408698 0.015168 0.024656
0 0.607259 0.420526 0.015168 0.024656
0 0.638137 0.426158 0.015168 0.024656
0 0.658938 0.414018 0.015168 0.024656
0 0.619610 0.439049 0.015168 0.024656
0 0.601625 0.452566 0.015168 0.024656
0 0.654388 0.444431 0.015168 0.024656
0 0.670098 0.431539 0.015168 0.024656
0 0.677356 0.401752 0.015168 0.024656
0 0.695558 0.388986 0.015168 0.024656
0 0.705309 0.406758 0.015168 0.024656
0 0.687432 0.419024 0.015168 0.024656
0 0.699892 0.436170 0.015168 0.024656
0 0.681798 0.448561 0.015168 0.024656
0 0.663272 0.461702 0.015168 0.024656
0 0.678223 0.478849 0.015168 0.024656
0 0.633478 0.457071 0.015168 0.024656
0 0.649079 0.475344 0.015168 0.024656
0 0.613759 0.470088 0.015168 0.024656
0 0.629469 0.488110 0.015168 0.024656
0 0.582015 0.465457 0.015168 0.024656
0 0.596858 0.483730 0.015168 0.024656
0 0.562189 0.478849 0.015168 0.024656
0 0.577790 0.497497 0.015385 0.024656
0 0.609967 0.501126 0.015385 0.024656
0 0.591549 0.514643 0.015385 0.024656
0 0.570964 0.528411 0.015385 0.024656
0 0.603359 0.531790 0.015385 0.024656
0 0.622969 0.518148 0.015385 0.024656
0 0.555742 0.510701 0.016576 0.024406
0 0.537974 0.524844 0.016576 0.024656
0 0.551083 0.541865 0.016576 0.024656
0 0.584345 0.545119 0.016360 0.024656
0 0.516685 0.538798 0.016576 0.024656
0 0.530986 0.556195 0.016576 0.024656
0 0.495152 0.552284 0.017497 0.025594
0 0.510937 0.570469 0.017497 0.025594
0 0.474967 0.567340 0.017497 0.025594
0 0.490677 0.584862 0.017497 0.025594
0 0.454491 0.582234 0.017497 0.025594
0 0.469659 0.599380 0.017497 0.025594
0 0.447882 0.613648 0.017497 0.025594
0 0.425309 0.628792 0.017855 0.025594
0 0.404886 0.644731 0.018397 0.025682
0 0.420163 0.660957 0.017746 0.025594
0 0.642281 0.505313 0.015330 0.024418
0 0.662741 0.493048 0.016165 0.024418
0 0.655807 0.522584 0.016165 0.024418
0 0.648619 0.551996 0.014139 0.024418
0 0.727671 0.441233 0.014215 0.023917
0 0.746414 0.429218 0.014215 0.024168
0 0.755634 0.445363 0.014215 0.024168
0 0.741598 0.458254 0.013445 0.024168
0 0.723342 0.470770 0.014204 0.024168
0 0.697124 0.467390 0.014637 0.024168
0 0.772367 0.433536 0.014095 0.023041
0 0.788944 0.421771 0.014095 0.023542
