0 0.226477 0.530875 0.004914 0.010583
0 0.279138 0.755333 0.005564 0.011889
0 0.286426 0.755056 0.005564 0.011889
0 0.304765 0.784361 0.005564 0.011889
0 0.311270 0.799361 0.005564 0.011889
0 0.318871 0.798944 0.005564 0.011889
0 0.326708 0.798944 0.005564 0.011889
0 0.334624 0.798250 0.005564 0.011889
0 0.249906 0.816444 0.005564 0.011889
0 0.257116 0.816028 0.005564 0.011889
0 0.264013 0.815611 0.005564 0.011889
0 0.271458 0.815750 0.005564 0.011889
0 0.284467 0.830792 0.005564 0.011889
0 0.292100 0.831236 0.005564 0.011889
0 0.299483 0.831236 0.005564 0.011889
0 0.307194 0.831083 0.005564 0.011889
0 0.315078 0.831083 0.005564 0.011889
0 0.322625 0.830944 0.005564 0.011889
0 0.338213 0.830056 0.005564 0.011889
0 0.330502 0.830792 0.005564 0.011889
0 0.345925 0.829917 0.005564 0.011889
0 0.260917 0.845931 0.005564 0.011889
0 0.268127 0.845792 0.005564 0.011889
0 0.275266 0.845931 0.005564 0.011889
0 0.289859 0.845486 0.005564 0.011889
0 0.297492 0.845347 0.005564 0.011889
0 0.304624 0.845194 0.005564 0.011889
0 0.312751 0.845194 0.005564 0.011889
0 0.320462 0.845194 0.005564 0.011889
0 0.328260 0.845194 0.005564 0.011889
0 0.336058 0.845486 0.005564 0.011889
0 0.343856 0.845486 0.005564 0.011889
0 0.351983 0.845639 0.005564 0.011889
0 0.266058 0.860625 0.005564 0.011889
0 0.369569 0.805806 0.005564 0.011889
0 0.385243 0.758181 0.005564 0.011889
0 0.337884 0.744958 0.005564 0.011889
0 0.345431 0.744958 0.005564 0.011889
0 0.353644 0.743924 0.005564 0.011903
0 0.361936 0.743486 0.005564 0.011889
0 0.370478 0.743042 0.005564 0.011889
0 0.378691 0.741861 0.005564 0.011889
0 0.387978 0.741569 0.005564 0.011889
0 0.366583 0.710264 0.005564 0.011889
0 0.375039 0.708944 0.005564 0.011889
0 0.383668 0.707764 0.005564 0.011889
0 0.392045 0.707028 0.005564 0.011889
0 0.400995 0.706153 0.005564 0.011889
0 0.319553 0.698500 0.005564 0.011889
0 0.327429 0.697764 0.005564 0.011889
0 0.335478 0.697472 0.005564 0.011889
0 0.343856 0.696736 0.005564 0.011889
0 0.351897 0.695278 0.005564 0.011889
0 0.360439 0.693944 0.005564 0.011889
0 0.368652 0.693361 0.005564 0.011889
0 0.377524 0.692472 0.005564 0.011889
0 0.385486 0.691014 0.005564 0.011889
0 0.394616 0.689986 0.005564 0.011889
0 0.397516 0.672931 0.005564 0.011889
0 0.388809 0.674111 0.005564 0.011889
0 0.380016 0.675278 0.005564 0.011889
0 0.371223 0.676306 0.005564 0.011889
0 0.362602 0.677333 0.005564 0.011889
0 0.354224 0.678361 0.005564 0.011889
0 0.346176 0.679403 0.005564 0.011889
0 0.337798 0.680278 0.005564 0.011889
0 0.329671 0.680431 0.005564 0.011889
0 0.387069 0.623250 0.005564 0.011889
0 0.378605 0.625153 0.005564 0.011889
0 0.369976 0.626333 0.005564 0.011889
0 0.361270 0.627514 0.005564 0.011889
0 0.353056 0.629125 0.005564 0.011889
0 0.344687 0.630306 0.005564 0.011889
0 0.336309 0.631625 0.005564 0.011889
0 0.328009 0.632806 0.005564 0.011889
0 0.319718 0.634125 0.005564 0.011889
0 0.312500 0.634861 0.005564 0.011889
0 0.304373 0.635597 0.005564 0.011889
0 0.296575 0.637069 0.005564 0.011889
0 0.389303 0.606056 0.005564 0.011889
0 0.380266 0.607667 0.005564 0.011889
0 0.372053 0.609431 0.005564 0.011889
0 0.363840 0.610458 0.005564 0.011889
0 0.355298 0.612375 0.005564 0.011889
0 0.347171 0.614139 0.005564 0.011889
0 0.338550 0.615167 0.005564 0.011889
0 0.329922 0.616042 0.005564 0.011889
0 0.351403 0.579153 0.005564 0.011889
0 0.342939 0.580764 0.005564 0.011889
0 0.334397 0.582389 0.005564 0.011889
0 0.326607 0.584153 0.005564 0.011889
0 0.318644 0.585625 0.005564 0.011889
0 0.310509 0.587083 0.005564 0.011889
0 0.302547 0.588847 0.005564 0.011889
0 0.294671 0.589875 0.005564 0.011889
0 0.287124 0.591208 0.005564 0.011889
0 0.279326 0.592375 0.005564 0.011889
0 0.289444 0.574597 0.005564 0.011889
0 0.296748 0.573417 0.005564 0.011889
0 0.304624 0.572250 0.005564 0.011889
0 0.312422 0.570778 0.005564 0.011889
0 0.320298 0.568569 0.005564 0.011889
0 0.328676 0.567250 0.005564 0.011889
0 0.336967 0.565625 0.005564 0.011889
0 0.345016 0.563722 0.005564 0.011889
0 0.353723 0.562250 0.005564 0.011889
0 0.361850 0.560931 0.005564 0.011889
0 0.370227 0.558861 0.005564 0.011889
0 0.233534 0.300097 0.005721 0.011111
0 0.240784 0.296903 0.006113 0.011667
0 0.255756 0.357194 0.005415 0.010889
0 0.263143 0.355160 0.005141 0.011708
0 0.270509 0.351000 0.005251 0.011444
0 0.277829 0.348458 0.005251 0.011250
0 0.285431 0.345681 0.005564 0.010972
0 0.203260 0.390750 0.005486 0.010833
0 0.209961 0.388250 0.005564 0.010833
0 0.216975 0.385819 0.005643 0.011250
0 0.224303 0.384222 0.005408 0.011111
0 0.231473 0.381514 0.005486 0.011250
0 0.238605 0.378667 0.005329 0.010833
0 0.245737 0.376167 0.005643 0.010556
0 0.253339 0.374014 0.005329 0.010972
0 0.261097 0.371861 0.005172 0.011111
0 0.268425 0.368597 0.005094 0.010972
0 0.276117 0.366521 0.005165 0.011458
0 0.283711 0.362986 0.005494 0.011639
0 0.291681 0.360701 0.005713 0.011653
0 0.209001 0.405278 0.005823 0.011083
0 0.215361 0.402410 0.005172 0.011458
0 0.222465 0.400222 0.005603 0.010500
0 0.229902 0.398597 0.005384 0.011444
0 0.236744 0.395354 0.005494 0.011069
0 0.243958 0.393729 0.005282 0.011264
0 0.252147 0.391056 0.005705 0.011639
0 0.259040 0.388764 0.005274 0.011639
0 0.266203 0.385521 0.005384 0.011653
0 0.274393 0.383229 0.005384 0.011653
0 0.281932 0.380868 0.005384 0.010625
0 0.289530 0.376924 0.005282 0.010875
0 0.297394 0.375021 0.005494 0.011264
0 0.213742 0.419021 0.005603 0.011069
0 0.221281 0.416160 0.005603 0.011458
0 0.227962 0.414160 0.005392 0.011264
0 0.234929 0.411576 0.005533 0.011458
0 0.242292 0.409576 0.005603 0.011653
0 0.249397 0.407847 0.005172 0.011250
0 0.256889 0.406042 0.005282 0.011444
0 0.265020 0.402319 0.005823 0.010889
0 0.272347 0.400785 0.005603 0.011264
0 0.279996 0.397069 0.005603 0.011444
0 0.287700 0.394875 0.005494 0.011639
0 0.295560 0.392771 0.005713 0.011653
0 0.303111 0.390542 0.005172 0.011667
0 0.310819 0.386597 0.005666 0.011417
0 0.295474 0.459778 0.005290 0.010972
0 0.287853 0.461167 0.005408 0.010694
0 0.279781 0.464292 0.005408 0.011389
0 0.272375 0.466375 0.005329 0.011667
0 0.264890 0.467069 0.005094 0.010556
0 0.256897 0.469917 0.005251 0.011250
0 0.249765 0.470750 0.005094 0.010972
0 0.242476 0.473319 0.004781 0.010556
0 0.235776 0.475542 0.005172 0.011111
0 0.240635 0.490472 0.005329 0.010972
0 0.247727 0.487694 0.005251 0.010972
0 0.255016 0.485681 0.005094 0.011389
0 0.262461 0.483875 0.005408 0.010556
0 0.270572 0.482625 0.005486 0.010833
0 0.277606 0.479569 0.005290 0.011111
0 0.284992 0.477486 0.005486 0.010833
0 0.293809 0.475889 0.005094 0.010694
0 0.301489 0.473597 0.005408 0.011389
0 0.309248 0.471861 0.005564 0.010417
0 0.316497 0.469083 0.005486 0.010972
0 0.245807 0.504507 0.005329 0.011542
0 0.253056 0.502486 0.005094 0.010556
0 0.260502 0.500125 0.005408 0.010833
0 0.268299 0.498944 0.005486 0.010972
0 0.275784 0.496583 0.005251 0.011528
0 0.283346 0.494438 0.005486 0.010847
0 0.290909 0.492833 0.005251 0.010417
0 0.298785 0.491375 0.005172 0.011389
0 0.306583 0.488806 0.005094 0.010972
0 0.251371 0.518944 0.005172 0.011528
0 0.258856 0.517278 0.005251 0.011528
0 0.266693 0.515750 0.005564 0.011250
0 0.273824 0.513250 0.005251 0.011250
0 0.281505 0.511514 0.005408 0.011667
0 0.289224 0.509361 0.005799 0.010694
0 0.297218 0.507563 0.005643 0.010708
0 0.256740 0.532833 0.005564 0.010972
0 0.264459 0.532139 0.005172 0.010972
0 0.272022 0.530403 0.005094 0.010833
0 0.279506 0.528111 0.005643 0.011250
0 0.286834 0.526097 0.005094 0.011667
0 0.261998 0.547125 0.005172 0.011250
0 0.269718 0.545389 0.005564 0.011667
0 0.277578 0.545208 0.005094 0.011250
0 0.268370 0.561597 0.005799 0.010972
0 0.176383 0.375097 0.005196 0.011500
0 0.164263 0.500778 0.005094 0.011667
0 0.171121 0.500083 0.005329 0.011389
0 0.177763 0.497264 0.005290 0.011306
0 0.183926 0.495382 0.005172 0.011347
0 0.190505 0.493431 0.005353 0.011194
0 0.197386 0.491889 0.005165 0.010667
0 0.204142 0.490056 0.005415 0.010972
0 0.211195 0.488764 0.005415 0.011750
0 0.217731 0.486326 0.005415 0.011736
0 0.156705 0.518111 0.005682 0.011583
0 0.173213 0.602542 0.005172 0.011111
0 0.163064 0.516278 0.005094 0.011667
0 0.169581 0.515104 0.005290 0.010653
0 0.176246 0.513444 0.005486 0.010972
0 0.182476 0.511639 0.005094 0.010694
0 0.189412 0.509694 0.005799 0.010694
0 0.195760 0.507681 0.005172 0.010833
0 0.202618 0.505181 0.005408 0.011389
0 0.209475 0.503792 0.005486 0.011667
0 0.216332 0.502681 0.005251 0.011667
0 0.223111 0.500806 0.005329 0.011250
0 0.154929 0.532660 0.005486 0.011347
0 0.161826 0.531708 0.005486 0.011111
0 0.168292 0.530458 0.005251 0.010556
0 0.174444 0.529000 0.005486 0.010972
0 0.181105 0.526708 0.005486 0.011111
0 0.187571 0.525319 0.005251 0.011389
0 0.193719 0.523417 0.005118 0.011417
0 0.200596 0.522472 0.005470 0.011417
0 0.207476 0.520243 0.005313 0.011403
0 0.214663 0.518701 0.005408 0.011403
0 0.221532 0.516868 0.005478 0.011403
0 0.228319 0.515535 0.005243 0.010986
0 0.153005 0.548208 0.005133 0.011139
0 0.159777 0.546167 0.005227 0.010500
0 0.166415 0.545542 0.004961 0.011667
0 0.172904 0.544111 0.004961 0.011667
0 0.179310 0.541472 0.005502 0.010861
0 0.186140 0.541201 0.005086 0.011403
0 0.192813 0.539694 0.005345 0.010917
0 0.199389 0.537542 0.005235 0.011167
0 0.206144 0.535951 0.005157 0.011181
0 0.212853 0.535153 0.005643 0.011611
0 0.220180 0.533125 0.005564 0.010722
0 0.297594 0.721583 0.005094 0.010833
0 0.251371 0.455611 0.005172 0.011250
0 0.258660 0.452972 0.005486 0.010417
0 0.265987 0.450264 0.005408 0.010556
0 0.273981 0.449014 0.005094 0.011111
0 0.282014 0.446722 0.005643 0.011250
0 0.289812 0.444153 0.005408 0.010833
0 0.297296 0.441514 0.005486 0.011389
0 0.305094 0.439292 0.005564 0.010556
0 0.312500 0.437417 0.005329 0.011528
0 0.321356 0.435056 0.005643 0.010694
0 0.329154 0.432278 0.005564 0.010972
0 0.327665 0.449715 0.005408 0.011097
0 0.318848 0.451861 0.005486 0.011250
0 0.310972 0.454500 0.005408 0.010972
0 0.303252 0.456861 0.005329 0.010694
0 0.181759 0.389472 0.005196 0.011000
0 0.174945 0.391521 0.005282 0.010514
0 0.168546 0.393660 0.005839 0.011181
0 0.166740 0.409181 0.005376 0.011000
0 0.174020 0.407299 0.005470 0.010847
0 0.180274 0.405403 0.005188 0.011000
0 0.186857 0.402778 0.005188 0.011333
0 0.165721 0.425368 0.005564 0.010514
0 0.172445 0.423639 0.005470 0.011000
0 0.178746 0.421667 0.005094 0.011000
0 0.185792 0.419292 0.005282 0.011500
0 0.192281 0.416826 0.005658 0.010847
0 0.163495 0.439986 0.005188 0.011167
0 0.170682 0.439083 0.005094 0.010667
0 0.177261 0.437764 0.005102 0.011667
0 0.183472 0.434486 0.005282 0.011333
0 0.190611 0.433264 0.005470 0.011528
0 0.197426 0.430292 0.005196 0.010833
0 0.161920 0.455271 0.005564 0.010514
0 0.169154 0.454694 0.005564 0.011333
0 0.175455 0.452882 0.005376 0.011347
0 0.181759 0.450667 0.005196 0.011167
0 0.188758 0.448611 0.005290 0.010667
0 0.195478 0.446556 0.005188 0.011167
0 0.202155 0.444500 0.005376 0.011667
0 0.155294 0.474569 0.005290 0.011667
0 0.161646 0.472264 0.005376 0.011333
0 0.168182 0.470215 0.005470 0.011181
0 0.174898 0.468410 0.005376 0.010514
0 0.181434 0.466354 0.005094 0.011653
0 0.187414 0.464875 0.005188 0.011667
0 0.193950 0.461750 0.005282 0.011667
0 0.200760 0.460111 0.005564 0.011333
0 0.208362 0.459125 0.005376 0.011667
0 0.153209 0.489188 0.005745 0.011014
0 0.159835 0.488118 0.005094 0.011181
0 0.165862 0.486396 0.005282 0.011653
0 0.172351 0.483944 0.005188 0.011250
0 0.179005 0.482243 0.005423 0.011097
0 0.185976 0.480507 0.005321 0.011153
0 0.192426 0.478451 0.005635 0.011181
0 0.199400 0.476646 0.005729 0.011597
0 0.206113 0.475785 0.005345 0.011653
0 0.212069 0.472993 0.005204 0.011403
0 0.158041 0.502125 0.005611 0.010444
0 0.233534 0.529667 0.005392 0.011667
0 0.158323 0.561167 0.005235 0.010833
0 0.165110 0.560042 0.005313 0.010833
0 0.171513 0.559194 0.005251 0.011111
0 0.178119 0.557653 0.005627 0.010833
0 0.184193 0.556306 0.005251 0.011528
0 0.190815 0.554569 0.005643 0.011667
0 0.197516 0.552903 0.005094 0.011667
0 0.203903 0.551444 0.005486 0.011528
0 0.211230 0.550125 0.005408 0.011667
0 0.217931 0.548875 0.005643 0.011389
0 0.224632 0.547069 0.005251 0.011111
0 0.231944 0.544764 0.005799 0.011389
0 0.238918 0.544000 0.005172 0.011250
0 0.163370 0.576014 0.005172 0.011667
0 0.169600 0.574556 0.005564 0.010972
0 0.176105 0.573028 0.005251 0.011528
0 0.183158 0.571708 0.005408 0.011111
0 0.189663 0.570389 0.005408 0.011528
0 0.196301 0.569132 0.005329 0.011653
0 0.202766 0.567326 0.005094 0.011403
0 0.209506 0.565937 0.005094 0.011403
0 0.216509 0.564542 0.005541 0.011750
0 0.223550 0.563035 0.005423 0.011681
0 0.230270 0.560965 0.005180 0.011097
0 0.237453 0.559778 0.005345 0.011694
0 0.244342 0.558299 0.005596 0.011097
0 0.168393 0.589674 0.005345 0.010514
0 0.174573 0.588347 0.005180 0.010806
0 0.180956 0.587083 0.005094 0.011556
0 0.187555 0.586125 0.005094 0.010806
0 0.194361 0.584500 0.005509 0.010806
0 0.201085 0.582937 0.005431 0.010958
0 0.207935 0.581681 0.005259 0.010500
0 0.214573 0.579757 0.005509 0.011097
0 0.221712 0.578646 0.005259 0.010653
0 0.298966 0.556778 0.005564 0.011889
0 0.228687 0.577243 0.005180 0.010514
0 0.306489 0.555389 0.005564 0.011889
0 0.314718 0.553306 0.005564 0.011889
0 0.322555 0.551778 0.005564 0.011889
0 0.330392 0.550667 0.005564 0.011889
0 0.339169 0.548583 0.005564 0.011889
0 0.347006 0.547194 0.005564 0.011889
0 0.355549 0.544556 0.005564 0.011889
0 0.364013 0.543028 0.005564 0.011889
0 0.366520 0.525528 0.005564 0.011889
0 0.357821 0.527889 0.005564 0.011889
0 0.349436 0.529417 0.005564 0.011889
0 0.341599 0.531361 0.005564 0.011889
0 0.332900 0.533028 0.005564 0.011889
0 0.324436 0.535250 0.005564 0.011889
0 0.316677 0.536083 0.005564 0.011889
0 0.308605 0.538306 0.005564 0.011889
0 0.318950 0.520250 0.005564 0.011889
0 0.326944 0.517750 0.005564 0.011889
0 0.335016 0.515389 0.005564 0.011889
0 0.343245 0.513583 0.005564 0.011889
0 0.351708 0.511639 0.005564 0.011889
0 0.360251 0.509694 0.005564 0.011889
0 0.354295 0.495111 0.005564 0.011889
0 0.345909 0.497056 0.005564 0.011889
0 0.337288 0.498583 0.005564 0.011889
0 0.329295 0.500111 0.005564 0.011889
0 0.339875 0.481639 0.005564 0.011889
0 0.347790 0.478861 0.005564 0.011889
0 0.186505 0.600611 0.005329 0.010556
0 0.192931 0.599986 0.005486 0.010694
0 0.199749 0.598528 0.005643 0.010556
0 0.206254 0.597625 0.005329 0.010417
0 0.213268 0.595194 0.005721 0.010556
0 0.220247 0.594569 0.005259 0.010417
0 0.227139 0.592694 0.005408 0.010833
0 0.233958 0.591097 0.005721 0.010417
0 0.240933 0.590125 0.005564 0.011250
0 0.249984 0.572903 0.005329 0.010972
0 0.248182 0.588458 0.005172 0.010694
0 0.255509 0.586861 0.005564 0.010833
0 0.177931 0.616764 0.005737 0.011750
0 0.184702 0.615819 0.005486 0.010694
0 0.191481 0.613944 0.005408 0.010556
0 0.198339 0.613528 0.005486 0.011111
0 0.204726 0.612069 0.005251 0.010972
0 0.211466 0.610472 0.005251 0.010556
0 0.218284 0.609986 0.005408 0.010972
0 0.224710 0.609014 0.005251 0.010972
0 0.231763 0.606931 0.005564 0.010417
0 0.239052 0.605958 0.005408 0.010694
0 0.246144 0.604986 0.005172 0.011250
0 0.183056 0.630194 0.005329 0.010833
0 0.189483 0.629361 0.005172 0.010556
0 0.196066 0.628250 0.005172 0.010833
0 0.202892 0.626625 0.005345 0.010917
0 0.209624 0.626583 0.005329 0.011389
0 0.216481 0.624778 0.005408 0.010556
0 0.223652 0.623875 0.005643 0.011528
0 0.230313 0.622903 0.005172 0.010972
0 0.237249 0.621306 0.005721 0.010833
0 0.181567 0.644847 0.005329 0.010972
0 0.188386 0.644708 0.005172 0.011528
0 0.195008 0.643667 0.005251 0.010833
0 0.201591 0.642833 0.005251 0.011667
0 0.208331 0.642208 0.005408 0.010972
0 0.214953 0.640958 0.005172 0.010972
0 0.221618 0.639431 0.005650 0.011528
0 0.228433 0.638736 0.005486 0.010972
0 0.186701 0.660333 0.005251 0.011667
0 0.193405 0.659153 0.005650 0.011250
0 0.200024 0.657764 0.005251 0.011250
0 0.206528 0.656653 0.005408 0.010972
0 0.213268 0.655611 0.005251 0.010556
0 0.219851 0.654917 0.005721 0.010833
0 0.191129 0.673250 0.005486 0.011111
0 0.197947 0.672486 0.005643 0.011250
0 0.204804 0.671792 0.005721 0.011250
0 0.211740 0.671306 0.005643 0.011389
0 0.196654 0.687069 0.005721 0.011250
0 0.203315 0.686375 0.005564 0.011250
0 0.265980 0.616097 0.005470 0.010972
0 0.256528 0.633111 0.005721 0.011111
0 0.264169 0.632347 0.005643 0.010694
0 0.271810 0.631514 0.005721 0.011250
0 0.247947 0.649569 0.005643 0.010694
0 0.255627 0.649014 0.005329 0.010694
0 0.262641 0.648319 0.005094 0.010972
0 0.269851 0.646931 0.005251 0.011528
0 0.277335 0.645472 0.005486 0.011389
0 0.238860 0.666583 0.005650 0.010833
0 0.246066 0.665819 0.005799 0.011528
0 0.253393 0.664569 0.005408 0.010694
0 0.260878 0.663875 0.005486 0.010417
0 0.267931 0.662903 0.005643 0.010694
0 0.275141 0.661861 0.005329 0.010833
0 0.282978 0.661097 0.005486 0.011250
0 0.230666 0.682556 0.005721 0.011111
0 0.237955 0.682347 0.005251 0.011528
0 0.244694 0.680889 0.005721 0.011111
0 0.251473 0.679847 0.005172 0.010694
0 0.258918 0.679333 0.005799 0.011333
0 0.266677 0.678597 0.005799 0.011528
0 0.273613 0.677278 0.005564 0.011389
0 0.280980 0.675958 0.005721 0.010694
0 0.288150 0.675125 0.005329 0.010694
0 0.222045 0.698944 0.005408 0.011111
0 0.228785 0.698111 0.005564 0.010833
0 0.235956 0.697694 0.005329 0.011389
0 0.242892 0.697000 0.005094 0.011389
0 0.249671 0.695681 0.005329 0.011250
0 0.256724 0.694847 0.005172 0.010972
0 0.264013 0.694500 0.005486 0.011389
0 0.271497 0.693944 0.005564 0.011111
0 0.279020 0.692694 0.005721 0.010556
0 0.286701 0.692208 0.005564 0.011250
0 0.293832 0.690819 0.005408 0.010972
0 0.213817 0.714986 0.005564 0.010694
0 0.220478 0.714639 0.005564 0.011111
0 0.227179 0.713736 0.005172 0.010694
0 0.234310 0.713389 0.005486 0.010833
0 0.241015 0.712556 0.005259 0.010833
0 0.248064 0.711653 0.005094 0.010694
0 0.254882 0.711028 0.005094 0.010833
0 0.261857 0.709917 0.005721 0.010833
0 0.269773 0.709500 0.005251 0.011389
0 0.277375 0.708389 0.005408 0.011111
0 0.284859 0.707417 0.005799 0.011389
0 0.292382 0.706931 0.005486 0.011528
0 0.299828 0.705889 0.005486 0.010833
0 0.210878 0.728944 0.005643 0.010833
0 0.218636 0.729361 0.005329 0.011111
0 0.225341 0.728986 0.005259 0.010917
0 0.232782 0.728111 0.005408 0.010833
0 0.239639 0.727347 0.005486 0.010694
0 0.246536 0.726375 0.005172 0.010417
0 0.253393 0.725542 0.005564 0.010694
0 0.260956 0.725514 0.005486 0.010639
0 0.268205 0.725194 0.005564 0.011667
0 0.275259 0.724431 0.005408 0.010972
0 0.282782 0.724083 0.005721 0.011667
0 0.290031 0.722625 0.005486 0.010417
0 0.305940 0.721236 0.005486 0.011528
0 0.216873 0.743806 0.005094 0.011389
0 0.224122 0.743667 0.005643 0.011389
0 0.230940 0.743181 0.005172 0.011528
0 0.238033 0.742972 0.005408 0.011389
0 0.245008 0.742278 0.005251 0.011111
0 0.252061 0.741833 0.005564 0.011889
0 0.259389 0.741444 0.005564 0.011889
0 0.265815 0.741028 0.005564 0.011889
0 0.273025 0.740750 0.005564 0.011889
0 0.280784 0.739917 0.005564 0.011889
0 0.288386 0.739778 0.005564 0.011889
0 0.296223 0.739361 0.005564 0.011889
0 0.303746 0.738528 0.005564 0.011889
0 0.311426 0.737278 0.005564 0.011889
0 0.222163 0.759361 0.005564 0.011889
0 0.228981 0.758806 0.005564 0.011889
0 0.236034 0.758250 0.005564 0.011889
0 0.242696 0.758111 0.005564 0.011889
0 0.249828 0.757833 0.005564 0.011889
0 0.257194 0.756306 0.005564 0.011889
0 0.264796 0.756306 0.005564 0.011889
0 0.272085 0.755750 0.005564 0.011889
0 0.293871 0.754222 0.005564 0.011889
0 0.301630 0.753667 0.005564 0.011889
0 0.309310 0.753250 0.005564 0.011889
0 0.317069 0.752972 0.005564 0.011889
0 0.227335 0.773250 0.005564 0.011889
0 0.234467 0.772694 0.005564 0.011889
0 0.241050 0.772694 0.005564 0.011889
0 0.248025 0.772417 0.005564 0.011889
0 0.255392 0.772139 0.005564 0.011889
0 0.262210 0.771861 0.005564 0.011889
0 0.270204 0.771444 0.005564 0.011889
0 0.277257 0.771167 0.005564 0.011889
0 0.284310 0.770472 0.005564 0.011889
0 0.292147 0.770056 0.005564 0.011889
0 0.299514 0.769917 0.005564 0.011889
0 0.307586 0.769639 0.005564 0.011889
0 0.314953 0.768250 0.005564 0.011889
0 0.322790 0.767139 0.005564 0.011889
0 0.239326 0.787278 0.005564 0.011889
0 0.246379 0.787000 0.005564 0.011889
0 0.253354 0.786861 0.005564 0.011889
0 0.260329 0.786167 0.005564 0.011889
0 0.267382 0.786167 0.005564 0.011889
0 0.275298 0.785056 0.005564 0.011889
0 0.282586 0.785194 0.005564 0.011889
0 0.290031 0.785333 0.005564 0.011889
0 0.297555 0.784917 0.005564 0.011889
0 0.312915 0.783806 0.005564 0.011889
0 0.320909 0.783806 0.005564 0.011889
0 0.328746 0.783389 0.005564 0.011889
0 0.244577 0.802000 0.005564 0.011889
0 0.251787 0.801444 0.005564 0.011889
0 0.258840 0.800889 0.005564 0.011889
0 0.265972 0.800611 0.005564 0.011889
0 0.273103 0.800611 0.005564 0.011889
0 0.280549 0.800472 0.005564 0.011889
0 0.287837 0.800056 0.005564 0.011889
0 0.295361 0.799639 0.005564 0.011889
0 0.302962 0.799639 0.005564 0.011889
0 0.279373 0.815611 0.005564 0.011889
0 0.286583 0.815333 0.005564 0.011889
0 0.293715 0.815472 0.005564 0.011889
0 0.301473 0.815472 0.005564 0.011889
0 0.308997 0.815194 0.005564 0.011889
0 0.316677 0.814222 0.005564 0.011889
0 0.324671 0.814222 0.005564 0.011889
0 0.332429 0.814083 0.005564 0.011889
0 0.340502 0.813944 0.005564 0.011889
0 0.255392 0.832417 0.005564 0.011889
0 0.262210 0.831861 0.005564 0.011889
0 0.269655 0.831444 0.005564 0.011889
0 0.277100 0.831722 0.005564 0.011889
0 0.282563 0.845347 0.005564 0.011889
0 0.273190 0.860778 0.005564 0.011889
0 0.280486 0.860333 0.005564 0.011889
0 0.288119 0.860625 0.005564 0.011889
0 0.295172 0.860486 0.005564 0.011889
0 0.302633 0.860625 0.005564 0.011889
0 0.310509 0.860778 0.005564 0.011889
0 0.318393 0.860931 0.005564 0.011889
0 0.326191 0.860931 0.005564 0.011889
0 0.334232 0.860486 0.005564 0.011889
0 0.342194 0.860194 0.005564 0.011889
0 0.293346 0.875625 0.005564 0.011889
0 0.301058 0.875917 0.005564 0.011889
0 0.367163 0.822417 0.005564 0.011889
0 0.361105 0.806097 0.005564 0.011889
0 0.378111 0.805806 0.005564 0.011889
0 0.354969 0.790958 0.005564 0.011889
0 0.363597 0.790806 0.005564 0.011889
0 0.372218 0.790375 0.005564 0.011889
0 0.380517 0.789931 0.005564 0.011889
0 0.348832 0.775375 0.005564 0.011889
0 0.357210 0.775528 0.005564 0.011889
0 0.365831 0.774937 0.005564 0.011903
0 0.373958 0.774639 0.005564 0.011889
0 0.382335 0.774056 0.005564 0.011889
0 0.343527 0.759944 0.005564 0.011889
0 0.351654 0.759792 0.005564 0.011889
0 0.359530 0.759653 0.005564 0.011889
0 0.368072 0.759208 0.005564 0.011889
0 0.376285 0.759069 0.005564 0.011889
0 0.331575 0.729819 0.005564 0.011889
0 0.339545 0.729222 0.005564 0.011889
0 0.347422 0.728194 0.005564 0.011889
0 0.355549 0.727611 0.005564 0.011889
0 0.364420 0.726875 0.005564 0.011889
0 0.372798 0.725986 0.005564 0.011889
0 0.381097 0.725111 0.005564 0.011889
0 0.389639 0.724222 0.005564 0.011889
0 0.398260 0.722611 0.005564 0.011889
0 0.325024 0.713792 0.005564 0.011889
0 0.333323 0.712910 0.005564 0.011903
0 0.341944 0.712181 0.005564 0.011889
0 0.349992 0.711583 0.005564 0.011889
0 0.358205 0.710708 0.005564 0.011889
0 0.321630 0.681167 0.005564 0.011889
0 0.313582 0.682625 0.005564 0.011889
0 0.307774 0.667931 0.005564 0.011889
0 0.315987 0.666458 0.005564 0.011889
0 0.323950 0.666021 0.005564 0.011903
0 0.332163 0.665583 0.005564 0.011889
0 0.339788 0.664694 0.005564 0.011889
0 0.348088 0.663222 0.005564 0.011889
0 0.356630 0.661764 0.005564 0.011889
0 0.364592 0.660875 0.005564 0.011889
0 0.373049 0.660000 0.005564 0.011889
0 0.382257 0.658375 0.005564 0.011889
0 0.391129 0.656903 0.005564 0.011889
0 0.400086 0.655875 0.005564 0.011889
0 0.302382 0.652500 0.005564 0.011889
0 0.310180 0.651764 0.005564 0.011889
0 0.317978 0.650444 0.005564 0.011889
0 0.325854 0.650000 0.005564 0.011889
0 0.333903 0.648528 0.005564 0.011889
0 0.341944 0.647208 0.005564 0.011889
0 0.350243 0.645444 0.005564 0.011889
0 0.358950 0.644861 0.005564 0.011889
0 0.367077 0.643819 0.005564 0.011889
0 0.375705 0.642361 0.005564 0.011889
0 0.384498 0.641181 0.005564 0.011889
0 0.393119 0.640000 0.005564 0.011889
0 0.401998 0.638097 0.005564 0.011889
0 0.395690 0.622222 0.005564 0.011889
0 0.321795 0.617806 0.005564 0.011889
0 0.314161 0.618986 0.005564 0.011889
0 0.306034 0.620597 0.005564 0.011889
0 0.298072 0.621042 0.005564 0.011889
0 0.291019 0.621931 0.005564 0.011889
0 0.284969 0.606792 0.005564 0.011889
0 0.292766 0.606056 0.005564 0.011889
0 0.300227 0.605028 0.005564 0.011889
0 0.308111 0.603847 0.005564 0.011889
0 0.316403 0.602819 0.005564 0.011889
0 0.324114 0.601639 0.005564 0.011889
0 0.332406 0.599736 0.005564 0.011889
0 0.340204 0.598111 0.005564 0.011889
0 0.348832 0.596347 0.005564 0.011889
0 0.357124 0.594875 0.005564 0.011889
0 0.365752 0.593847 0.005564 0.011889
0 0.374373 0.592083 0.005564 0.011889
0 0.383088 0.591056 0.005564 0.011889
0 0.376614 0.574889 0.005564 0.011889
0 0.368237 0.576069 0.005564 0.011889
0 0.359694 0.577389 0.005564 0.011889
0 0.180047 0.601472 0.005172 0.011250
0 0.235858 0.575986 0.005619 0.011722
0 0.242308 0.574028 0.005509 0.010944
0 0.268840 0.302389 0.005956 0.012361
0 0.260925 0.304750 0.005799 0.011528
0 0.253676 0.308500 0.005878 0.012083
0 0.246348 0.311556 0.005172 0.011528
0 0.238824 0.313708 0.006113 0.011944
0 0.231418 0.316625 0.006348 0.011944
0 0.224287 0.319681 0.005564 0.010278
0 0.216881 0.322111 0.005016 0.011250
0 0.210024 0.325653 0.004624 0.010556
0 0.203190 0.328229 0.005063 0.010708
0 0.196211 0.331118 0.004005 0.010125
0 0.187970 0.350146 0.005470 0.011125
0 0.194945 0.347181 0.005063 0.011278
0 0.201556 0.345299 0.005384 0.010986
0 0.208574 0.341972 0.004734 0.010417
0 0.215682 0.339472 0.005564 0.012361
0 0.222539 0.335722 0.005643 0.012083
0 0.229749 0.333708 0.005799 0.012222
0 0.237116 0.330931 0.005329 0.011667
0 0.244248 0.328431 0.005486 0.011667
0 0.251575 0.325514 0.005878 0.011389
0 0.259334 0.322181 0.005878 0.011389
0 0.266991 0.319368 0.006082 0.013403
0 0.274365 0.316757 0.005721 0.013069
0 0.192904 0.363493 0.005807 0.012097
0 0.199961 0.360708 0.005345 0.011444
0 0.206693 0.358458 0.005141 0.011361
0 0.213871 0.356222 0.005533 0.012389
0 0.221105 0.353215 0.005627 0.012208
0 0.227947 0.350549 0.005533 0.011708
0 0.235031 0.347882 0.005533 0.010847
0 0.242359 0.345215 0.005439 0.010319
0 0.250027 0.342868 0.005431 0.011486
0 0.257143 0.339931 0.005306 0.011806
0 0.264926 0.336444 0.005525 0.011694
0 0.272837 0.334292 0.005439 0.011528
0 0.280161 0.331889 0.005729 0.011528
0 0.197794 0.377576 0.005541 0.011764
0 0.204412 0.374792 0.005094 0.011528
0 0.211701 0.371528 0.005251 0.011389
0 0.219150 0.370368 0.005321 0.011264
0 0.225897 0.367056 0.005165 0.010556
0 0.233256 0.364708 0.005259 0.011250
0 0.240521 0.362042 0.005259 0.011250
0 0.248205 0.359826 0.005423 0.010958
0 0.219506 0.433542 0.005408 0.011667
0 0.226364 0.430347 0.005329 0.011111
0 0.233299 0.427847 0.005251 0.010833
0 0.240509 0.425972 0.005251 0.010694
0 0.247876 0.423472 0.005251 0.011250
0 0.255086 0.421875 0.005721 0.011111
0 0.262531 0.419861 0.005094 0.011250
0 0.270212 0.417431 0.005408 0.011667
0 0.278166 0.415069 0.005172 0.011667
0 0.285537 0.411576 0.005165 0.010903
0 0.293225 0.410410 0.005165 0.011681
0 0.301023 0.407326 0.005823 0.011736
0 0.309353 0.404931 0.005682 0.011778
0 0.317657 0.401993 0.005361 0.011208
0 0.224879 0.446639 0.005682 0.010833
0 0.231520 0.444639 0.005470 0.010639
0 0.238707 0.443312 0.005470 0.011014
0 0.245619 0.440264 0.005580 0.011778
0 0.253127 0.438660 0.005361 0.011208
0 0.260255 0.435424 0.005682 0.010819
0 0.268452 0.434375 0.005149 0.011778
0 0.276066 0.431528 0.005580 0.011778
0 0.283621 0.429840 0.005251 0.011431
0 0.291450 0.427069 0.005470 0.011583
0 0.298793 0.424500 0.005361 0.011028
0 0.307692 0.421653 0.005792 0.010639
0 0.315408 0.420035 0.005580 0.011597
0 0.323127 0.417090 0.005580 0.012153
0 0.230396 0.460979 0.005792 0.011014
0 0.237202 0.458889 0.005251 0.010639
0 0.244299 0.457424 0.005447 0.011264
