0 0.5857600000000001 0.942742 0.072854 0.041704
0 0.35380199999999995 0.976532 0.06902 0.04025
0 0.450604 0.921172 0.070916 0.044562
0 0.5359160000000001 0.869414 0.069 0.044578
0 0.62026 0.79896 0.06902 0.044578
0 0.70174 0.750078 0.06327 0.033062
0 0.775542 0.70407 0.0575 0.038828
0 0.725698 0.648718 0.061354 0.037374
0 0.607802 0.630024 0.067104 0.03739
0 0.651896 0.688976 0.06325 0.03739
0 0.534 0.671718 0.061334 0.04025
0 0.5752079999999999 0.73279 0.067084 0.04464
0 0.501406 0.617086 0.061354 0.03164
0 0.382552 0.603422 0.05752 0.030188
0 0.42185399999999995 0.658782 0.059416 0.031626
0 0.45538600000000007 0.717 0.065146 0.036
0 0.498532 0.780274 0.067104 0.035954
0 0.37392800000000004 0.765172 0.059438 0.0345
0 0.40746799999999994 0.850726 0.06902 0.044578
0 0.2598640000000001 0.745046 0.065188 0.046
0 0.34229200000000004 0.701196 0.0575 0.033078
0 0.3097080000000001 0.641524 0.061334 0.034516
0 0.279072 0.589774 0.061438 0.034516
0 0.2829680000000001 0.829196 0.05698 0.03789
0 0.22483399999999998 0.956406 0.074584 0.045938
0 0.10098000000000007 0.936516 0.068542 0.040844
0 0.32004199999999994 0.902094 0.06375 0.040626
0 0.19285400000000008 0.88264 0.072708 0.044218
0 0.07431199999999993 0.861782 0.066876 0.044374
0 0.16452 0.813422 0.067292 0.038282
0 0.04899999999999993 0.796078 0.062084 0.036094
0 0.03139599999999998 0.714594 0.059792 0.036874
0 0.1433739999999999 0.731156 0.064166 0.036562
0 0.2279580000000001 0.687796 0.058334 0.035782
0 0.11587400000000003 0.670922 0.05125 0.031094
0 0.19900000000000007 0.631468 0.060834 0.03
0 0.16879200000000005 0.577954 0.045834 0.032968
0 0.09118800000000005 0.616546 0.053124 0.032968
0 0.07098000000000004 0.564438 0.054792 0.029688
