0 0.149283 0.574978 0.017000 0.013333
0 0.545817 0.435911 0.013833 0.013333
0 0.561150 0.441578 0.013833 0.014889
0 0.573150 0.432022 0.012833 0.012667
0 0.576650 0.448244 0.012500 0.011778
0 0.588900 0.437900 0.013667 0.012867
0 0.601483 0.428356 0.015167 0.013333
0 0.592317 0.454244 0.013500 0.013111
0 0.580150 0.464567 0.013833 0.012867
0 0.604400 0.444133 0.014333 0.012000
0 0.608483 0.459800 0.015500 0.013111
0 0.595900 0.471022 0.013667 0.013333
0 0.583567 0.481022 0.014667 0.012000
0 0.616233 0.433678 0.013667 0.012422
0 0.627733 0.423800 0.013333 0.012222
0 0.619983 0.450356 0.015167 0.012889
0 0.571817 0.491689 0.015167 0.014667
0 0.587233 0.497689 0.015000 0.013778
0 0.575400 0.509022 0.015667 0.015556
0 0.599983 0.486122 0.014500 0.015089
0 0.612317 0.476244 0.015500 0.013111
0 0.624317 0.466022 0.013500 0.013111
0 0.200550 0.677589 0.018233 0.021267
0 0.236450 0.671822 0.018267 0.018622
0 0.218675 0.687111 0.017950 0.016400
0 0.198900 0.702611 0.018267 0.020822
0 0.253725 0.680900 0.016283 0.018156
0 0.236283 0.694856 0.017267 0.018600
0 0.217175 0.712133 0.018283 0.022133
0 0.143750 0.615789 0.016267 0.018156
0 0.160692 0.623311 0.016950 0.016400
0 0.234783 0.719444 0.016933 0.021689
0 0.253267 0.703378 0.016333 0.019111
0 0.251600 0.728044 0.017000 0.019556
0 0.270850 0.687822 0.017167 0.018667
0 0.270183 0.711822 0.016833 0.020444
0 0.288433 0.697044 0.018000 0.019333
0 0.269350 0.736267 0.017500 0.020889
0 0.249433 0.752933 0.020000 0.021333
0 0.268350 0.761156 0.017500 0.022667
0 0.288683 0.675711 0.017500 0.020222
0 0.305933 0.681489 0.016667 0.019333
0 0.305683 0.705933 0.016833 0.021111
0 0.287933 0.720489 0.017333 0.019556
0 0.305517 0.729711 0.017167 0.021556
0 0.287017 0.745267 0.017500 0.021111
0 0.286600 0.771489 0.018333 0.023778
0 0.271183 0.665900 0.016633 0.020644
0 0.305867 0.660244 0.017333 0.017778
0 0.322867 0.668022 0.016333 0.019556
0 0.339767 0.653789 0.017467 0.017311
0 0.339517 0.676233 0.017300 0.020422
0 0.322867 0.691133 0.017333 0.018222
0 0.356767 0.663122 0.016133 0.018200
0 0.373033 0.648800 0.016667 0.018889
0 0.389950 0.656911 0.016500 0.020889
0 0.339867 0.700578 0.016667 0.020222
0 0.323033 0.714911 0.017000 0.020444
0 0.323033 0.739022 0.017000 0.020667
0 0.340533 0.723578 0.017333 0.021333
0 0.340867 0.747467 0.017333 0.020667
0 0.305000 0.754911 0.018400 0.020267
0 0.304700 0.780778 0.017400 0.022400
0 0.322900 0.764378 0.017400 0.020533
0 0.322700 0.789844 0.018200 0.023200
0 0.341300 0.773711 0.018200 0.022933
0 0.341317 0.800233 0.019033 0.022644
0 0.250250 0.186644 0.012000 0.008889
0 0.273833 0.185644 0.011500 0.007778
0 0.261917 0.191644 0.011333 0.007778
0 0.341417 0.158644 0.010000 0.007556
0 0.330667 0.165089 0.011500 0.006667
0 0.352083 0.152422 0.010667 0.007556
0 0.296750 0.183756 0.010667 0.006667
0 0.307917 0.177089 0.011000 0.007111
0 0.319500 0.171089 0.011500 0.006667
0 0.285583 0.189422 0.011333 0.007333
0 0.273333 0.195644 0.010500 0.008222
0 0.238000 0.193644 0.012167 0.008222
0 0.250000 0.198756 0.010833 0.008222
0 0.237667 0.204644 0.012833 0.008889
0 0.261500 0.202200 0.012167 0.008889
0 0.284833 0.200533 0.011167 0.009556
0 0.296667 0.193644 0.010833 0.008222
0 0.308167 0.187200 0.010500 0.008222
0 0.319917 0.181200 0.011333 0.008222
0 0.319833 0.191644 0.010833 0.008222
0 0.308417 0.197756 0.010667 0.009333
0 0.330750 0.174978 0.010000 0.007778
0 0.331000 0.184422 0.010500 0.008444
0 0.331000 0.195422 0.010500 0.009556
0 0.238667 0.218867 0.011167 0.009333
0 0.262750 0.215978 0.011333 0.008889
0 0.286750 0.213533 0.011333 0.008444
0 0.477375 0.308378 0.014883 0.008978
0 0.465017 0.316211 0.012733 0.008644
0 0.451725 0.312578 0.012550 0.009067
0 0.495983 0.305822 0.013200 0.009600
0 0.435975 0.289978 0.012250 0.008622
0 0.425775 0.314467 0.012483 0.009600
0 0.414133 0.322944 0.011767 0.010556
0 0.400583 0.318611 0.012000 0.008956
0 0.374892 0.321978 0.012483 0.009911
0 0.388217 0.326611 0.012733 0.010244
0 0.389292 0.339578 0.012483 0.009289
0 0.349583 0.324222 0.013200 0.009911
0 0.362533 0.330144 0.011767 0.010244
0 0.401542 0.331256 0.012483 0.010556
0 0.427108 0.328100 0.011783 0.010022
0 0.439333 0.320667 0.012233 0.011111
0 0.460117 0.507822 0.013767 0.014667
0 0.444817 0.501822 0.013967 0.012800
0 0.458483 0.490378 0.013700 0.013911
0 0.429433 0.494889 0.013200 0.013333
0 0.398717 0.482489 0.013833 0.013067
0 0.414117 0.488222 0.014633 0.013333
0 0.427917 0.478111 0.013833 0.012667
0 0.430417 0.512756 0.014033 0.013333
0 0.415200 0.505822 0.013933 0.012800
0 0.397417 0.464756 0.013633 0.011733
0 0.382750 0.459133 0.014167 0.013289
0 0.399817 0.499556 0.014367 0.014667
0 0.412433 0.471422 0.014467 0.013333
0 0.383333 0.475422 0.013400 0.012800
0 0.369217 0.469689 0.014833 0.013067
0 0.426567 0.460489 0.013867 0.012800
0 0.440700 0.449956 0.015400 0.013600
0 0.369317 0.486756 0.013833 0.013600
0 0.441583 0.468400 0.013500 0.011911
0 0.443517 0.484889 0.013767 0.013067
0 0.456683 0.473822 0.012967 0.011733
0 0.446750 0.519156 0.013833 0.014933
0 0.470017 0.463156 0.013567 0.011733
0 0.471917 0.480333 0.013500 0.013556
0 0.485450 0.469178 0.014433 0.013022
0 0.370117 0.503956 0.014567 0.012800
0 0.385117 0.510356 0.014167 0.014400
0 0.501717 0.475422 0.015433 0.013333
0 0.487717 0.486489 0.012967 0.014133
0 0.474117 0.496756 0.013833 0.012800
0 0.476217 0.514111 0.013567 0.014444
0 0.489833 0.503956 0.013600 0.015467
0 0.504217 0.493422 0.015167 0.013600
0 0.505617 0.510356 0.014033 0.013333
0 0.492117 0.520756 0.013833 0.013867
0 0.815350 0.395000 0.014167 0.013422
0 0.841392 0.391967 0.014883 0.011844
0 0.858692 0.397567 0.015350 0.012156
0 0.788467 0.399156 0.013200 0.014089
0 0.735183 0.407478 0.014167 0.012156
0 0.761583 0.403956 0.014167 0.011511
0 0.751267 0.414044 0.015133 0.009911
0 0.777183 0.409722 0.013200 0.010867
0 0.497517 0.442967 0.017667 0.012422
0 0.483183 0.453533 0.013667 0.012667
0 0.498350 0.458744 0.013333 0.011978
0 0.517683 0.440633 0.013000 0.011800
0 0.467683 0.447189 0.012667 0.011578
0 0.454933 0.457633 0.013833 0.012467
0 0.384500 0.492856 0.014167 0.013089
0 0.411350 0.454156 0.014167 0.013822
0 0.400383 0.516800 0.014700 0.013822
0 0.416367 0.523900 0.014400 0.014200
0 0.370425 0.521200 0.014683 0.014978
0 0.385692 0.527356 0.014117 0.015733
0 0.371300 0.540022 0.015267 0.014978
0 0.432208 0.529856 0.014983 0.015356
0 0.448192 0.537722 0.014117 0.014200
0 0.462450 0.525622 0.014400 0.013067
0 0.478283 0.531956 0.014400 0.014978
0 0.508817 0.527544 0.014400 0.014600
0 0.494275 0.539644 0.014117 0.015733
0 0.511533 0.546011 0.014733 0.014644
0 0.464317 0.543867 0.014100 0.014222
0 0.480358 0.551133 0.013950 0.014267
0 0.497317 0.558111 0.015033 0.014889
0 0.513992 0.565178 0.015550 0.015378
0 0.466625 0.563067 0.014117 0.015733
0 0.434083 0.548856 0.015267 0.017267
0 0.417808 0.541756 0.013817 0.014578
0 0.401825 0.535222 0.014683 0.014578
0 0.387425 0.547122 0.014117 0.014600
0 0.403550 0.554044 0.015267 0.013822
0 0.525233 0.488956 0.014967 0.011911
0 0.528825 0.506233 0.014117 0.014200
0 0.519608 0.456122 0.014683 0.014600
0 0.523075 0.472056 0.014117 0.014200
0 0.533583 0.445756 0.014400 0.013822
0 0.536175 0.461878 0.013250 0.012289
0 0.539058 0.478011 0.013817 0.011533
0 0.548700 0.451700 0.014100 0.011133
0 0.520667 0.634356 0.016333 0.017778
0 0.538500 0.642467 0.015000 0.016222
0 0.553083 0.629467 0.014833 0.017778
0 0.585083 0.623578 0.015833 0.018000
0 0.629500 0.605578 0.017000 0.018000
0 0.616500 0.619022 0.015667 0.017778
0 0.602583 0.632022 0.015833 0.018889
0 0.660917 0.600133 0.017167 0.016000
0 0.647833 0.613022 0.016333 0.017778
0 0.589583 0.583689 0.016167 0.016000
0 0.570417 0.637467 0.015833 0.019556
0 0.556500 0.651233 0.015333 0.019533
0 0.542083 0.665022 0.016167 0.018667
0 0.524167 0.656689 0.016000 0.019778
0 0.506083 0.647789 0.016833 0.018422
0 0.588583 0.645689 0.015167 0.017778
0 0.574750 0.659356 0.016500 0.018000
0 0.634175 0.626011 0.016083 0.018867
0 0.620850 0.639444 0.016333 0.017600
0 0.568292 0.556722 0.014883 0.015356
0 0.572967 0.576733 0.016567 0.017600
0 0.470850 0.632089 0.016333 0.017600
0 0.455483 0.646489 0.014400 0.018889
0 0.488492 0.640256 0.017050 0.019844
0 0.472533 0.654178 0.017767 0.017600
0 0.582092 0.544722 0.014650 0.015044
0 0.594925 0.533367 0.014883 0.015356
0 0.598408 0.552411 0.015117 0.015044
0 0.585208 0.564089 0.016083 0.015378
0 0.611850 0.540244 0.015133 0.016311
0 0.615692 0.559611 0.016550 0.014067
0 0.602850 0.571289 0.015367 0.016311
0 0.619667 0.578122 0.015333 0.018022
0 0.488950 0.192733 0.012000 0.006667
0 0.478450 0.199178 0.011667 0.008000
0 0.501200 0.196844 0.012500 0.007333
0 0.490783 0.202511 0.012000 0.007556
0 0.480033 0.209622 0.011167 0.007556
0 0.510950 0.189844 0.012000 0.008000
0 0.503033 0.207178 0.011167 0.008000
0 0.492533 0.213400 0.011500 0.008444
0 0.482033 0.220622 0.011167 0.007778
0 0.523867 0.194511 0.011500 0.007111
0 0.513367 0.200400 0.011167 0.007333
0 0.534033 0.187178 0.012167 0.007111
0 0.483200 0.231289 0.010833 0.008667
0 0.460533 0.201511 0.011167 0.007333
0 0.448450 0.197289 0.011333 0.007778
0 0.462367 0.211400 0.012167 0.008444
0 0.438033 0.204067 0.011500 0.006667
0 0.425033 0.199400 0.011167 0.008444
0 0.415033 0.206733 0.011500 0.007111
0 0.402783 0.202511 0.011333 0.008000
0 0.372550 0.558567 0.015900 0.014733
0 0.388558 0.566111 0.015183 0.016000
0 0.404800 0.573111 0.015000 0.016667
0 0.356808 0.552111 0.014650 0.016444
0 0.357225 0.571111 0.015483 0.016667
0 0.373392 0.578667 0.015517 0.017111
0 0.357150 0.590889 0.015000 0.016667
0 0.355983 0.533444 0.015333 0.014667
0 0.340558 0.526333 0.014850 0.014222
0 0.340975 0.545000 0.014317 0.014222
0 0.325642 0.537778 0.014650 0.014444
0 0.325725 0.556444 0.014817 0.015778
0 0.340967 0.563222 0.015000 0.015111
0 0.325633 0.576111 0.015000 0.015556
0 0.341725 0.582778 0.016150 0.015556
0 0.325308 0.596111 0.015350 0.016000
0 0.342233 0.603000 0.016167 0.016889
0 0.420058 0.561222 0.015150 0.016889
0 0.389642 0.585333 0.015317 0.016667
0 0.373975 0.598444 0.016317 0.017111
0 0.390475 0.606111 0.015683 0.019111
0 0.436067 0.568111 0.014500 0.016000
0 0.421308 0.580556 0.016350 0.016000
0 0.405975 0.592556 0.015683 0.016889
0 0.374725 0.619000 0.016517 0.017333
0 0.358317 0.611111 0.015667 0.017111
0 0.342558 0.624667 0.016517 0.018889
0 0.452475 0.575667 0.015983 0.016889
0 0.437892 0.588444 0.016183 0.016222
0 0.422558 0.600444 0.015517 0.018000
0 0.407233 0.614333 0.016167 0.018222
0 0.483308 0.570667 0.015350 0.015778
0 0.468892 0.582111 0.014850 0.016444
0 0.485817 0.589944 0.015367 0.017444
0 0.471308 0.602889 0.016350 0.017111
0 0.500400 0.577111 0.014833 0.016222
0 0.517217 0.585222 0.015833 0.015111
0 0.503142 0.597667 0.015650 0.016889
0 0.438292 0.608378 0.015150 0.016222
0 0.478367 0.321867 0.013000 0.009778
0 0.452617 0.324867 0.012833 0.009556
0 0.466367 0.330756 0.013000 0.009778
0 0.440867 0.332978 0.012333 0.008889
0 0.454450 0.338644 0.012833 0.008667
0 0.480867 0.335089 0.013000 0.010000
0 0.429033 0.341311 0.012000 0.010000
0 0.415283 0.336644 0.012167 0.010444
0 0.442283 0.346533 0.011500 0.010222
0 0.456117 0.352089 0.012500 0.011111
0 0.468283 0.343756 0.012833 0.010000
0 0.482367 0.347756 0.012333 0.010889
0 0.402617 0.345200 0.012167 0.008444
0 0.416200 0.350644 0.012667 0.009556
0 0.429783 0.354978 0.011833 0.010222
0 0.375783 0.335200 0.011833 0.010667
0 0.376367 0.348533 0.012667 0.009778
0 0.390283 0.354200 0.012500 0.011333
0 0.403867 0.359089 0.012000 0.010444
0 0.417283 0.364200 0.012167 0.010000
0 0.443700 0.360644 0.012667 0.010000
0 0.431117 0.369200 0.012500 0.011111
0 0.390867 0.367311 0.012333 0.010000
0 0.377367 0.361867 0.012667 0.010667
0 0.470033 0.357200 0.012000 0.011111
0 0.484375 0.361756 0.012017 0.010889
0 0.353883 0.463111 0.014600 0.013600
0 0.339683 0.473244 0.014600 0.013067
0 0.354683 0.480311 0.014200 0.013867
0 0.339983 0.491378 0.014400 0.013600
0 0.340483 0.508978 0.014200 0.014133
0 0.355483 0.514978 0.013800 0.013333
0 0.184183 0.550578 0.016000 0.014667
0 0.199683 0.557511 0.015000 0.015200
0 0.214783 0.564311 0.015600 0.014933
0 0.231983 0.552444 0.016400 0.015733
0 0.166383 0.562444 0.016400 0.014933
0 0.181683 0.569778 0.016600 0.014133
0 0.197883 0.576844 0.015400 0.016533
0 0.230483 0.571378 0.015400 0.015733
0 0.247083 0.559378 0.015800 0.016267
0 0.154283 0.535378 0.016200 0.014133
0 0.150983 0.554844 0.015200 0.015733
0 0.692533 0.592922 0.019900 0.018244
0 0.164883 0.582044 0.016200 0.016267
0 0.213683 0.583911 0.016200 0.016800
0 0.180683 0.589511 0.016200 0.015733
0 0.278883 0.554444 0.014600 0.015467
0 0.294483 0.561511 0.016200 0.015200
0 0.310483 0.550711 0.015800 0.017067
0 0.245483 0.578044 0.015000 0.015733
0 0.228683 0.591778 0.015400 0.017600
0 0.196383 0.596711 0.017200 0.016267
0 0.262483 0.566178 0.014600 0.013867
0 0.278183 0.573511 0.016000 0.016267
0 0.310483 0.569244 0.015800 0.016267
0 0.211383 0.604044 0.015600 0.016533
0 0.245383 0.599244 0.016000 0.017600
0 0.261783 0.586044 0.016000 0.016800
0 0.294483 0.580978 0.016200 0.016267
0 0.278083 0.593911 0.016200 0.015467
0 0.146483 0.594844 0.017400 0.015733
0 0.162183 0.601911 0.016800 0.014933
0 0.178483 0.610178 0.016200 0.015467
0 0.194383 0.617511 0.015600 0.017333
0 0.228283 0.611778 0.016600 0.017067
0 0.210383 0.625111 0.016400 0.017067
0 0.192383 0.638311 0.016400 0.017867
0 0.175883 0.630978 0.016600 0.016000
0 0.157483 0.644444 0.019400 0.018400
0 0.174083 0.652844 0.019400 0.019200
0 0.294283 0.601644 0.015400 0.014933
0 0.261483 0.606578 0.016600 0.016800
0 0.244183 0.619778 0.017600 0.015467
0 0.226683 0.634044 0.015800 0.017867
0 0.209883 0.647511 0.019000 0.017067
0 0.243183 0.641778 0.016800 0.020533
0 0.260183 0.627911 0.016000 0.017867
0 0.310183 0.588311 0.015200 0.016000
0 0.310283 0.609111 0.016200 0.017067
0 0.326283 0.617111 0.015800 0.018133
0 0.310083 0.630178 0.017000 0.017600
0 0.277083 0.614444 0.017400 0.017067
0 0.293583 0.622178 0.017600 0.019200
0 0.276583 0.636711 0.019200 0.020533
0 0.220642 0.491211 0.015617 0.016511
0 0.205842 0.483544 0.014683 0.014200
0 0.189708 0.496211 0.016983 0.016511
0 0.175167 0.487956 0.017867 0.015378
0 0.172717 0.506189 0.017000 0.013444
0 0.171567 0.524244 0.017000 0.014222
0 0.158317 0.499856 0.015833 0.014600
0 0.143917 0.492567 0.015833 0.015356
0 0.141758 0.511189 0.016117 0.014200
0 0.126642 0.503322 0.016983 0.015356
0 0.156300 0.518089 0.017000 0.014978
0 0.139742 0.529044 0.017850 0.015378
0 0.125050 0.522511 0.018433 0.016133
0 0.122167 0.541133 0.018433 0.017289
0 0.136717 0.548044 0.017000 0.014978
0 0.133983 0.567056 0.018433 0.016911
0 0.131675 0.586444 0.017850 0.018044
0 0.440475 0.658700 0.016917 0.020556
0 0.450183 0.556522 0.014433 0.015267
0 0.454158 0.594667 0.016417 0.017244
0 0.442150 0.681089 0.015200 0.018889
0 0.457525 0.666811 0.016250 0.017978
0 0.475325 0.675100 0.014517 0.019800
0 0.444042 0.704822 0.015550 0.021200
0 0.460292 0.689378 0.016250 0.018889
0 0.428150 0.719111 0.016233 0.020267
0 0.429708 0.742844 0.016583 0.019822
0 0.431608 0.769333 0.017617 0.023022
0 0.490875 0.661744 0.016583 0.020733
0 0.493292 0.683400 0.016583 0.019822
0 0.478267 0.698133 0.016233 0.018889
0 0.446983 0.728322 0.017967 0.020289
0 0.652533 0.634767 0.015600 0.018600
0 0.670892 0.642433 0.016317 0.016600
0 0.678450 0.608856 0.015133 0.017267
0 0.684208 0.628700 0.016083 0.016644
0 0.676292 0.664378 0.017050 0.018889
0 0.663450 0.678778 0.016800 0.018222
0 0.668008 0.701656 0.016317 0.020467
0 0.654325 0.715867 0.017283 0.020800
0 0.696450 0.616856 0.015133 0.016644
0 0.702575 0.637000 0.014883 0.017867
0 0.690333 0.650300 0.015833 0.018867
0 0.709775 0.603400 0.017283 0.017333
0 0.715292 0.623744 0.015850 0.016956
0 0.721775 0.644822 0.016317 0.017600
0 0.708567 0.658767 0.015367 0.017889
0 0.695617 0.673156 0.016800 0.018533
0 0.682167 0.686933 0.015833 0.020489
0 0.673775 0.725178 0.016317 0.020178
0 0.688167 0.711256 0.016800 0.020467
0 0.728367 0.611078 0.015600 0.017311
0 0.734250 0.631878 0.016333 0.017889
0 0.728008 0.666578 0.017283 0.017600
0 0.715525 0.681300 0.017283 0.018867
0 0.701250 0.696056 0.017033 0.019533
0 0.708083 0.719422 0.016800 0.019511
0 0.695125 0.734444 0.018717 0.020756
0 0.746967 0.618767 0.015833 0.017889
0 0.753575 0.638933 0.016083 0.017289
0 0.740492 0.653978 0.016317 0.017911
0 0.734725 0.689978 0.017283 0.018889
0 0.721050 0.705011 0.017267 0.018244
0 0.760525 0.661978 0.017517 0.017289
0 0.747933 0.675578 0.016800 0.016978
0 0.741450 0.712867 0.016800 0.019200
0 0.728492 0.729167 0.018250 0.023000
0 0.765808 0.626622 0.016083 0.015689
0 0.773733 0.648022 0.018000 0.018222
0 0.780808 0.670778 0.017283 0.016311
0 0.768208 0.683900 0.017050 0.018867
0 0.754167 0.699100 0.016800 0.019844
0 0.761492 0.723244 0.017517 0.021467
0 0.774683 0.707222 0.018000 0.020178
0 0.788008 0.692856 0.015850 0.018867
0 0.643600 0.429778 0.013567 0.011822
0 0.654508 0.419711 0.012117 0.010267
0 0.682283 0.415733 0.015000 0.012044
0 0.708525 0.411889 0.014417 0.011022
0 0.647392 0.444578 0.014417 0.012800
0 0.636042 0.455600 0.014417 0.013333
0 0.723817 0.417278 0.014233 0.011533
0 0.686417 0.431511 0.014033 0.012311
0 0.674783 0.441256 0.014233 0.012822
0 0.663250 0.451756 0.014233 0.012311
0 0.458100 0.365622 0.013833 0.009778
0 0.487017 0.376511 0.014000 0.011556
0 0.445675 0.375033 0.013317 0.010822
0 0.419100 0.378733 0.013500 0.011111
0 0.377767 0.376956 0.012167 0.012000
0 0.391767 0.382400 0.013500 0.011778
0 0.405933 0.388178 0.013167 0.011778
0 0.447092 0.389367 0.013150 0.012511
0 0.433017 0.384178 0.014333 0.012222
0 0.459267 0.380067 0.014833 0.012444
0 0.363267 0.344289 0.012833 0.011556
0 0.363767 0.357733 0.013500 0.013111
0 0.364017 0.371289 0.014333 0.013111
0 0.364592 0.385844 0.014150 0.012000
0 0.474183 0.385178 0.014333 0.013333
0 0.489850 0.390956 0.016667 0.012444
0 0.420433 0.392733 0.014500 0.011556
0 0.406675 0.402367 0.013650 0.013044
0 0.379183 0.390622 0.014000 0.011778
0 0.393100 0.397067 0.013167 0.011778
0 0.365767 0.400733 0.014167 0.012889
0 0.379683 0.405956 0.013667 0.012222
0 0.434433 0.398511 0.013167 0.012000
0 0.461600 0.395400 0.013833 0.011556
0 0.448600 0.404178 0.014167 0.012667
0 0.476008 0.400033 0.014983 0.012822
0 0.420842 0.407256 0.014317 0.013489
0 0.463767 0.409067 0.014500 0.014000
0 0.491008 0.405478 0.014317 0.014378
0 0.366342 0.415033 0.014317 0.013044
0 0.380683 0.420511 0.014333 0.014222
0 0.394017 0.411511 0.014333 0.012667
0 0.408258 0.417144 0.014150 0.013267
0 0.436258 0.413589 0.014817 0.013267
0 0.367183 0.432067 0.015333 0.014667
0 0.381517 0.436956 0.016667 0.015111
0 0.395267 0.426733 0.014167 0.013778
0 0.423092 0.423367 0.015483 0.011933
0 0.409517 0.432733 0.014667 0.014222
0 0.437933 0.429400 0.014500 0.012889
0 0.450683 0.419622 0.015000 0.013778
0 0.465517 0.424844 0.014000 0.015333
0 0.478267 0.415511 0.014500 0.014889
0 0.493850 0.421289 0.016333 0.014889
0 0.203283 0.350022 0.014000 0.012222
0 0.217033 0.341800 0.014167 0.012222
0 0.216283 0.355911 0.014667 0.009778
0 0.201617 0.364133 0.014000 0.012000
0 0.200200 0.378356 0.014500 0.011111
0 0.185533 0.387911 0.013833 0.012444
0 0.170617 0.395911 0.014667 0.012889
0 0.155033 0.405911 0.013833 0.012444
0 0.168617 0.411911 0.014667 0.012889
0 0.183950 0.402467 0.014667 0.011778
0 0.153367 0.421356 0.015833 0.011333
0 0.230700 0.346689 0.013500 0.011778
0 0.243950 0.336800 0.014667 0.012444
0 0.229450 0.360467 0.014000 0.012222
0 0.214950 0.369133 0.015333 0.013111
0 0.256950 0.343467 0.014000 0.011556
0 0.243117 0.351911 0.014333 0.012444
0 0.242533 0.365689 0.014833 0.012000
0 0.228700 0.375133 0.014500 0.011778
0 0.213533 0.383578 0.015167 0.012222
0 0.198950 0.393133 0.015333 0.012667
0 0.197783 0.410178 0.016000 0.006578
0 0.212867 0.398689 0.014500 0.011778
0 0.227367 0.389133 0.014833 0.012667
0 0.241950 0.379911 0.015000 0.012889
0 0.271200 0.334133 0.013833 0.012000
0 0.270617 0.348578 0.013667 0.011111
0 0.182700 0.417578 0.015833 0.013111
0 0.211533 0.413689 0.015167 0.012000
0 0.226283 0.404244 0.015000 0.012667
0 0.240617 0.395022 0.014667 0.012444
0 0.256700 0.356911 0.014167 0.011778
0 0.283950 0.339800 0.013333 0.013111
0 0.297867 0.331689 0.013500 0.009778
0 0.297200 0.345244 0.013500 0.012000
0 0.283950 0.354022 0.013333 0.011778
0 0.270450 0.362133 0.015000 0.011556
0 0.255533 0.370911 0.014167 0.013111
0 0.196283 0.423356 0.015333 0.013111
0 0.167033 0.428022 0.015500 0.012222
0 0.151200 0.437244 0.015500 0.013778
0 0.180033 0.432689 0.016167 0.013111
0 0.255200 0.385689 0.014500 0.012889
0 0.269117 0.376022 0.013667 0.013556
0 0.283033 0.367578 0.014167 0.011778
0 0.120650 0.440622 0.016800 0.014667
0 0.118550 0.457422 0.017000 0.016267
0 0.116150 0.474756 0.018600 0.016800
0 0.135150 0.447822 0.015400 0.013600
0 0.132750 0.463556 0.016600 0.014133
0 0.165250 0.443156 0.016000 0.014400
0 0.149250 0.453556 0.016000 0.014400
0 0.147550 0.470222 0.016200 0.014667
0 0.163450 0.459556 0.017200 0.013067
0 0.179550 0.449556 0.016200 0.013333
0 0.177050 0.466222 0.016400 0.016800
0 0.195250 0.438889 0.016000 0.016000
0 0.193950 0.456222 0.016200 0.014400
0 0.283850 0.381956 0.015600 0.013067
0 0.269250 0.391289 0.014400 0.013067
0 0.255150 0.400889 0.014600 0.014133
0 0.240150 0.409956 0.015000 0.013600
0 0.225350 0.419422 0.015000 0.012800
0 0.209750 0.430222 0.015000 0.011467
0 0.282650 0.397422 0.014800 0.012000
0 0.268950 0.406356 0.015800 0.014400
0 0.254550 0.416222 0.016600 0.012800
0 0.239750 0.425689 0.016200 0.013600
0 0.224350 0.434622 0.015800 0.013867
0 0.208950 0.445289 0.015400 0.013867
0 0.282750 0.412222 0.015800 0.012800
0 0.207650 0.462222 0.016400 0.014667
0 0.223650 0.451822 0.016400 0.014667
0 0.238350 0.441956 0.014600 0.013600
0 0.253650 0.430622 0.016800 0.013867
0 0.268050 0.421289 0.014000 0.014400
0 0.281250 0.427289 0.014800 0.014133
0 0.310250 0.336711 0.012667 0.011778
0 0.322417 0.328389 0.013333 0.011578
0 0.323833 0.341944 0.014500 0.011533
0 0.336417 0.333267 0.013333 0.013333
0 0.310750 0.350500 0.014000 0.012689
0 0.297083 0.358822 0.013667 0.011111
0 0.336917 0.347067 0.013333 0.011556
0 0.349917 0.338167 0.014333 0.012022
0 0.350417 0.352056 0.013667 0.013133
0 0.310250 0.363933 0.013200 0.010400
0 0.296650 0.372333 0.014000 0.012800
0 0.324150 0.355133 0.014200 0.012533
0 0.336850 0.360600 0.013600 0.012800
0 0.310350 0.379133 0.014200 0.013067
0 0.323750 0.369267 0.013800 0.012533
0 0.350550 0.365533 0.014200 0.013067
0 0.296250 0.387400 0.013200 0.012533
0 0.310150 0.392733 0.013800 0.013067
0 0.324050 0.383533 0.014400 0.012800
0 0.337850 0.373800 0.014000 0.011467
0 0.350950 0.379800 0.013800 0.012800
0 0.296350 0.403000 0.013800 0.012800
0 0.296450 0.417800 0.015200 0.013067
0 0.296150 0.433133 0.015400 0.014400
0 0.310450 0.407800 0.014400 0.012267
0 0.310550 0.423133 0.014600 0.014133
0 0.323850 0.398467 0.013600 0.012800
0 0.700750 0.480222 0.015333 0.014000
0 0.712583 0.469778 0.014667 0.014000
0 0.694250 0.508667 0.014667 0.016667
0 0.706083 0.497444 0.015000 0.014222
0 0.718250 0.486556 0.015667 0.016000
0 0.723500 0.458556 0.015167 0.013333
0 0.734250 0.448889 0.014333 0.014889
0 0.740083 0.423667 0.014667 0.014222
0 0.745500 0.439111 0.016167 0.014444
0 0.729667 0.475889 0.015167 0.017333
0 0.756250 0.429000 0.014667 0.013778
0 0.750833 0.455000 0.014833 0.015111
0 0.740167 0.465778 0.015167 0.012667
0 0.762833 0.444889 0.016167 0.014000
0 0.768083 0.461222 0.016000 0.014667
0 0.757000 0.471222 0.016167 0.015111
0 0.746583 0.482222 0.016000 0.014000
0 0.734667 0.492222 0.017167 0.014889
0 0.723167 0.503889 0.016500 0.016444
0 0.711500 0.514889 0.016167 0.014889
0 0.772750 0.434889 0.014667 0.015333
0 0.779333 0.451556 0.015833 0.016222
0 0.700250 0.526444 0.016667 0.015333
0 0.687500 0.537444 0.016500 0.016889
0 0.774500 0.477667 0.016500 0.016444
0 0.763750 0.489000 0.015333 0.015111
0 0.752000 0.498778 0.015833 0.015111
0 0.740333 0.510000 0.017167 0.015778
0 0.728750 0.521556 0.018000 0.015778
0 0.785167 0.467222 0.017167 0.014667
0 0.791667 0.483889 0.017500 0.016889
0 0.780333 0.494778 0.017500 0.016000
0 0.769667 0.505889 0.017500 0.016444
0 0.758417 0.517556 0.016667 0.016667
0 0.789750 0.441111 0.015333 0.015333
0 0.795750 0.456778 0.016667 0.014667
0 0.802750 0.473333 0.018667 0.017556
0 0.808917 0.490222 0.017333 0.017556
0 0.798167 0.501444 0.015833 0.016889
0 0.787417 0.513000 0.017333 0.016444
0 0.675167 0.549333 0.015500 0.017778
0 0.680833 0.568444 0.017167 0.017778
0 0.693333 0.556556 0.016833 0.018000
0 0.705417 0.544667 0.017333 0.017778
0 0.717333 0.532778 0.016833 0.016667
0 0.844200 0.431956 0.017333 0.013333
0 0.862367 0.438511 0.018333 0.014889
0 0.816367 0.436733 0.015667 0.016222
0 0.806033 0.446956 0.016667 0.015333
0 0.824200 0.453067 0.016000 0.015111
0 0.833533 0.443067 0.017333 0.015556
0 0.851200 0.448400 0.017000 0.015556
0 0.869033 0.454956 0.018667 0.014889
0 0.813617 0.463067 0.019833 0.014222
0 0.830367 0.469622 0.016333 0.015333
0 0.840867 0.458956 0.017333 0.014444
0 0.858117 0.464956 0.017167 0.015778
0 0.877117 0.470400 0.019500 0.016444
0 0.214600 0.221000 0.012333 0.010444
0 0.202267 0.228667 0.013000 0.009778
0 0.200933 0.239889 0.013333 0.008667
0 0.187600 0.246333 0.013333 0.009556
0 0.213850 0.233222 0.011500 0.008667
0 0.227183 0.226222 0.012833 0.008444
0 0.250600 0.223333 0.012667 0.008000
0 0.274600 0.221111 0.012667 0.008889
0 0.238517 0.230444 0.013167 0.008444
0 0.225850 0.236889 0.012500 0.008444
0 0.213183 0.244222 0.012833 0.008889
0 0.199767 0.251556 0.012333 0.009333
0 0.186600 0.258111 0.013000 0.010444
0 0.262767 0.227889 0.012333 0.009111
0 0.250017 0.234778 0.012833 0.008222
0 0.310600 0.211222 0.012333 0.009111
0 0.298433 0.218444 0.012000 0.008444
0 0.286933 0.225333 0.012000 0.010222
0 0.274683 0.232000 0.012500 0.009333
0 0.262350 0.239000 0.012500 0.009111
0 0.237517 0.241556 0.012167 0.008889
0 0.249683 0.246444 0.013167 0.009778
0 0.322433 0.216333 0.012000 0.009556
0 0.310600 0.222444 0.013000 0.009778
0 0.298767 0.229667 0.012000 0.009111
0 0.286767 0.236000 0.012000 0.008889
0 0.274100 0.242778 0.013000 0.009556
0 0.261433 0.250778 0.013000 0.009556
0 0.224850 0.248889 0.012833 0.009333
0 0.236933 0.253222 0.013000 0.009556
0 0.212183 0.256444 0.012500 0.009333
0 0.198933 0.263111 0.013667 0.008889
0 0.172933 0.265667 0.013333 0.010889
0 0.185350 0.270667 0.013833 0.010222
0 0.171433 0.278333 0.014000 0.010000
0 0.223933 0.261000 0.012667 0.009111
0 0.249433 0.257889 0.013667 0.009556
0 0.236267 0.264889 0.014000 0.009333
0 0.210683 0.267333 0.012833 0.009333
0 0.223267 0.272111 0.014667 0.010000
0 0.197433 0.274889 0.012667 0.011111
0 0.183850 0.283000 0.013500 0.010000
0 0.323100 0.227444 0.012333 0.010444
0 0.310683 0.233222 0.013833 0.010000
0 0.322267 0.238667 0.011333 0.009778
0 0.310933 0.245111 0.012333 0.009778
0 0.298850 0.240667 0.012167 0.010222
0 0.286433 0.247778 0.013333 0.010667
0 0.273600 0.254556 0.013333 0.010000
0 0.298433 0.252778 0.013333 0.010000
0 0.322600 0.249889 0.012667 0.009556
0 0.310600 0.257111 0.013333 0.011111
0 0.285933 0.259556 0.012667 0.010667
0 0.261183 0.262667 0.012833 0.011111
0 0.248517 0.269333 0.014167 0.010222
0 0.235183 0.277333 0.013833 0.010667
0 0.222767 0.284667 0.013333 0.009778
0 0.210183 0.280111 0.013833 0.009556
0 0.196433 0.287778 0.013667 0.010222
0 0.169767 0.290111 0.015000 0.011333
0 0.156350 0.297556 0.014833 0.011111
0 0.260767 0.274667 0.013333 0.011111
0 0.273517 0.267222 0.013167 0.010889
0 0.322850 0.261889 0.013167 0.010444
0 0.168850 0.303667 0.013500 0.010889
0 0.154517 0.311111 0.013833 0.011556
0 0.182850 0.295444 0.013833 0.010444
0 0.181350 0.308000 0.015167 0.011111
0 0.195600 0.300333 0.014667 0.011778
0 0.208850 0.292778 0.013500 0.010889
0 0.166850 0.316778 0.013833 0.010000
0 0.179350 0.321000 0.014167 0.010444
0 0.165183 0.329111 0.014833 0.011556
0 0.193933 0.313222 0.015333 0.011778
0 0.192183 0.326778 0.015167 0.013111
0 0.234600 0.289556 0.012667 0.009778
0 0.248100 0.281556 0.015333 0.010667
0 0.298517 0.264889 0.013833 0.009778
0 0.286100 0.271667 0.014000 0.011333
0 0.272767 0.279111 0.013333 0.010222
0 0.259933 0.286667 0.014000 0.011111
0 0.247267 0.294000 0.014000 0.010667
0 0.221267 0.297667 0.014000 0.011778
0 0.207433 0.304222 0.014667 0.011556
0 0.310850 0.269000 0.014500 0.009111
0 0.298100 0.276222 0.013667 0.010667
0 0.323600 0.273778 0.013333 0.010222
0 0.311017 0.281111 0.014500 0.011556
0 0.285517 0.284000 0.013833 0.010222
0 0.311267 0.305778 0.013000 0.010222
0 0.259600 0.299333 0.013667 0.010667
0 0.233767 0.301556 0.014667 0.010667
0 0.246267 0.306667 0.014667 0.011111
0 0.298267 0.289000 0.014333 0.011778
0 0.322767 0.285444 0.013667 0.010000
0 0.206350 0.317889 0.013167 0.010889
0 0.220350 0.310000 0.015500 0.009333
0 0.218933 0.323556 0.014667 0.012000
0 0.232850 0.315222 0.014500 0.010889
0 0.245683 0.319667 0.015500 0.012222
0 0.311267 0.293222 0.014000 0.011333
0 0.285433 0.295889 0.014667 0.011333
0 0.272600 0.303333 0.014333 0.011556
0 0.259100 0.311778 0.014333 0.011556
0 0.271517 0.317667 0.014500 0.010889
0 0.284517 0.308556 0.013500 0.011333
0 0.297517 0.301111 0.014167 0.010667
0 0.297933 0.313667 0.014000 0.010444
0 0.272850 0.293333 0.013500 0.010667
0 0.323100 0.298111 0.012333 0.009556
0 0.333533 0.208800 0.011200 0.009867
0 0.333933 0.220667 0.011200 0.008000
0 0.357033 0.206667 0.012600 0.008800
0 0.345833 0.213733 0.012200 0.008533
0 0.380933 0.204133 0.013200 0.008533
0 0.392233 0.209467 0.011000 0.008533
0 0.369033 0.211600 0.011400 0.008533
0 0.357733 0.218533 0.012400 0.009600
0 0.346133 0.224933 0.012000 0.009600
0 0.334533 0.231467 0.011600 0.009333
0 0.369533 0.222533 0.012000 0.009067
0 0.381233 0.215733 0.013000 0.008267
0 0.426833 0.209467 0.011400 0.008533
0 0.449833 0.207333 0.011000 0.008533
0 0.438933 0.213600 0.013600 0.008800
0 0.416333 0.217200 0.012000 0.008000
0 0.451733 0.218400 0.012400 0.008800
0 0.393233 0.219600 0.012200 0.009067
0 0.358033 0.228533 0.012600 0.009867
0 0.346433 0.235333 0.012200 0.009067
0 0.334833 0.242667 0.011400 0.008800
0 0.453133 0.228800 0.012400 0.008800
0 0.440333 0.224933 0.011200 0.008533
0 0.428633 0.220800 0.011400 0.009333
0 0.416533 0.227867 0.011600 0.009067
0 0.404733 0.223867 0.012800 0.008000
0 0.393433 0.230400 0.012200 0.009333
0 0.405633 0.234267 0.013400 0.009067
0 0.382133 0.237733 0.012000 0.009067
0 0.346833 0.258133 0.012200 0.009333
0 0.335033 0.266000 0.012200 0.010667
0 0.394833 0.241067 0.013000 0.009333
0 0.418233 0.238133 0.012200 0.009333
0 0.466933 0.243867 0.012000 0.010133
0 0.443233 0.246267 0.011800 0.009600
0 0.347333 0.269867 0.013200 0.009333
0 0.335433 0.277067 0.013000 0.010933
0 0.396333 0.264667 0.012400 0.009067
0 0.397033 0.276933 0.013000 0.009600
0 0.469033 0.255867 0.012600 0.009067
0 0.456033 0.251067 0.013400 0.008533
0 0.430733 0.242133 0.012000 0.008800
0 0.419233 0.250000 0.012200 0.009600
0 0.382933 0.248267 0.012000 0.009333
0 0.371633 0.255467 0.012600 0.009333
0 0.359533 0.262133 0.012400 0.009867
0 0.359933 0.274533 0.012400 0.010133
0 0.471333 0.267333 0.012800 0.010133
0 0.473133 0.278800 0.014000 0.010133
0 0.474333 0.291867 0.013200 0.009600
0 0.457633 0.262933 0.012600 0.009867
0 0.444333 0.258000 0.012400 0.010133
0 0.431633 0.254533 0.012600 0.010133
0 0.420833 0.261867 0.012600 0.009867
0 0.407933 0.257600 0.012400 0.009333
0 0.383633 0.259733 0.013000 0.008800
0 0.433133 0.266533 0.012400 0.009067
0 0.459033 0.275067 0.012200 0.010133
0 0.372233 0.267467 0.013000 0.009867
0 0.372733 0.279600 0.012400 0.010667
0 0.384433 0.272000 0.012600 0.009333
0 0.409017 0.269644 0.012967 0.010489
0 0.360833 0.286267 0.013800 0.011200
0 0.348133 0.294000 0.012800 0.010667
0 0.446133 0.270400 0.013200 0.010400
0 0.460433 0.287600 0.012200 0.010667
0 0.447633 0.282800 0.013400 0.008533
0 0.449433 0.294933 0.013400 0.009867
0 0.434533 0.278000 0.012400 0.009600
0 0.422733 0.285556 0.012000 0.011556
0 0.421933 0.273867 0.013200 0.010400
0 0.410533 0.280800 0.013200 0.010400
0 0.385333 0.283200 0.013600 0.012000
0 0.424133 0.298400 0.012000 0.009867
0 0.411733 0.293867 0.014800 0.010933
0 0.398033 0.288267 0.012600 0.010933
0 0.373233 0.291333 0.013000 0.009600
0 0.348633 0.307867 0.013000 0.010667
0 0.360933 0.299333 0.012800 0.011733
0 0.374233 0.304533 0.013800 0.012000
0 0.386133 0.296400 0.013600 0.011200
0 0.399333 0.301600 0.014400 0.012000
0 0.354867 0.496156 0.014400 0.015733
0 0.325208 0.518233 0.014983 0.015356
0 0.361933 0.137600 0.010800 0.008533
0 0.372833 0.132267 0.010600 0.009067
0 0.394133 0.129067 0.010400 0.008533
0 0.414933 0.127467 0.011200 0.009067
0 0.404733 0.133200 0.010800 0.007733
0 0.383733 0.135733 0.011200 0.008000
0 0.426133 0.132533 0.010000 0.008533
0 0.449033 0.138400 0.010200 0.007467
0 0.415933 0.137467 0.010000 0.006667
0 0.427133 0.141333 0.011200 0.006933
0 0.352833 0.172133 0.010600 0.008267
0 0.341733 0.178133 0.010800 0.008000
0 0.395433 0.148267 0.009800 0.008000
0 0.384733 0.154133 0.010400 0.008000
0 0.407067 0.152233 0.009400 0.008200
0 0.417158 0.147233 0.010750 0.008956
0 0.438700 0.144156 0.010767 0.007956
0 0.459367 0.132111 0.011367 0.008444
0 0.363517 0.167100 0.009633 0.008733
0 0.374850 0.161467 0.010767 0.009733
0 0.396875 0.158122 0.011350 0.008200
0 0.386292 0.164533 0.010583 0.009733
0 0.408317 0.162100 0.010400 0.007933
0 0.374667 0.170689 0.011167 0.007689
0 0.364967 0.176844 0.011333 0.007689
0 0.460233 0.141722 0.011133 0.008200
0 0.450125 0.148000 0.010583 0.007422
0 0.461750 0.151978 0.010767 0.007689
0 0.428417 0.150311 0.010200 0.007956
0 0.418408 0.156467 0.011317 0.007422
0 0.342558 0.189267 0.011550 0.011022
0 0.353325 0.182489 0.010750 0.008711
0 0.353425 0.192867 0.009817 0.007956
0 0.364958 0.187356 0.010950 0.010756
0 0.376592 0.180311 0.010750 0.008978
0 0.376483 0.190689 0.010967 0.007689
0 0.386383 0.174667 0.010767 0.007956
0 0.397833 0.167878 0.010933 0.009222
0 0.440042 0.153511 0.011183 0.008711
0 0.387842 0.184278 0.011350 0.009222
0 0.398325 0.178000 0.010783 0.007422
0 0.398992 0.187867 0.010550 0.008711
0 0.409192 0.172222 0.010183 0.009733
0 0.409850 0.182100 0.010400 0.007444
0 0.419667 0.165811 0.010367 0.007178
0 0.421092 0.175811 0.012117 0.009222
0 0.421292 0.185556 0.011317 0.007689
0 0.429867 0.159533 0.010767 0.008978
0 0.431008 0.169533 0.010783 0.006933
0 0.431867 0.179656 0.010567 0.008200
0 0.583733 0.300978 0.012800 0.011733
0 0.593833 0.293111 0.013800 0.012533
0 0.548433 0.312711 0.015000 0.012800
0 0.513933 0.336578 0.013600 0.013600
0 0.525233 0.328444 0.013000 0.012267
0 0.537233 0.320844 0.013800 0.011467
0 0.539433 0.333778 0.013800 0.011200
0 0.527933 0.342044 0.014400 0.011733
0 0.502233 0.345778 0.012600 0.010667
0 0.516233 0.350178 0.014200 0.012533
0 0.504333 0.360178 0.014800 0.010133
0 0.572708 0.309156 0.012817 0.010222
0 0.619042 0.290711 0.013817 0.012444
0 0.607950 0.298489 0.013000 0.010667
0 0.597125 0.305822 0.014350 0.011111
0 0.586200 0.314044 0.014167 0.011556
0 0.561375 0.317600 0.013183 0.012444
0 0.550375 0.324933 0.014817 0.012889
0 0.506875 0.373933 0.013183 0.011333
0 0.509050 0.388044 0.012833 0.012889
0 0.518708 0.365044 0.013150 0.013556
0 0.529625 0.356156 0.012683 0.013556
0 0.541617 0.347044 0.013333 0.011778
0 0.575792 0.321600 0.014650 0.011556
0 0.564708 0.329933 0.013483 0.011333
0 0.553367 0.338378 0.013833 0.013111
0 0.632375 0.294378 0.013817 0.011778
0 0.521375 0.378933 0.013483 0.012444
0 0.532533 0.370378 0.013833 0.012667
0 0.544542 0.360933 0.014817 0.012889
0 0.555958 0.352378 0.014017 0.014000
0 0.567208 0.343711 0.013483 0.010889
0 0.511533 0.403489 0.013500 0.013556
0 0.524042 0.393600 0.013183 0.013333
0 0.536042 0.385156 0.013183 0.012889
0 0.547625 0.375600 0.014017 0.012889
0 0.820050 0.343689 0.014400 0.011156
0 0.835467 0.348300 0.014100 0.010378
0 0.853175 0.353678 0.014983 0.011133
0 0.809692 0.352711 0.014983 0.011511
0 0.780317 0.379011 0.014967 0.014200
0 0.789675 0.370367 0.015850 0.012289
0 0.798750 0.361344 0.016133 0.013444
0 0.806808 0.374989 0.013817 0.012289
0 0.816608 0.366533 0.013250 0.013067
0 0.825817 0.357511 0.016133 0.013422
0 0.832008 0.371911 0.014117 0.013067
0 0.842375 0.362511 0.016417 0.014978
0 0.527050 0.145000 0.009833 0.009111
0 0.528633 0.155000 0.011333 0.007778
0 0.530050 0.164111 0.012833 0.006889
0 0.535633 0.139556 0.011000 0.007111
0 0.537467 0.148333 0.012333 0.007778
0 0.539883 0.158667 0.011833 0.007556
0 0.720300 0.169889 0.011667 0.008222
0 0.723550 0.179889 0.012833 0.008667
0 0.706383 0.167000 0.010833 0.008222
0 0.711300 0.176333 0.012333 0.007778
0 0.736883 0.183333 0.012833 0.008889
0 0.740883 0.194000 0.013833 0.008000
0 0.754633 0.197667 0.012333 0.007778
0 0.759300 0.208444 0.013667 0.007556
0 0.744217 0.204111 0.011833 0.008222
0 0.749717 0.214778 0.012500 0.009111
0 0.763717 0.218889 0.012833 0.008000
0 0.777967 0.222333 0.012667 0.008667
0 0.768550 0.229778 0.012500 0.008889
0 0.783550 0.233556 0.014500 0.007556
0 0.701300 0.183000 0.010333 0.008667
0 0.715050 0.186556 0.012167 0.008222
0 0.727300 0.190000 0.011000 0.008000
0 0.697883 0.172667 0.011833 0.008000
0 0.689133 0.179333 0.012000 0.006667
0 0.679883 0.185556 0.011167 0.007556
0 0.692800 0.189889 0.011667 0.008222
0 0.705133 0.193111 0.011000 0.007111
0 0.718133 0.196333 0.013000 0.008667
0 0.732217 0.200889 0.012167 0.008889
0 0.754633 0.225778 0.012667 0.008000
0 0.773383 0.240778 0.012500 0.009111
0 0.788550 0.244889 0.015167 0.009333
0 0.736300 0.211333 0.012000 0.007556
0 0.741050 0.222222 0.013167 0.008000
0 0.745550 0.232889 0.012833 0.008000
0 0.759717 0.236667 0.013500 0.008000
0 0.778467 0.252556 0.013667 0.009111
0 0.764467 0.247778 0.013333 0.009333
0 0.750050 0.243667 0.013167 0.008222
0 0.755717 0.255778 0.014167 0.008889
0 0.723383 0.207333 0.013167 0.009778
0 0.709633 0.203444 0.012333 0.008222
0 0.713883 0.214556 0.012500 0.008667
0 0.727467 0.218111 0.013000 0.009556
0 0.731967 0.229333 0.012667 0.008000
0 0.620392 0.215156 0.012717 0.008622
0 0.623508 0.225722 0.011750 0.010556
0 0.632867 0.180111 0.011767 0.010889
0 0.646308 0.184600 0.012250 0.008311
0 0.636350 0.191156 0.012467 0.009289
0 0.659033 0.188911 0.013200 0.009289
0 0.668275 0.182667 0.012483 0.009600
0 0.671275 0.191633 0.013683 0.008956
0 0.639350 0.201233 0.012733 0.010867
0 0.648833 0.194511 0.011033 0.008311
0 0.661783 0.198511 0.012000 0.009289
0 0.674992 0.202033 0.013450 0.009267
0 0.652675 0.205389 0.011517 0.008956
0 0.642592 0.211800 0.011517 0.009600
0 0.665392 0.209556 0.012950 0.009600
0 0.678350 0.213078 0.012967 0.008956
0 0.682667 0.223800 0.012967 0.009911
0 0.669108 0.219800 0.013683 0.009600
0 0.656267 0.215789 0.013433 0.010556
0 0.646550 0.222356 0.014167 0.010222
0 0.659508 0.226033 0.013683 0.009267
0 0.673067 0.230511 0.013433 0.009289
0 0.686875 0.234522 0.013683 0.010244
0 0.636475 0.228756 0.012717 0.010889
0 0.649550 0.233556 0.012467 0.010222
0 0.663467 0.238033 0.013433 0.010244
0 0.640192 0.240433 0.012483 0.009933
0 0.676550 0.241556 0.013200 0.009600
0 0.689992 0.246044 0.013683 0.009600
0 0.630392 0.247967 0.012550 0.010244
0 0.653992 0.245233 0.012717 0.009933
0 0.666950 0.248922 0.013667 0.010244
0 0.680267 0.252756 0.013433 0.009600
0 0.694908 0.256911 0.015350 0.010889
0 0.685425 0.264756 0.012717 0.010578
0 0.671392 0.261233 0.014883 0.010556
0 0.633708 0.259322 0.012483 0.010556
0 0.643433 0.251956 0.013200 0.010578
0 0.657592 0.256111 0.014150 0.009289
0 0.662275 0.267644 0.014883 0.011200
0 0.647392 0.263478 0.013917 0.010556
0 0.637917 0.270844 0.015600 0.011200
0 0.597783 0.131222 0.011200 0.008533
0 0.555883 0.137089 0.011400 0.008533
0 0.546983 0.143356 0.010400 0.008267
0 0.567883 0.140022 0.010600 0.009600
0 0.577283 0.135222 0.011400 0.009067
0 0.588783 0.137889 0.012400 0.009600
0 0.609583 0.134956 0.012400 0.008533
0 0.580083 0.143622 0.012200 0.008800
0 0.558383 0.146156 0.011600 0.008000
0 0.570383 0.149889 0.010800 0.008533
0 0.630783 0.132822 0.010400 0.008533
0 0.639883 0.127622 0.012200 0.008267
0 0.642483 0.136689 0.010600 0.008267
0 0.654783 0.139889 0.010800 0.009867
0 0.666483 0.143222 0.011800 0.008000
0 0.679883 0.145889 0.012600 0.008000
0 0.600783 0.141622 0.011600 0.008000
0 0.591083 0.148022 0.012200 0.009600
0 0.621483 0.139089 0.012200 0.008800
0 0.549583 0.152689 0.012000 0.007733
0 0.560283 0.155889 0.011400 0.008267
0 0.532583 0.174289 0.011600 0.010400
0 0.554283 0.171889 0.011800 0.009867
0 0.582283 0.153356 0.011400 0.008533
0 0.603483 0.150422 0.012200 0.009067
0 0.613083 0.144956 0.010600 0.008267
0 0.624883 0.148156 0.010600 0.007733
0 0.645583 0.145622 0.010800 0.008533
0 0.658483 0.148689 0.012600 0.008267
0 0.670283 0.153356 0.012200 0.009067
0 0.683983 0.155756 0.014800 0.009600
0 0.662083 0.158422 0.014600 0.011733
0 0.633283 0.142956 0.012200 0.008000
0 0.635883 0.151222 0.011400 0.008533
0 0.648983 0.155622 0.012800 0.007733
0 0.627383 0.157356 0.011200 0.009600
0 0.640383 0.161622 0.012400 0.009067
0 0.615683 0.154422 0.013000 0.007467
0 0.619383 0.164422 0.013200 0.008800
0 0.606083 0.159889 0.012200 0.009867
0 0.594783 0.156822 0.013200 0.008533
0 0.585383 0.162422 0.012800 0.009067
0 0.693925 0.293556 0.014883 0.011822
0 0.718408 0.290033 0.013450 0.012467
0 0.742167 0.286678 0.013433 0.011533
0 0.814650 0.276600 0.015367 0.009911
0 0.805167 0.284278 0.013200 0.010556
0 0.660200 0.304600 0.013200 0.011511
0 0.638608 0.320433 0.013683 0.011844
0 0.636792 0.355022 0.012450 0.011733
0 0.622008 0.350467 0.013683 0.011067
0 0.611267 0.359267 0.014167 0.011733
0 0.595867 0.353889 0.014167 0.012044
0 0.585492 0.362689 0.013917 0.010756
0 0.599392 0.367889 0.012950 0.010756
0 0.588300 0.376367 0.013200 0.012067
0 0.577308 0.385967 0.013183 0.010422
0 0.636292 0.308122 0.013950 0.010422
0 0.614683 0.323278 0.015133 0.011400
0 0.593067 0.340378 0.013933 0.011733
0 0.603800 0.331733 0.014400 0.012711
0 0.655975 0.291511 0.013683 0.011733
0 0.667092 0.283700 0.014417 0.012378
0 0.512767 0.418878 0.015200 0.014333
0 0.526367 0.409100 0.013433 0.015000
0 0.541275 0.414633 0.013917 0.014333
0 0.553475 0.405022 0.013950 0.014000
0 0.565950 0.395578 0.013933 0.014000
0 0.568633 0.410567 0.015400 0.015311
0 0.579725 0.400956 0.014650 0.016267
0 0.591967 0.390700 0.014167 0.013356
0 0.603558 0.382222 0.014883 0.012711
0 0.607358 0.397867 0.014650 0.012711
0 0.595142 0.406978 0.015150 0.012044
0 0.607333 0.345578 0.012700 0.013022
0 0.617867 0.335978 0.014167 0.012044
0 0.614808 0.374089 0.015883 0.012711
0 0.625533 0.364800 0.013433 0.011067
0 0.630200 0.378800 0.014900 0.011733
0 0.618225 0.387444 0.012950 0.012711
0 0.633492 0.392644 0.014650 0.012711
0 0.622000 0.403078 0.014633 0.013356
0 0.488933 0.265322 0.012200 0.009844
0 0.502333 0.268800 0.013000 0.011467
0 0.490733 0.277467 0.013000 0.010667
0 0.492933 0.290133 0.011400 0.009867
0 0.504233 0.282133 0.012000 0.012000
0 0.513133 0.262267 0.012600 0.009067
0 0.515033 0.274256 0.013200 0.010644
0 0.517333 0.286800 0.013000 0.010667
0 0.525933 0.267722 0.013000 0.010378
0 0.528933 0.279200 0.012200 0.010400
0 0.537033 0.259733 0.012400 0.010933
0 0.539233 0.271733 0.013200 0.010933
0 0.785783 0.267656 0.014400 0.011133
0 0.776133 0.274756 0.012967 0.010756
0 0.762600 0.270722 0.015267 0.011133
0 0.737400 0.274378 0.014400 0.010000
0 0.752667 0.278600 0.012667 0.010756
0 0.728908 0.283200 0.014683 0.010756
0 0.705000 0.285900 0.013533 0.011533
0 0.709175 0.332367 0.015550 0.012289
0 0.763608 0.337356 0.016117 0.011511
0 0.753242 0.346756 0.014983 0.012667
0 0.758858 0.359622 0.013550 0.011511
0 0.747775 0.368456 0.013250 0.011533
0 0.737833 0.377478 0.013533 0.012689
0 0.728042 0.386878 0.015850 0.012289
0 0.754108 0.384011 0.015550 0.013444
0 0.763758 0.374978 0.014683 0.011511
0 0.778733 0.342733 0.012967 0.011511
0 0.768650 0.351556 0.014100 0.011511
0 0.787942 0.334856 0.014117 0.011889
0 0.804075 0.338878 0.014683 0.012289
0 0.812858 0.330444 0.013817 0.011511
0 0.829850 0.335044 0.016700 0.011511
0 0.839783 0.325833 0.015267 0.010733
0 0.793267 0.347722 0.014400 0.011533
0 0.845400 0.340811 0.017267 0.012289
0 0.784050 0.356744 0.014400 0.008822
0 0.773975 0.364811 0.014983 0.011133
0 0.762208 0.303478 0.014150 0.010556
0 0.373650 0.670844 0.016167 0.020222
0 0.374900 0.694400 0.016667 0.018444
0 0.358233 0.708844 0.016333 0.019778
0 0.406150 0.642733 0.016167 0.018667
0 0.407483 0.665622 0.015833 0.018222
0 0.391233 0.679622 0.015333 0.019111
0 0.423733 0.652511 0.016000 0.017778
0 0.439983 0.637289 0.016833 0.019778
0 0.424650 0.673733 0.016167 0.018889
0 0.408817 0.688178 0.016833 0.020222
0 0.392150 0.702511 0.016500 0.020000
0 0.375817 0.717622 0.016500 0.020444
0 0.358483 0.732622 0.016500 0.019333
0 0.376567 0.741844 0.017000 0.020444
0 0.359317 0.756733 0.017833 0.021333
0 0.377650 0.766400 0.017167 0.022444
0 0.360117 0.782922 0.018233 0.021711
0 0.378733 0.793400 0.018333 0.023111
0 0.393733 0.726844 0.017000 0.021111
0 0.394983 0.750733 0.017167 0.021333
0 0.396400 0.776400 0.017000 0.022889
0 0.410400 0.710844 0.016333 0.020667
0 0.411783 0.734511 0.016767 0.020000
0 0.413567 0.759400 0.017333 0.020889
0 0.414283 0.785811 0.017100 0.022733
0 0.426483 0.696511 0.015833 0.020444
0 0.273808 0.165300 0.011283 0.007667
0 0.285450 0.159222 0.011533 0.008311
0 0.273925 0.175222 0.011517 0.008311
0 0.296492 0.153144 0.011050 0.007667
0 0.308017 0.148022 0.012000 0.007689
0 0.320375 0.140500 0.012717 0.009933
0 0.319650 0.151700 0.010800 0.007356
0 0.296500 0.163867 0.010167 0.006889
0 0.308083 0.157644 0.010667 0.006444
0 0.285167 0.169867 0.010167 0.007333
0 0.330083 0.154867 0.010000 0.007111
0 0.319083 0.161756 0.011333 0.006667
0 0.308083 0.166978 0.010667 0.008222
0 0.296917 0.173533 0.011000 0.007111
0 0.285500 0.179200 0.011833 0.007333
0 0.262083 0.180644 0.011667 0.007556
0 0.551725 0.468211 0.013817 0.013444
0 0.555042 0.484533 0.014117 0.013067
0 0.542225 0.494322 0.013817 0.013444
0 0.545392 0.512956 0.014983 0.013822
0 0.531717 0.523900 0.015267 0.014200
0 0.534442 0.541944 0.015550 0.014956
0 0.548558 0.530811 0.014983 0.014200
0 0.564250 0.456889 0.013533 0.013067
0 0.558933 0.501622 0.014400 0.012667
0 0.567567 0.473978 0.012667 0.013422
0 0.561800 0.519478 0.014400 0.013044
0 0.565833 0.536811 0.015000 0.013933
0 0.551550 0.549289 0.014767 0.014311
0 0.537325 0.560956 0.016117 0.013822
0 0.555033 0.568444 0.015267 0.014978
0 0.540925 0.581122 0.016417 0.016511
0 0.558633 0.588411 0.016700 0.016511
0 0.134333 0.350711 0.013600 0.011200
0 0.147833 0.356711 0.013000 0.010933
0 0.132533 0.364978 0.014800 0.011467
0 0.162733 0.347378 0.014000 0.011467
0 0.161433 0.361511 0.013400 0.009867
0 0.152533 0.323378 0.013600 0.009867
0 0.130033 0.380044 0.013800 0.010133
0 0.145833 0.371244 0.014200 0.009600
0 0.190033 0.344044 0.013800 0.010667
0 0.175733 0.353378 0.013600 0.009067
0 0.188033 0.359111 0.013400 0.010400
0 0.174033 0.367644 0.013400 0.010933
0 0.144367 0.385556 0.014167 0.010889
0 0.128450 0.394111 0.014667 0.012000
0 0.141533 0.400556 0.014500 0.010667
0 0.159033 0.376000 0.013167 0.010000
0 0.156700 0.390444 0.013167 0.010444
0 0.125450 0.409111 0.015000 0.012667
0 0.139533 0.415667 0.013833 0.012444
0 0.123617 0.424889 0.015333 0.013111
0 0.136867 0.431667 0.014167 0.010667
0 0.187117 0.373111 0.012667 0.010444
0 0.172950 0.381333 0.014333 0.010000
0 0.567667 0.616333 0.017000 0.017556
0 0.598583 0.610356 0.017833 0.017333
0 0.535667 0.621022 0.016000 0.017778
0 0.504000 0.627022 0.016667 0.017333
0 0.324683 0.466844 0.013800 0.014133
0 0.310383 0.440178 0.013200 0.013067
0 0.324783 0.445778 0.013600 0.013600
0 0.310083 0.477511 0.014200 0.012533
0 0.295183 0.471511 0.014800 0.013333
0 0.325183 0.484844 0.014400 0.012800
0 0.280383 0.482711 0.014400 0.012800
0 0.265683 0.476044 0.014600 0.013867
0 0.295483 0.488844 0.014200 0.013867
0 0.310283 0.495644 0.015000 0.014667
0 0.252483 0.448044 0.014200 0.012267
0 0.266983 0.437244 0.014000 0.011467
0 0.267083 0.453244 0.014600 0.011467
0 0.281583 0.442978 0.013600 0.011733
0 0.235583 0.479644 0.014400 0.014133
0 0.250683 0.487111 0.014200 0.013600
0 0.265683 0.493511 0.015400 0.014133
0 0.280383 0.499644 0.014000 0.014133
0 0.295383 0.506311 0.014400 0.014667
0 0.310083 0.513511 0.014200 0.015200
0 0.325483 0.501511 0.015000 0.014667
0 0.296083 0.449911 0.015000 0.013867
0 0.237083 0.457911 0.015000 0.013333
0 0.234983 0.497111 0.014800 0.014933
0 0.249883 0.503911 0.014600 0.014667
0 0.264783 0.510311 0.015200 0.014133
0 0.280083 0.516844 0.015000 0.014933
0 0.294783 0.524578 0.014800 0.014400
0 0.309983 0.530711 0.015600 0.014400
0 0.218583 0.508978 0.015200 0.013600
0 0.233683 0.515244 0.015000 0.013867
0 0.248983 0.522044 0.015200 0.014667
0 0.203983 0.502044 0.015200 0.014133
0 0.202583 0.519511 0.015600 0.014400
0 0.217383 0.526844 0.014400 0.013067
0 0.232583 0.533511 0.015600 0.015200
0 0.264183 0.529111 0.014800 0.015467
0 0.200583 0.538578 0.014400 0.015200
0 0.215883 0.545244 0.015800 0.014667
0 0.187483 0.512578 0.015400 0.014400
0 0.185783 0.530844 0.015200 0.014133
0 0.248183 0.539911 0.015200 0.015200
0 0.262883 0.547778 0.015000 0.014933
0 0.279283 0.535778 0.015000 0.014933
0 0.294483 0.542711 0.015400 0.014400
0 0.168583 0.543644 0.015200 0.015733
0 0.448367 0.753667 0.016600 0.023022
0 0.462708 0.714033 0.016250 0.023044
0 0.465133 0.738000 0.016233 0.021200
0 0.466167 0.764267 0.019000 0.022133
0 0.496408 0.707133 0.016583 0.021200
0 0.480858 0.722100 0.016583 0.019800
0 0.483275 0.745833 0.017283 0.021178
0 0.509192 0.670033 0.015217 0.018911
0 0.526650 0.677867 0.016933 0.020756
0 0.511958 0.691689 0.015217 0.019822
0 0.530450 0.700444 0.016233 0.019822
0 0.515583 0.715889 0.016933 0.020267
0 0.499858 0.731778 0.016583 0.019822
0 0.501592 0.756200 0.015217 0.021644
0 0.486558 0.771878 0.019017 0.024422
0 0.666100 0.620956 0.015900 0.018444
0 0.560000 0.672333 0.015900 0.018889
0 0.545483 0.687089 0.015200 0.018889
0 0.533908 0.725100 0.017617 0.022111
0 0.518000 0.740533 0.016933 0.021644
0 0.521808 0.764956 0.018317 0.022578
0 0.578142 0.680167 0.015550 0.017978
0 0.549283 0.709200 0.017267 0.019822
0 0.564325 0.695144 0.015550 0.019356
0 0.593250 0.666611 0.016567 0.016956
0 0.607292 0.653500 0.014883 0.016956
0 0.638967 0.647878 0.015833 0.018511
0 0.625775 0.661022 0.016317 0.019200
0 0.611608 0.675222 0.015850 0.019511
0 0.597450 0.690300 0.017267 0.018867
0 0.582450 0.704222 0.017033 0.019200
0 0.568175 0.718933 0.017283 0.020489
0 0.553292 0.734456 0.017283 0.020156
0 0.537567 0.749822 0.017033 0.022711
0 0.657092 0.656022 0.015117 0.017600
0 0.644608 0.669644 0.016083 0.017956
0 0.629725 0.684500 0.016083 0.018244
0 0.616050 0.698778 0.016567 0.019822
0 0.601392 0.713011 0.015550 0.022067
0 0.586625 0.728533 0.016750 0.019822
0 0.620492 0.721978 0.017283 0.019511
0 0.606325 0.737156 0.017283 0.019867
0 0.571883 0.743578 0.018000 0.021778
0 0.556533 0.759400 0.017033 0.021422
0 0.591692 0.753500 0.017750 0.020467
0 0.625525 0.747389 0.016317 0.021756
0 0.635367 0.707078 0.015833 0.019889
0 0.649292 0.692700 0.015350 0.019844
0 0.639817 0.731867 0.015600 0.018889
0 0.783708 0.579111 0.017017 0.014667
0 0.813792 0.575444 0.016850 0.016222
0 0.844375 0.570667 0.017350 0.014667
0 0.832708 0.582222 0.016350 0.016444
0 0.851950 0.589667 0.015833 0.016222
0 0.752867 0.585333 0.016667 0.016000
0 0.771617 0.593111 0.015833 0.015556
0 0.801792 0.587333 0.014850 0.015111
0 0.841200 0.602111 0.016667 0.014889
0 0.820883 0.595444 0.016667 0.015333
0 0.828375 0.615889 0.015650 0.014000
0 0.790708 0.600889 0.016317 0.015111
0 0.809208 0.608556 0.016017 0.017111
0 0.758958 0.605556 0.015150 0.016444
0 0.778042 0.613111 0.017650 0.016444
0 0.797875 0.621111 0.017317 0.016000
0 0.816800 0.628889 0.015833 0.015556
0 0.784867 0.635000 0.014333 0.015778
0 0.804450 0.642333 0.017500 0.017111
0 0.721367 0.590556 0.016333 0.016222
0 0.740967 0.597778 0.017500 0.016889
0 0.825625 0.649333 0.019483 0.016444
0 0.792800 0.656778 0.017400 0.018000
0 0.813608 0.664211 0.019317 0.018244
0 0.800700 0.678444 0.017500 0.018667
0 0.631700 0.438811 0.014667 0.012911
0 0.670458 0.425356 0.013650 0.011289
0 0.659408 0.436000 0.012683 0.012044
0 0.698050 0.421256 0.013833 0.012822
0 0.713917 0.427411 0.015967 0.012822
0 0.472183 0.372067 0.012667 0.012000
0 0.404433 0.373178 0.012167 0.010667
0 0.324250 0.413400 0.014000 0.013867
0 0.324350 0.428733 0.014600 0.013600
0 0.337550 0.388867 0.013800 0.013867
0 0.337950 0.404200 0.014200 0.013067
0 0.338550 0.418733 0.014200 0.013867
0 0.338650 0.435267 0.014800 0.014400
0 0.351950 0.395400 0.014200 0.013600
0 0.352150 0.409800 0.014200 0.013067
0 0.352750 0.424733 0.014600 0.014667
0 0.353450 0.441667 0.015200 0.015467
0 0.640000 0.471222 0.014500 0.013333
0 0.627500 0.482333 0.014833 0.014222
0 0.615583 0.493000 0.015667 0.015111
0 0.603417 0.503889 0.014667 0.016000
0 0.590667 0.515111 0.014833 0.015333
0 0.578167 0.526556 0.014833 0.016000
0 0.607417 0.522000 0.014667 0.015778
0 0.620000 0.510333 0.013833 0.015556
0 0.631917 0.499000 0.014333 0.015111
0 0.652000 0.461222 0.015167 0.013333
0 0.656083 0.478333 0.013667 0.015556
0 0.644333 0.488556 0.014500 0.016444
0 0.648750 0.506222 0.015000 0.015333
0 0.636500 0.517333 0.014500 0.016667
0 0.623750 0.528556 0.013667 0.015556
0 0.628583 0.547222 0.015333 0.016444
0 0.641333 0.536000 0.014833 0.017111
0 0.667750 0.467333 0.014333 0.013556
0 0.672083 0.484444 0.014333 0.014889
0 0.660750 0.495778 0.013667 0.015778
0 0.653167 0.523889 0.013833 0.016444
0 0.665417 0.513444 0.014333 0.017333
0 0.684500 0.474667 0.014500 0.014000
0 0.689167 0.490889 0.013500 0.015333
0 0.678167 0.501556 0.013833 0.014889
0 0.682750 0.519778 0.015000 0.016222
0 0.670750 0.530444 0.015667 0.015333
0 0.658250 0.542333 0.015333 0.015556
0 0.645833 0.554111 0.015833 0.015556
0 0.633167 0.566556 0.015167 0.016000
0 0.650417 0.573667 0.015667 0.016889
0 0.663417 0.561444 0.016333 0.016000
0 0.679500 0.456778 0.015167 0.013778
0 0.690833 0.447333 0.014833 0.014444
0 0.695833 0.463667 0.015167 0.014222
0 0.701917 0.437222 0.014333 0.012889
0 0.707333 0.452556 0.014833 0.014667
0 0.718167 0.443333 0.014833 0.012667
0 0.729167 0.432222 0.014500 0.013556
0 0.710667 0.564333 0.018167 0.018000
0 0.723083 0.551778 0.018333 0.019111
0 0.734083 0.540111 0.017667 0.018000
0 0.747333 0.528556 0.018833 0.017556
0 0.740333 0.560111 0.018500 0.019333
0 0.752750 0.547333 0.018667 0.019111
0 0.776333 0.523778 0.019500 0.018222
0 0.763583 0.535111 0.019667 0.017333
0 0.771083 0.555111 0.019667 0.020889
0 0.793417 0.530444 0.018667 0.016000
0 0.781667 0.542444 0.017500 0.017778
0 0.800083 0.549444 0.018667 0.018444
0 0.815833 0.507889 0.018833 0.016222
0 0.804917 0.519778 0.018000 0.017333
0 0.811833 0.538000 0.018833 0.017333
0 0.820167 0.479000 0.017833 0.015778
0 0.826333 0.496111 0.016833 0.016667
0 0.823083 0.525778 0.018000 0.016889
0 0.837167 0.485889 0.017167 0.017556
0 0.845167 0.504222 0.017500 0.016000
0 0.833750 0.514778 0.017333 0.017556
0 0.848583 0.475222 0.017000 0.017111
0 0.852000 0.521556 0.018500 0.016444
0 0.841833 0.532889 0.019167 0.017778
0 0.830250 0.545222 0.019333 0.019778
0 0.854917 0.492222 0.017333 0.016000
0 0.863917 0.510556 0.018667 0.017556
0 0.865833 0.481222 0.017167 0.016222
0 0.874583 0.499111 0.019333 0.016000
0 0.871417 0.528111 0.019000 0.016667
0 0.860000 0.540889 0.017500 0.019556
0 0.803450 0.405956 0.014167 0.013778
0 0.830617 0.400844 0.015500 0.013778
0 0.767283 0.419511 0.015500 0.014667
0 0.793950 0.414733 0.015833 0.013111
0 0.783283 0.425400 0.016500 0.016667
0 0.820533 0.411178 0.016667 0.013556
0 0.846867 0.407067 0.016000 0.014667
0 0.865283 0.412289 0.018167 0.015333
0 0.810033 0.420622 0.016667 0.014222
0 0.801033 0.430844 0.017333 0.014667
0 0.837533 0.416622 0.017000 0.015111
0 0.853783 0.422400 0.015500 0.015111
0 0.871117 0.429289 0.016500 0.016000
0 0.826533 0.426956 0.015333 0.014444
0 0.403633 0.212800 0.012200 0.008800
0 0.381633 0.226267 0.012200 0.009067
0 0.370033 0.233333 0.012200 0.008800
0 0.358417 0.239778 0.012167 0.008889
0 0.346733 0.246800 0.012400 0.010133
0 0.334533 0.253600 0.012000 0.008800
0 0.464333 0.222533 0.012800 0.007467
0 0.370833 0.244000 0.013000 0.010400
0 0.465233 0.233067 0.012600 0.009333
0 0.454433 0.239733 0.012600 0.009333
0 0.442033 0.235733 0.011800 0.008800
0 0.429433 0.230800 0.012200 0.008533
0 0.359333 0.251200 0.012800 0.010933
0 0.335633 0.290000 0.013400 0.010133
0 0.335933 0.302800 0.013600 0.011733
0 0.323033 0.310400 0.014600 0.009867
0 0.347933 0.282533 0.012400 0.009067
0 0.407033 0.246000 0.012200 0.009600
0 0.395533 0.253333 0.012800 0.010400
0 0.436233 0.124667 0.011400 0.007200
0 0.437533 0.135200 0.010400 0.007467
0 0.363033 0.147467 0.010200 0.006933
0 0.373133 0.140800 0.010800 0.006933
0 0.394733 0.138533 0.011200 0.007733
0 0.384333 0.145467 0.011200 0.007200
0 0.448033 0.128400 0.007800 0.009333
0 0.341433 0.168800 0.010200 0.008533
0 0.352333 0.163067 0.010800 0.008800
0 0.363533 0.156267 0.011600 0.007467
0 0.373733 0.150267 0.010000 0.007733
0 0.406233 0.142933 0.010600 0.008000
0 0.457433 0.122533 0.010600 0.007200
0 0.479233 0.121067 0.011400 0.007467
0 0.600783 0.319156 0.013333 0.010667
0 0.611533 0.310933 0.013500 0.012000
0 0.589792 0.327156 0.014017 0.011111
0 0.578375 0.334489 0.015183 0.011556
0 0.581792 0.348378 0.014317 0.013111
0 0.570117 0.356600 0.013000 0.013556
0 0.559792 0.367156 0.014317 0.013333
0 0.561958 0.380711 0.014650 0.011556
0 0.574125 0.371822 0.013983 0.012889
0 0.550050 0.388933 0.014167 0.014222
0 0.538450 0.399044 0.014667 0.014444
0 0.441575 0.163378 0.011550 0.007956
0 0.443025 0.173122 0.010983 0.007444
0 0.451867 0.157622 0.010967 0.007689
0 0.453600 0.166967 0.011367 0.008467
0 0.463492 0.161200 0.010383 0.007689
0 0.443225 0.183000 0.009817 0.009733
0 0.454833 0.177867 0.010767 0.009733
0 0.464642 0.171200 0.010783 0.007689
0 0.465900 0.180567 0.010200 0.008467
0 0.494542 0.224144 0.010583 0.008467
0 0.504933 0.217733 0.011367 0.008978
0 0.514350 0.210944 0.010567 0.009222
0 0.525108 0.204656 0.012117 0.008467
0 0.535008 0.197611 0.011150 0.008200
0 0.545583 0.191578 0.011533 0.008978
0 0.537042 0.208244 0.012517 0.007422
0 0.526950 0.214533 0.011533 0.008711
0 0.516950 0.221578 0.012667 0.007422
0 0.506858 0.228367 0.013650 0.008200
0 0.496375 0.235678 0.011950 0.008467
0 0.485800 0.242344 0.012300 0.009489
0 0.498300 0.246833 0.012333 0.009222
0 0.529842 0.225422 0.012317 0.008444
0 0.518958 0.231833 0.012117 0.008467
0 0.487350 0.253756 0.013067 0.009733
0 0.499933 0.258111 0.011333 0.009244
0 0.547625 0.202356 0.011350 0.007956
0 0.550008 0.211967 0.011550 0.007178
0 0.539550 0.218756 0.010967 0.008444
0 0.552617 0.222089 0.012100 0.008444
0 0.542133 0.229389 0.011567 0.008200
0 0.521558 0.244011 0.011550 0.008200
0 0.510317 0.250922 0.010933 0.008200
0 0.534458 0.247478 0.012683 0.009489
0 0.523775 0.255289 0.011717 0.009733
0 0.509333 0.310578 0.012800 0.010667
0 0.520933 0.303644 0.013200 0.009600
0 0.522733 0.315911 0.013200 0.010667
0 0.498033 0.319511 0.012600 0.010400
0 0.512033 0.323778 0.013400 0.010400
0 0.500533 0.332844 0.012800 0.010400
0 0.546033 0.298844 0.013400 0.010667
0 0.534533 0.308311 0.012400 0.009867
0 0.569833 0.295911 0.013400 0.012800
0 0.559533 0.304444 0.013600 0.010133
0 0.584733 0.254489 0.014467 0.011067
0 0.591467 0.236289 0.012067 0.009689
0 0.568817 0.239978 0.013133 0.010578
0 0.575942 0.221078 0.013483 0.010600
0 0.587658 0.266022 0.013483 0.010133
0 0.565750 0.280533 0.014500 0.012444
0 0.469050 0.127667 0.009833 0.010000
0 0.480550 0.131222 0.011833 0.008667
0 0.469800 0.137556 0.010667 0.008000
0 0.489967 0.124778 0.011000 0.010000
0 0.499717 0.119333 0.012167 0.008444
0 0.501467 0.128667 0.011333 0.008000
0 0.491300 0.134667 0.011333 0.007556
0 0.480967 0.140333 0.010333 0.007778
0 0.471967 0.146333 0.011000 0.008667
0 0.482967 0.149444 0.010667 0.009111
0 0.493467 0.144111 0.012333 0.008222
0 0.502467 0.138222 0.009000 0.008000
0 0.505300 0.148000 0.011667 0.008444
0 0.473300 0.155667 0.011667 0.007778
0 0.484800 0.159889 0.010667 0.008667
0 0.494967 0.154000 0.011667 0.008000
0 0.474967 0.165444 0.011000 0.008667
0 0.506633 0.157111 0.010667 0.007111
0 0.496633 0.163444 0.010667 0.007333
0 0.476383 0.176000 0.009833 0.008000
0 0.486717 0.169889 0.011500 0.008222
0 0.508300 0.166778 0.010667 0.007333
0 0.498550 0.173556 0.010833 0.007556
0 0.488300 0.179111 0.010000 0.007556
0 0.510133 0.176444 0.010333 0.008000
0 0.604050 0.239333 0.011833 0.009778
0 0.614050 0.232889 0.012500 0.009333
0 0.581217 0.243111 0.011833 0.008889
0 0.594217 0.247333 0.012500 0.008000
0 0.627050 0.237333 0.011167 0.009333
0 0.617300 0.243556 0.012667 0.008444
0 0.571217 0.250111 0.012167 0.007778
0 0.573467 0.261333 0.012333 0.010222
0 0.596300 0.258333 0.011667 0.008667
0 0.606800 0.251222 0.012000 0.009556
0 0.557633 0.195667 0.010667 0.007778
0 0.567217 0.188889 0.010833 0.009333
0 0.570217 0.199667 0.012167 0.008667
0 0.559717 0.205667 0.011167 0.007333
0 0.573050 0.209778 0.012167 0.007556
0 0.562050 0.216222 0.010833 0.008444
0 0.565467 0.227444 0.012000 0.010444
0 0.515050 0.141889 0.012500 0.007778
0 0.516383 0.150889 0.011500 0.006667
0 0.518550 0.160556 0.011500 0.007333
0 0.519800 0.170333 0.010667 0.007778
0 0.718133 0.225556 0.012667 0.008889
0 0.736550 0.240333 0.012500 0.008667
0 0.722633 0.236222 0.013667 0.008444
0 0.741050 0.251556 0.013500 0.008444
0 0.726967 0.246778 0.012333 0.008667
0 0.731883 0.258889 0.013167 0.010667
0 0.696967 0.199444 0.011333 0.007333
0 0.701217 0.210111 0.013167 0.008667
0 0.705217 0.221000 0.012833 0.009556
0 0.708717 0.231778 0.012833 0.007111
0 0.713050 0.242556 0.012167 0.009556
0 0.718383 0.254667 0.013500 0.009333
0 0.683383 0.195556 0.011500 0.008444
0 0.686967 0.206111 0.011333 0.008667
0 0.691383 0.216556 0.012167 0.008222
0 0.695217 0.228000 0.012500 0.009778
0 0.699717 0.239111 0.012833 0.008889
0 0.703467 0.250000 0.012667 0.009333
0 0.709383 0.262111 0.013833 0.009111
0 0.579467 0.191478 0.011033 0.009933
0 0.582592 0.203156 0.010083 0.008311
0 0.589192 0.186833 0.011283 0.008333
0 0.591825 0.196267 0.011283 0.008000
0 0.599508 0.180600 0.012250 0.009911
0 0.610792 0.183956 0.011750 0.008978
0 0.620992 0.176922 0.012950 0.008956
0 0.601308 0.190033 0.011050 0.007044
0 0.614392 0.194522 0.011750 0.008956
0 0.624467 0.187478 0.013200 0.008333
0 0.604792 0.200267 0.011750 0.009600
0 0.595067 0.206667 0.012000 0.009600
0 0.584750 0.213878 0.013433 0.009267
0 0.607792 0.210833 0.011517 0.008333
0 0.597708 0.217878 0.012483 0.008956
0 0.576467 0.273278 0.012233 0.010333
0 0.590267 0.276911 0.012967 0.011200
0 0.600350 0.270200 0.013933 0.011200
0 0.610192 0.262678 0.012950 0.010867
0 0.620992 0.254844 0.012950 0.011200
0 0.623625 0.266678 0.013917 0.012467
0 0.614150 0.275156 0.014633 0.010889
0 0.610667 0.221233 0.012967 0.010556
0 0.616792 0.204756 0.011750 0.008978
0 0.626750 0.197233 0.013933 0.009267
0 0.630108 0.208111 0.012950 0.009289
0 0.684083 0.300911 0.014400 0.011200
0 0.709167 0.298033 0.015133 0.011844
0 0.673892 0.308911 0.015117 0.012489
0 0.664408 0.316600 0.015350 0.012489
0 0.628767 0.328756 0.013667 0.011822
0 0.632133 0.342033 0.013200 0.011533
0 0.732933 0.294667 0.015600 0.012800
0 0.766050 0.283800 0.014167 0.011511
0 0.790892 0.279478 0.016317 0.010556
0 0.780208 0.287956 0.014150 0.011511
0 0.757408 0.290522 0.014650 0.012156
0 0.689367 0.314189 0.013933 0.012156
0 0.699567 0.305878 0.013667 0.012156
0 0.643283 0.333400 0.013433 0.014089
0 0.723325 0.302844 0.014150 0.011200
0 0.654325 0.325711 0.014883 0.012800
0 0.657325 0.339000 0.014150 0.013111
0 0.820767 0.287800 0.013667 0.009289
0 0.771808 0.295633 0.015117 0.010244
0 0.748292 0.298678 0.015117 0.011844
0 0.713133 0.309722 0.014400 0.012156
0 0.678692 0.321556 0.013683 0.011511
0 0.667650 0.329878 0.014167 0.011533
0 0.672442 0.343956 0.013683 0.012178
0 0.682525 0.334989 0.013683 0.012156
0 0.697050 0.339789 0.015833 0.012156
0 0.692483 0.326511 0.013433 0.012489
0 0.702567 0.318522 0.013933 0.010556
0 0.717442 0.323311 0.013917 0.011200
0 0.738083 0.307311 0.016800 0.012489
0 0.727892 0.315478 0.015117 0.011533
0 0.722367 0.336911 0.013200 0.011511
0 0.796525 0.291956 0.014650 0.011200
0 0.810567 0.297389 0.014867 0.010556
0 0.356967 0.685111 0.016800 0.019511
0 0.642767 0.287767 0.011267 0.011400
0 0.621992 0.303244 0.011717 0.009778
0 0.625283 0.315133 0.011967 0.010089
0 0.545233 0.240922 0.013200 0.010111
0 0.547233 0.252267 0.012400 0.009867
0 0.549333 0.263867 0.014200 0.010133
0 0.552533 0.276000 0.011000 0.009867
0 0.541633 0.283733 0.013600 0.009867
0 0.690833 0.280822 0.012200 0.011467
0 0.714133 0.277356 0.014000 0.010933
0 0.646433 0.299756 0.013000 0.011467
0 0.649733 0.313089 0.012800 0.009867
0 0.670333 0.296956 0.012800 0.011200
0 0.640933 0.370022 0.014400 0.012267
0 0.647833 0.346689 0.013400 0.012000
0 0.651233 0.360556 0.013400 0.012533
0 0.656433 0.374822 0.015000 0.011200
0 0.644633 0.383622 0.013000 0.011733
0 0.648833 0.398289 0.014200 0.013333
0 0.662333 0.352422 0.012800 0.012267
0 0.666333 0.365889 0.014400 0.012533
0 0.670733 0.380289 0.014000 0.012000
0 0.659733 0.389622 0.014800 0.012533
0 0.680633 0.288956 0.013000 0.011733
0 0.677433 0.357489 0.013800 0.011200
0 0.681433 0.371889 0.012600 0.012267
0 0.675833 0.395089 0.014600 0.013333
0 0.688033 0.349356 0.014200 0.012000
0 0.692033 0.362556 0.014200 0.012800
0 0.702933 0.354022 0.014000 0.011733
0 0.707233 0.367622 0.014200 0.011733
0 0.685833 0.386956 0.013400 0.012533
0 0.696433 0.376689 0.015000 0.012267
0 0.701633 0.391222 0.014600 0.010933
0 0.712333 0.381489 0.014400 0.012267
0 0.712933 0.345089 0.013200 0.012000
0 0.717133 0.358956 0.014800 0.013067
0 0.722933 0.373089 0.016000 0.011467
0 0.737833 0.340800 0.014100 0.010756
0 0.727750 0.350411 0.013533 0.011533
0 0.743017 0.354244 0.015267 0.011511
0 0.732792 0.363844 0.016117 0.011511
0 0.809542 0.263822 0.014683 0.011911
0 0.799900 0.271689 0.013833 0.010756
0 0.859658 0.368267 0.020450 0.014222
0 0.561417 0.255644 0.011400 0.011511
0 0.562958 0.268778 0.013850 0.011067
0 0.558833 0.245278 0.012433 0.011044
