0 0.759716 0.666462 0.075966 0.065376
0 0.8911 0.603132 0.0797 0.063512
0 0.168808 0.943118 0.06725 0.050438
0 0.917874 0.94685 0.063516 0.048576
0 0.910408 0.839906 0.07845 0.053238
0 0.8992 0.72175 0.066 0.059774
0 0.781516 0.890806 0.064766 0.057912
0 0.661958 0.945912 0.06475 0.0523
0 0.528084 0.89315 0.066 0.056974
0 0.414134 0.94405 0.062266 0.048576
0 0.281508 0.889876 0.066016 0.0523
0 0.142034 0.839438 0.066 0.05605
0 0.393592 0.837106 0.063516 0.055112
0 0.254108 0.782468 0.061016 0.050438
0 0.371166 0.727824 0.075966 0.0607
0 0.512526 0.782932 0.06725 0.056962
0 0.108408 0.139868 0.08095 0.078462
0 0.270926 0.211788 0.074716 0.07285
0 0.402308 0.128662 0.08095 0.080326
0 0.148258 0.284638 0.08095 0.07285
0 0.559224 0.198244 0.090916 0.075662
0 0.706792 0.118382 0.09215 0.084062
0 0.718 0.266424 0.089666 0.07565
0 0.578526 0.341612 0.074716 0.07845
0 0.427216 0.2753 0.075966 0.074724
0 0.298326 0.347688 0.084684 0.07005
0 0.734192 0.405126 0.072216 0.074726
0 0.862458 0.184238 0.084684 0.083124
0 0.873666 0.329938 0.087166 0.077524
0 0.881142 0.470506 0.079716 0.065388
0 0.647642 0.836168 0.066016 0.051362
0 0.770934 0.784332 0.066 0.061638
0 0.632076 0.725956 0.074716 0.058838
0 0.11775 0.727824 0.072234 0.0551
0 0.085366 0.608744 0.062266 0.063512
0 0.228584 0.669918 0.069734 0.055112
0 0.055476 0.48685 0.077216 0.05885
0 0.199316 0.546632 0.075966 0.066312
0 0.348134 0.605938 0.064766 0.0579
0 0.490726 0.665712 0.073484 0.06165
0 0.618376 0.605006 0.072216 0.063512
0 0.74415 0.539156 0.072234 0.062588
0 0.602184 0.474706 0.074734 0.066312
0 0.471426 0.543356 0.077216 0.063512
0 0.324476 0.482182 0.074716 0.062588
0 0.450258 0.413532 0.077216 0.065388
0 0.172542 0.420538 0.06975 0.06445
0 0.036174 0.895012 0.061016 0.0551
