0 0.348656 0.934242 0.078062 0.05336
0 0.694032 0.934852 0.078062 0.058328
0 0.860072 0.607266 0.062312 0.033906
0 0.86374 0.525704 0.062312 0.033906
0 0.865572 0.449656 0.062312 0.033906
0 0.86802 0.377718 0.062334 0.033906
0 0.733624 0.563734 0.062334 0.033906
0 0.740344 0.484922 0.062312 0.033906
0 0.750114 0.412532 0.062312 0.033906
0 0.756218 0.344734 0.062312 0.033906
0 0.631604 0.375422 0.062334 0.033906
0 0.62427 0.447812 0.062334 0.033906
0 0.613886 0.520672 0.062312 0.033906
0 0.431834 0.560062 0.062334 0.033906
0 0.06225 0.518376 0.062334 0.033906
0 0.16976 0.55686 0.062312 0.033906
0 0.31699 0.518376 0.062312 0.033906
0 0.453218 0.481718 0.062312 0.033906
0 0.466656 0.409782 0.062312 0.033906
0 0.335928 0.442782 0.062312 0.033906
0 0.200916 0.480344 0.062334 0.033906
0 0.092792 0.44461 0.062334 0.033906
0 0.224136 0.40704 0.056188 0.032984
0 0.123334 0.37543 0.056208 0.032984
0 0.48498 0.340148 0.056208 0.032984
0 0.354864 0.37543 0.056188 0.032984
0 0.37625 0.308992 0.056208 0.032984
0 0.25223 0.340148 0.056208 0.032984
0 0.149604 0.307156 0.056208 0.033
0 0.276604 0.27939 0.056208 0.033
0 0.599718 0.603046 0.073896 0.041718
0 0.724428 0.647132 0.068354 0.045578
0 0.718864 0.73493 0.078062 0.058328
0 0.57225 0.78221 0.078042 0.058328
0 0.395572 0.732454 0.078062 0.053376
0 0.262886 0.687086 0.078062 0.058328
0 0.113688 0.730922 0.074876 0.054376
0 0.23724 0.777804 0.078062 0.058328
0 0.371386 0.830016 0.078062 0.053968
0 0.207178 0.88282 0.078062 0.058328
0 0.07376 0.826742 0.078062 0.058328
0 0.038802 0.934508 0.077604 0.058328
0 0.706084 0.832524 0.077416 0.045672
0 0.558322 0.883126 0.078062 0.047812
0 0.85774 0.692476 0.068354 0.045578
0 0.030312 0.5975 0.057708 0.041876
0 0.147072 0.640906 0.078062 0.058312
0 0.290166 0.598656 0.0655 0.046438
0 0.417126 0.643992 0.07375 0.04486
0 0.587646 0.68929 0.078042 0.058328
0 0.85152 0.882164 0.075084 0.048204
0 0.853958 0.78686 0.075084 0.048188
