0 0.054033999999999915 0.3403879999999999 0.106466 0.079824
0 0.1503000000000001 0.17887399999999998 0.106466 0.079826
0 0.387184 0.16652599999999995 0.106466 0.079826
0 0.624066 0.15132400000000001 0.106466 0.079826
0 0.8634839999999999 0.139926 0.106466 0.079826
0 0.7659499999999999 0.29763800000000007 0.106466 0.079826
0 0.524 0.31188799999999994 0.106466 0.079826
0 0.2833159999999999 0.32708800000000005 0.106466 0.079824
0 0.41759999999999997 0.47720000000000007 0.106466 0.079826
0 0.6633500000000001 0.45724999999999993 0.106466 0.079826
0 0.9154340000000001 0.5465500000000001 0.106466 0.079826
0 0.5645340000000001 0.620662 0.106466 0.079826
0 0.8106 0.707862 0.106466 0.079826
