0 0.6776359999999999 0.578646 0.017382 0.03125
0 0.4386920000000001 0.625546 0.021484 0.035156
0 0.46330000000000005 0.623724 0.021094 0.03724
0 0.4870319999999999 0.618646 0.019336 0.035938
0 0.5099800000000001 0.61448 0.01836 0.036458
0 0.5326360000000001 0.609662 0.016016 0.034636
0 0.5558780000000001 0.605104 0.017968 0.035938
0 0.576192 0.599636 0.015624 0.029688
0 0.59748 0.593386 0.015234 0.032292
0 0.618282 0.59052 0.014258 0.03125
0 0.6385940000000001 0.585704 0.013476 0.030468
0 0.658614 0.580626 0.01289 0.028646
0 0.3733599999999999 0.679714 0.019726 0.035678
0 0.3985540000000001 0.674376 0.018946 0.0375
0 0.42629000000000006 0.668776 0.019726 0.035678
0 0.451778 0.665652 0.01914 0.033072
0 0.47550800000000004 0.65849 0.016602 0.03073
0 0.49855399999999994 0.654584 0.01543 0.03125
0 0.5211140000000001 0.649636 0.015234 0.030208
0 0.544454 0.641954 0.01504 0.029428
0 0.5649599999999999 0.638438 0.01582 0.030208
0 0.5879099999999999 0.63427 0.013282 0.029688
0 0.6067579999999999 0.628282 0.01582 0.029688
0 0.6283399999999999 0.624114 0.014454 0.03125
0 0.6485540000000001 0.619036 0.014258 0.027864
0 0.6671100000000001 0.61474 0.013476 0.029166
0 0.687324 0.612396 0.014454 0.029166
0 0.7033400000000001 0.605756 0.014454 0.033072
0 0.721894 0.601328 0.014454 0.032552
0 0.364082 0.726068 0.021484 0.036718
0 0.39113200000000004 0.720078 0.019726 0.033072
0 0.41535199999999994 0.71487 0.019336 0.035678
0 0.44123 0.709532 0.01914 0.034374
0 0.4646680000000001 0.703282 0.017578 0.034896
0 0.3514839999999999 0.772422 0.020508 0.034114
0 0.37824199999999997 0.765912 0.018554 0.032032
0 0.4021680000000001 0.759662 0.01875 0.032552
0 0.4278519999999999 0.75289 0.018946 0.033594
0 0.4527540000000001 0.74612 0.016796 0.033072
0 0.4759960000000001 0.740652 0.017578 0.032552
0 0.48751999999999995 0.697682 0.015234 0.033072
0 0.498262 0.736354 0.016796 0.032812
0 0.51125 0.692214 0.017382 0.033594
0 0.5221880000000001 0.72789 0.017774 0.034114
0 0.5341020000000001 0.686744 0.01582 0.032032
0 0.5437700000000001 0.722552 0.014844 0.03073
0 0.5552919999999999 0.682058 0.014062 0.03151
0 0.564864 0.716302 0.014454 0.03177
0 0.5772660000000001 0.676328 0.01582 0.03151
0 0.585664 0.712396 0.014258 0.032812
0 0.5982620000000001 0.67125 0.014454 0.032292
0 0.618282 0.66461 0.014648 0.029948
0 0.6062700000000001 0.704974 0.015234 0.028906
0 0.62707 0.701198 0.013868 0.03177
0 0.6385940000000001 0.65927 0.013868 0.028646
0 0.64621 0.695208 0.013476 0.03073
0 0.6585160000000001 0.655886 0.01504 0.028646
0 0.6665239999999999 0.691042 0.013868 0.029688
0 0.67668 0.65198 0.013868 0.028124
0 0.6841999999999999 0.687136 0.014844 0.03125
0 0.6963079999999999 0.64625 0.014062 0.028126
0 0.703818 0.680026 0.013458 0.030572
0 0.714472 0.64013 0.0125 0.025782
0 0.7223820000000001 0.676068 0.013868 0.03151
0 0.732734 0.636484 0.011914 0.025782
0 0.740254 0.670078 0.014062 0.029428
0 0.33955 0.817968 0.020508 0.03698
0 0.366368 0.81099 0.02129 0.03698
0 0.39087800000000006 0.803568 0.020704 0.035156
0 0.3264260000000001 0.862942 0.021094 0.035156
0 0.3534759999999999 0.855652 0.018946 0.036198
0 0.3789640000000001 0.846146 0.017578 0.033854
0 0.40376999999999996 0.840026 0.017578 0.035156
0 0.428868 0.831954 0.017382 0.033072
0 0.340684 0.901094 0.01914 0.033334
0 0.366074 0.8925 0.01875 0.033334
0 0.39283200000000007 0.883126 0.017968 0.03125
0 0.41568399999999994 0.875442 0.016796 0.029948
0 0.4157820000000001 0.796276 0.016602 0.030468
0 0.439708 0.789896 0.015624 0.029688
0 0.4647079999999999 0.781302 0.016796 0.029688
0 0.48687400000000003 0.776094 0.017382 0.033334
0 0.45220799999999994 0.824532 0.016406 0.03073
0 0.44001 0.86789 0.017012 0.027864
0 0.464024 0.860078 0.01621 0.029948
0 0.4740819999999999 0.816458 0.014062 0.028646
0 0.4870699999999999 0.852786 0.014648 0.029428
0 0.49849600000000005 0.812682 0.015234 0.033072
0 0.510996 0.770104 0.014844 0.030208
0 0.5323819999999999 0.762812 0.01543 0.032292
0 0.5536719999999999 0.756954 0.013476 0.028906
0 0.5767180000000001 0.751744 0.01582 0.029428
0 0.5958600000000001 0.74263 0.01504 0.025782
0 0.5216400000000001 0.807084 0.01504 0.03125
0 0.543614 0.800052 0.016796 0.032292
0 0.5648040000000001 0.791954 0.016602 0.031198
0 0.5858699999999999 0.78573 0.01459 0.03073
0 0.5097259999999999 0.846016 0.01543 0.029948
0 0.532578 0.841068 0.019336 0.032552
0 0.5531839999999999 0.832994 0.016016 0.030468
0 0.575742 0.827916 0.018164 0.034896
0 0.596446 0.821016 0.019336 0.032032
0 0.6060160000000001 0.78 0.017774 0.032292
0 0.6167579999999999 0.740026 0.013868 0.027344
0 0.637364 0.734948 0.013672 0.027604
0 0.656406 0.727786 0.013086 0.028386
0 0.6756439999999999 0.72362 0.014454 0.026302
0 0.6264259999999999 0.77414 0.013672 0.027864
0 0.6449800000000001 0.76802 0.013282 0.026562
0 0.6649020000000001 0.762162 0.013282 0.027344
0 0.617246 0.816328 0.016796 0.030468
0 0.6361920000000001 0.808516 0.015234 0.032032
0 0.654844 0.802786 0.013868 0.030468
0 0.6751560000000001 0.797448 0.01543 0.03125
0 0.695244 0.71802 0.012246 0.028126
0 0.712852 0.712552 0.01504 0.028124
0 0.7304299999999999 0.706302 0.013476 0.02448
0 0.7492780000000001 0.700964 0.014062 0.026822
0 0.6837500000000001 0.75513 0.013868 0.028906
0 0.70289 0.749402 0.013476 0.027864
0 0.720664 0.744454 0.013476 0.027344
0 0.7392179999999999 0.741458 0.01621 0.029166
0 0.7556240000000001 0.733386 0.01504 0.027084
0 0.691954 0.789506 0.013868 0.027864
0 0.71129 0.783126 0.01543 0.028646
0 0.7281839999999999 0.774532 0.013672 0.029166
0 0.74498 0.77362 0.014454 0.027344
0 0.553282 0.981666 0.014648 0.032552
0 0.5639259999999999 0.941042 0.014454 0.029428
0 0.5732999999999999 0.973594 0.014844 0.029948
0 0.563828 0.868386 0.017382 0.03099
0 0.5750580000000001 0.900416 0.015234 0.029428
0 0.5838479999999999 0.933098 0.014454 0.027604
0 0.593418 0.965782 0.014062 0.027864
0 0.584336 0.860052 0.013086 0.027864
0 0.595078 0.893386 0.014258 0.028386
0 0.603672 0.925678 0.013476 0.027344
0 0.614512 0.95888 0.014454 0.030208
0 0.6046480000000001 0.854322 0.014258 0.02474
0 0.6149020000000001 0.884792 0.01289 0.027344
0 0.623594 0.847812 0.013086 0.028386
0 0.6447860000000001 0.84 0.013282 0.02526
0 0.6341019999999999 0.880234 0.014766 0.028126
0 0.6220319999999999 0.918516 0.012656 0.024688
0 0.63375 0.950078 0.013126 0.029062
0 0.6420699999999999 0.912422 0.01289 0.02625
0 0.650976 0.941172 0.012422 0.0275
0 0.6533199999999999 0.870704 0.012422 0.024688
0 0.660704 0.903984 0.012188 0.024376
0 0.669492 0.933984 0.013828 0.0275
0 0.6637500000000001 0.833516 0.013126 0.025938
0 0.6816800000000001 0.826796 0.01336 0.025
0 0.6999599999999999 0.82164 0.01336 0.025312
0 0.717422 0.81414 0.010782 0.025312
0 0.735938 0.80836 0.013124 0.025
0 0.7517579999999999 0.800546 0.010546 0.02625
0 0.76875 0.79414 0.011718 0.025312
0 0.6740619999999999 0.864766 0.014532 0.025938
0 0.6805079999999999 0.897578 0.01336 0.025312
0 0.687422 0.926016 0.013126 0.027188
0 0.69129 0.85914 0.012422 0.023438
0 0.698204 0.890234 0.013594 0.025624
0 0.7064060000000001 0.918672 0.012656 0.028126
0 0.7091019999999999 0.852422 0.010546 0.023124
0 0.715546 0.88414 0.012188 0.024688
0 0.723632 0.912422 0.01289 0.028124
0 0.726094 0.845546 0.01125 0.024376
0 0.732656 0.87664 0.013126 0.025312
0 0.7408600000000001 0.905234 0.013594 0.025624
0 0.757968 0.898204 0.012656 0.026562
0 0.7490619999999999 0.871016 0.011718 0.024062
0 0.743204 0.839922 0.01125 0.024374
0 0.7587900000000001 0.832422 0.010546 0.025
0 0.7755460000000001 0.825704 0.012188 0.024688
0 0.7662899999999999 0.86211 0.011016 0.02375
0 0.77332 0.891328 0.012422 0.024688
0 0.3012699999999999 0.951822 0.020118 0.034896
0 0.32759800000000006 0.944558 0.01914 0.033854
0 0.3529880000000001 0.935052 0.017968 0.033594
0 0.37945399999999996 0.926198 0.018164 0.033072
0 0.4035740000000001 0.916954 0.017968 0.033854
0 0.42867199999999994 0.909402 0.016992 0.033334
0 0.3404879999999999 0.981016 0.017968 0.034896
0 0.36783199999999994 0.97073 0.01914 0.034114
0 0.39244199999999996 0.962916 0.017188 0.034636
0 0.41646399999999995 0.95289 0.016796 0.03177
0 0.44127000000000005 0.947032 0.015624 0.030468
0 0.4530559999999999 0.981132 0.015762 0.032006
0 0.45318400000000003 0.905104 0.017578 0.033072
0 0.4768159999999999 0.897682 0.017578 0.032292
0 0.49742200000000003 0.889348 0.01582 0.029688
0 0.46558600000000006 0.938698 0.017774 0.028386
0 0.4881439999999999 0.930364 0.015624 0.028906
0 0.47691400000000006 0.97164 0.01543 0.027604
0 0.501036 0.963438 0.016016 0.027864
0 0.5107999999999999 0.92177 0.015624 0.029428
0 0.520078 0.881928 0.017774 0.030468
0 0.541464 0.876328 0.016406 0.029166
0 0.5311140000000001 0.91526 0.015624 0.027864
0 0.5536719999999999 0.907058 0.014648 0.029688
0 0.5221279999999999 0.956406 0.016796 0.028906
0 0.543418 0.947552 0.014844 0.028906
0 0.722226 0.975066 0.015468 0.03112
0 0.7400880000000001 0.970196 0.017442 0.03487
0 0.756542 0.96082 0.014336 0.03039
0 0.7728520000000001 0.957812 0.014922 0.029636
