0 0.04892399999999997 0.814174 0.054946 0.028828
0 0.1128579999999999 0.81445 0.048924 0.032632
0 0.1752959999999999 0.813624 0.059956 0.032082
0 0.2357579999999999 0.812812 0.050946 0.029354
0 0.047428000000000026 0.848972 0.059956 0.027752
0 0.11336199999999996 0.849114 0.050814 0.025358
0 0.17371399999999992 0.84866 0.054946 0.026268
0 0.2386600000000001 0.847764 0.051648 0.026292
0 0.3006819999999999 0.846626 0.05077 0.027656
0 0.36481399999999997 0.84549 0.05244 0.02902
0 0.42725199999999997 0.845538 0.052484 0.029832
0 0.49261599999999994 0.87768 0.054946 0.028086
0 0.0496700000000001 0.881746 0.053274 0.027178
0 0.11626399999999992 0.88152 0.048264 0.027632
0 0.1744619999999999 0.881064 0.047472 0.026292
0 0.239406 0.88061 0.05077 0.02902
0 0.29977999999999994 0.881064 0.049934 0.02811
0 0.363054 0.879474 0.05499 0.026746
0 0.4275819999999999 0.879474 0.05745 0.026746
0 0.051647999999999916 0.91573 0.053274 0.024904
0 0.1136919999999999 0.915276 0.049098 0.025814
0 0.17571399999999993 0.91506 0.051648 0.025382
0 0.23731799999999992 0.913456 0.053274 0.02945
0 0.30103199999999997 0.913242 0.049098 0.025382
0 0.366374 0.912788 0.051604 0.02811
0 0.49044 0.911878 0.049978 0.029928
0 0.553296 0.910072 0.05244 0.029904
0 0.052902000000000005 0.948816 0.05745 0.031268
0 0.11575800000000003 0.949044 0.049978 0.029904
0 0.17571399999999993 0.948362 0.05499 0.030358
0 0.238572 0.94768 0.05244 0.027178
0 0.3022640000000001 0.946316 0.049978 0.029904
0 0.363472 0.945418 0.050814 0.0272
0 0.4267479999999999 0.944964 0.05244 0.02811
0 0.4883740000000001 0.944964 0.05411 0.0272
0 0.5541320000000001 0.943374 0.05411 0.027656
0 0.6178459999999999 0.941794 0.053274 0.031722
0 0.050418000000000074 0.98189 0.050814 0.027656
0 0.11077000000000004 0.981662 0.054946 0.02811
0 0.17487999999999992 0.982572 0.053318 0.02902
0 0.24024200000000007 0.982572 0.05244 0.029928
0 0.30415400000000004 0.980754 0.050858 0.030838
0 0.36661600000000005 0.980754 0.054374 0.033374
0 0.4273180000000001 0.98091 0.05323 0.03177
0 0.4900659999999999 0.978864 0.054946 0.030838
0 0.5525059999999999 0.976662 0.054902 0.030838
0 0.6184179999999999 0.978242 0.053802 0.034618
0 0.679692 0.978948 0.053186 0.035886
